"배송년월일","송하인_시명","송하인_시코드","송하인_구명","송하인_구코드","수하인_시명","수하인_시코드","수하인_구명","수하인_구코드","대분류_착지물동량 가구/인테리어","대분류_착지물동량 기타","대분류_착지물동량 도서/음반","대분류_착지물동량 디지털/가전","대분류_착지물동량 생활/건강","대분류_착지물동량 스포츠/레저","대분류_착지물동량 식품","대분류_착지물동량 출산/육아","대분류_착지물동량 패션의류","대분류_착지물동량 패션잡화","대분류_착지물동량 화장품/미용"
20230301,서울특별시,11,중랑구,11260,서울특별시,11,관악구,11620,0,4,0,0,0,0,0,0,0,0,0
20230301,서울특별시,11,중랑구,11260,서울특별시,11,동작구,11590,0,0,0,0,0,0,0,0,0,0,0
20230301,서울특별시,11,중랑구,11260,서울특별시,11,영등포구,11560,0,4,0,0,0,0,0,0,0,0,0
20230301,서울특별시,11,중랑구,11260,서울특별시,11,금천구,11545,0,0,0,0,0,0,0,0,0,0,0
20230301,서울특별시,11,중랑구,11260,서울특별시,11,구로구,11530,0,0,0,0,0,0,0,0,0,0,0
20230301,서울특별시,11,중랑구,11260,서울특별시,11,강서구,11500,0,5,0,0,0,0,0,0,0,0,0
20230301,서울특별시,11,중랑구,11260,서울특별시,11,양천구,11470,0,0,0,0,0,0,0,0,0,0,0
20230301,서울특별시,11,중랑구,11260,서울특별시,11,마포구,11440,0,0,0,0,0,0,0,0,0,0,0
20230301,서울특별시,11,중랑구,11260,서울특별시,11,서대문구,11410,0,0,0,0,0,0,0,0,0,0,0
20230301,서울특별시,11,중랑구,11260,서울특별시,11,은평구,11380,0,3,0,0,0,0,0,0,0,0,0
20230301,서울특별시,11,중랑구,11260,서울특별시,11,강북구,11305,0,3,0,0,0,0,0,0,0,0,0
20230301,서울특별시,11,중랑구,11260,서울특별시,11,성북구,11290,0,0,0,0,0,0,0,0,0,0,0
20230301,서울특별시,11,중랑구,11260,서울특별시,11,중랑구,11260,0,0,0,0,0,0,0,0,0,0,0
20230301,서울특별시,11,중랑구,11260,서울특별시,11,동대문구,11230,0,0,0,0,0,0,0,0,0,0,0
20230301,서울특별시,11,중랑구,11260,서울특별시,11,광진구,11215,0,4,0,0,0,0,0,0,0,0,0
20230301,서울특별시,11,중랑구,11260,서울특별시,11,용산구,11170,0,0,0,0,0,0,0,0,0,0,0
20230301,서울특별시,11,강서구,11500,서울특별시,11,종로구,11110,0,0,0,0,0,0,0,0,0,0,0
20230301,서울특별시,11,강서구,11500,서울특별시,11,중구,11140,0,0,0,0,0,0,0,0,7,23,4
20230301,서울특별시,11,금천구,11545,서울특별시,11,강동구,11740,0,0,0,0,0,12,6,17,66,31,17
20230301,서울특별시,11,금천구,11545,서울특별시,11,송파구,11710,0,0,0,3,8,5,7,20,74,37,40
20230301,서울특별시,11,금천구,11545,서울특별시,11,강남구,11680,3,0,0,0,8,6,7,16,70,32,55
20230301,서울특별시,11,금천구,11545,서울특별시,11,서초구,11650,0,3,0,0,6,0,3,13,46,37,20
20230301,서울특별시,11,금천구,11545,서울특별시,11,관악구,11620,0,0,0,0,0,6,4,8,47,15,17
20230301,서울특별시,11,금천구,11545,서울특별시,11,동작구,11590,0,0,0,3,3,0,0,11,31,20,13
20230301,서울특별시,11,금천구,11545,서울특별시,11,영등포구,11560,0,0,0,0,5,0,0,17,38,32,18
20230301,서울특별시,11,금천구,11545,서울특별시,11,금천구,11545,0,0,0,0,0,0,0,8,30,16,9
20230301,서울특별시,11,금천구,11545,서울특별시,11,구로구,11530,0,0,0,0,5,4,3,9,44,29,14
20230301,서울특별시,11,금천구,11545,서울특별시,11,강서구,11500,3,0,0,0,7,3,4,16,50,46,22
20230301,서울특별시,11,금천구,11545,서울특별시,11,양천구,11470,0,0,0,0,4,4,4,9,55,27,31
20230301,서울특별시,11,금천구,11545,서울특별시,11,마포구,11440,0,0,0,0,3,3,0,11,46,32,23
20230301,서울특별시,11,금천구,11545,서울특별시,11,서대문구,11410,0,0,0,0,0,0,3,9,33,22,8
20230301,서울특별시,11,강동구,11740,서울특별시,11,노원구,11350,0,0,0,0,15,0,0,0,0,0,0
20230301,서울특별시,11,금천구,11545,서울특별시,11,은평구,11380,0,0,0,0,4,5,0,12,35,33,15
20230301,서울특별시,11,금천구,11545,서울특별시,11,노원구,11350,0,0,0,0,5,0,0,8,51,31,12
20230301,서울특별시,11,금천구,11545,서울특별시,11,도봉구,11320,0,0,0,0,0,0,0,5,26,19,9
20230301,서울특별시,11,금천구,11545,서울특별시,11,강북구,11305,0,0,0,0,0,3,0,4,25,11,5
20230301,서울특별시,11,금천구,11545,서울특별시,11,성북구,11290,0,0,0,0,0,3,5,9,40,37,17
20230301,서울특별시,11,금천구,11545,서울특별시,11,중랑구,11260,0,0,0,0,0,0,5,7,29,17,6
20230301,서울특별시,11,금천구,11545,서울특별시,11,동대문구,11230,0,0,0,0,3,0,0,7,25,18,14
20230301,서울특별시,11,금천구,11545,서울특별시,11,광진구,11215,0,0,0,0,3,5,4,7,39,18,16
20230301,서울특별시,11,금천구,11545,서울특별시,11,성동구,11200,3,0,0,0,5,0,0,14,29,14,20
20230301,서울특별시,11,금천구,11545,서울특별시,11,용산구,11170,0,0,0,0,0,5,3,9,18,12,11
20230301,서울특별시,11,금천구,11545,서울특별시,11,중구,11140,0,0,0,0,3,0,0,4,9,15,6
20230301,서울특별시,11,금천구,11545,서울특별시,11,종로구,11110,0,0,0,0,0,4,4,6,11,7,9
20230301,서울특별시,11,노원구,11350,서울특별시,11,용산구,11170,0,0,0,0,0,0,0,0,0,0,0
20230301,서울특별시,11,노원구,11350,서울특별시,11,중구,11140,0,0,0,0,0,0,0,0,0,0,0
20230301,서울특별시,11,강동구,11740,서울특별시,11,도봉구,11320,0,0,0,0,0,0,0,24,0,0,0
20230301,서울특별시,11,강동구,11740,서울특별시,11,강북구,11305,0,0,0,0,3,0,0,0,0,0,0
20230301,서울특별시,11,강동구,11740,서울특별시,11,성북구,11290,0,0,0,0,3,0,0,0,0,0,0
20230301,서울특별시,11,강동구,11740,서울특별시,11,중랑구,11260,0,0,0,0,7,0,0,0,0,0,0
20230301,서울특별시,11,강동구,11740,서울특별시,11,동대문구,11230,0,0,0,0,4,0,0,0,0,0,0
20230301,서울특별시,11,강동구,11740,서울특별시,11,광진구,11215,0,0,0,0,7,0,0,0,0,0,0
20230301,서울특별시,11,강동구,11740,서울특별시,11,성동구,11200,0,0,0,0,4,0,0,0,0,0,0
20230301,서울특별시,11,강동구,11740,서울특별시,11,용산구,11170,0,0,0,0,6,0,0,0,0,0,0
20230301,서울특별시,11,강동구,11740,서울특별시,11,중구,11140,0,0,0,0,6,0,0,0,0,0,0
20230301,서울특별시,11,강동구,11740,서울특별시,11,종로구,11110,0,0,0,0,3,0,0,0,0,0,0
20230301,서울특별시,11,영등포구,11560,서울특별시,11,종로구,11110,0,0,0,0,0,0,0,0,0,0,0
20230301,서울특별시,11,영등포구,11560,서울특별시,11,중구,11140,0,0,0,0,0,0,4,0,0,0,0
20230301,서울특별시,11,영등포구,11560,서울특별시,11,용산구,11170,0,0,0,0,5,0,5,0,0,0,0
20230301,서울특별시,11,영등포구,11560,서울특별시,11,성동구,11200,0,0,0,0,5,0,6,0,0,0,0
20230301,서울특별시,11,영등포구,11560,서울특별시,11,광진구,11215,0,0,0,0,0,0,3,0,0,0,0
20230301,서울특별시,11,영등포구,11560,서울특별시,11,동대문구,11230,0,0,0,0,4,0,0,0,0,0,0
20230301,서울특별시,11,영등포구,11560,서울특별시,11,중랑구,11260,0,0,0,0,3,0,0,0,0,0,0
20230301,서울특별시,11,영등포구,11560,서울특별시,11,성북구,11290,0,0,0,0,0,0,0,0,0,0,0
20230301,서울특별시,11,영등포구,11560,서울특별시,11,강북구,11305,0,0,0,0,0,0,0,0,0,0,0
20230301,서울특별시,11,영등포구,11560,서울특별시,11,도봉구,11320,0,0,0,0,0,0,0,0,0,0,0
20230301,서울특별시,11,영등포구,11560,서울특별시,11,노원구,11350,0,0,0,0,0,0,0,0,0,0,0
20230301,서울특별시,11,영등포구,11560,서울특별시,11,은평구,11380,0,0,0,0,0,0,3,0,0,0,0
20230301,서울특별시,11,영등포구,11560,서울특별시,11,서대문구,11410,0,0,0,0,8,0,3,0,0,0,0
20230301,서울특별시,11,영등포구,11560,서울특별시,11,마포구,11440,0,0,0,0,5,0,0,0,0,0,0
20230301,서울특별시,11,영등포구,11560,서울특별시,11,양천구,11470,0,0,0,0,3,0,0,0,0,0,0
20230301,서울특별시,11,영등포구,11560,서울특별시,11,강서구,11500,0,0,0,0,0,0,0,0,0,0,0
20230301,서울특별시,11,영등포구,11560,서울특별시,11,구로구,11530,0,0,0,0,3,0,0,0,0,0,0
20230301,서울특별시,11,영등포구,11560,서울특별시,11,동작구,11590,0,0,0,0,0,0,0,0,0,0,0
20230301,서울특별시,11,영등포구,11560,서울특별시,11,관악구,11620,0,0,0,0,0,0,0,0,0,0,0
20230301,서울특별시,11,영등포구,11560,서울특별시,11,서초구,11650,0,0,0,0,7,0,0,0,0,0,0
20230301,서울특별시,11,영등포구,11560,서울특별시,11,강남구,11680,0,0,0,0,4,0,3,0,0,0,0
20230301,서울특별시,11,영등포구,11560,서울특별시,11,송파구,11710,0,4,0,0,0,0,3,0,0,0,0
20230301,서울특별시,11,영등포구,11560,서울특별시,11,강동구,11740,0,0,0,0,0,0,0,0,0,0,0
20230301,서울특별시,11,강서구,11500,서울특별시,11,용산구,11170,0,3,3,0,0,0,0,0,7,3,18
20230301,서울특별시,11,강서구,11500,서울특별시,11,성동구,11200,0,3,4,0,5,0,0,0,8,6,5
20230301,서울특별시,11,강서구,11500,서울특별시,11,광진구,11215,0,0,3,0,0,0,0,0,6,0,5
20230301,서울특별시,11,강서구,11500,서울특별시,11,동대문구,11230,0,0,0,0,5,0,0,0,7,11,8
20230301,서울특별시,11,강서구,11500,서울특별시,11,중랑구,11260,5,6,0,0,0,0,0,0,4,3,5
20230301,서울특별시,11,강서구,11500,서울특별시,11,성북구,11290,0,0,3,3,0,0,0,0,8,11,5
20230301,서울특별시,11,강서구,11500,서울특별시,11,강북구,11305,0,0,0,0,0,0,0,0,4,0,3
20230301,서울특별시,11,강서구,11500,서울특별시,11,도봉구,11320,0,0,0,0,0,0,0,0,0,7,0
20230301,서울특별시,11,강서구,11500,서울특별시,11,노원구,11350,3,0,0,0,0,0,0,0,4,9,4
20230301,서울특별시,11,강서구,11500,서울특별시,11,은평구,11380,0,3,0,0,0,0,0,0,0,7,3
20230301,서울특별시,11,강서구,11500,서울특별시,11,서대문구,11410,0,0,3,0,0,0,0,0,5,6,8
20230301,서울특별시,11,강서구,11500,서울특별시,11,마포구,11440,0,3,6,0,0,0,0,0,3,4,9
20230301,서울특별시,11,강서구,11500,서울특별시,11,양천구,11470,0,0,0,0,0,0,0,0,4,9,9
20230301,서울특별시,11,강서구,11500,서울특별시,11,강서구,11500,0,6,0,0,0,0,0,0,6,6,9
20230301,서울특별시,11,강서구,11500,서울특별시,11,구로구,11530,0,4,0,3,0,0,0,0,0,7,6
20230301,서울특별시,11,강서구,11500,서울특별시,11,금천구,11545,0,4,0,0,0,0,0,0,0,6,3
20230301,서울특별시,11,강서구,11500,서울특별시,11,영등포구,11560,0,0,6,0,0,0,0,0,0,23,12
20230301,서울특별시,11,강서구,11500,서울특별시,11,동작구,11590,0,0,4,0,0,0,0,0,3,3,10
20230301,서울특별시,11,강서구,11500,서울특별시,11,관악구,11620,0,0,0,0,0,0,0,0,0,12,5
20230301,서울특별시,11,강서구,11500,서울특별시,11,서초구,11650,0,0,10,0,4,0,0,0,4,6,17
20230301,서울특별시,11,강서구,11500,서울특별시,11,강남구,11680,0,0,3,3,0,0,0,3,7,22,18
20230301,서울특별시,11,강서구,11500,서울특별시,11,송파구,11710,0,4,5,0,3,0,0,0,8,16,13
20230301,서울특별시,11,강서구,11500,서울특별시,11,강동구,11740,3,3,5,0,0,0,0,0,3,7,11
20230301,서울특별시,11,서초구,11650,서울특별시,11,종로구,11110,0,0,0,0,0,0,0,0,0,0,0
20230301,서울특별시,11,서초구,11650,서울특별시,11,중구,11140,0,0,0,0,0,0,0,0,0,0,0
20230301,서울특별시,11,서초구,11650,서울특별시,11,용산구,11170,0,0,0,0,0,0,14,0,0,0,0
20230301,서울특별시,11,서초구,11650,서울특별시,11,성동구,11200,0,0,0,0,0,0,0,0,0,0,0
20230301,서울특별시,11,서초구,11650,서울특별시,11,동대문구,11230,0,0,0,0,0,0,0,0,0,0,0
20230301,서울특별시,11,서초구,11650,서울특별시,11,마포구,11440,0,0,0,0,0,0,0,0,0,0,0
20230301,서울특별시,11,서초구,11650,서울특별시,11,구로구,11530,0,0,0,0,0,0,0,0,0,0,0
20230301,서울특별시,11,서초구,11650,서울특별시,11,금천구,11545,0,0,0,0,0,0,0,0,0,0,0
20230301,서울특별시,11,서초구,11650,서울특별시,11,동작구,11590,0,0,0,0,0,0,7,0,0,0,0
20230301,서울특별시,11,서초구,11650,서울특별시,11,서초구,11650,0,8,0,0,23,0,163,0,0,0,0
20230301,서울특별시,11,서초구,11650,서울특별시,11,강남구,11680,0,0,0,0,0,0,21,0,0,0,0
20230301,서울특별시,11,성동구,11200,서울특별시,11,종로구,11110,0,0,0,0,5,0,0,0,0,0,47
20230301,서울특별시,11,성동구,11200,서울특별시,11,중구,11140,0,0,0,0,6,0,7,0,0,0,59
20230301,서울특별시,11,성동구,11200,서울특별시,11,용산구,11170,0,0,0,0,0,0,0,0,0,0,0
20230301,서울특별시,11,성동구,11200,서울특별시,11,광진구,11215,0,0,0,0,0,0,0,0,0,0,0
20230301,서울특별시,11,성동구,11200,서울특별시,11,동대문구,11230,0,0,0,0,3,0,6,0,0,0,92
20230301,서울특별시,11,성동구,11200,서울특별시,11,성북구,11290,0,0,0,0,10,0,11,0,0,0,109
20230301,서울특별시,11,성동구,11200,서울특별시,11,강북구,11305,0,0,0,0,0,0,0,0,0,0,0
20230301,서울특별시,11,성동구,11200,서울특별시,11,도봉구,11320,0,0,0,0,0,0,0,0,0,0,0
20230301,서울특별시,11,성동구,11200,서울특별시,11,노원구,11350,0,0,0,0,0,0,0,0,0,0,0
20230301,서울특별시,11,성동구,11200,서울특별시,11,서대문구,11410,0,0,0,0,0,0,0,0,0,0,0
20230301,서울특별시,11,성동구,11200,서울특별시,11,마포구,11440,0,0,0,0,0,0,0,0,0,0,0
20230301,서울특별시,11,성동구,11200,서울특별시,11,강서구,11500,0,0,0,0,0,0,0,0,0,0,0
20230301,서울특별시,11,송파구,11710,서울특별시,11,강동구,11740,0,4,0,0,0,0,0,0,0,0,0
20230301,서울특별시,11,송파구,11710,서울특별시,11,송파구,11710,0,27,0,0,0,0,0,0,0,0,0
20230301,서울특별시,11,송파구,11710,서울특별시,11,강남구,11680,0,26,0,0,0,0,0,0,0,0,0
20230301,서울특별시,11,송파구,11710,서울특별시,11,서초구,11650,0,4,0,0,0,0,0,0,0,0,0
20230301,서울특별시,11,송파구,11710,서울특별시,11,관악구,11620,0,0,0,0,0,0,0,0,0,0,0
20230301,서울특별시,11,송파구,11710,서울특별시,11,동작구,11590,0,0,0,0,0,0,0,0,0,0,0
20230301,서울특별시,11,송파구,11710,서울특별시,11,영등포구,11560,0,0,0,0,0,0,0,0,0,0,0
20230301,서울특별시,11,송파구,11710,서울특별시,11,금천구,11545,0,0,0,0,0,0,0,0,0,0,0
20230301,서울특별시,11,송파구,11710,서울특별시,11,마포구,11440,0,0,0,0,0,0,0,0,0,0,0
20230301,서울특별시,11,송파구,11710,서울특별시,11,서대문구,11410,0,0,0,0,0,0,0,0,0,0,0
20230301,서울특별시,11,송파구,11710,서울특별시,11,은평구,11380,0,0,0,0,0,0,0,0,0,0,0
20230301,서울특별시,11,송파구,11710,서울특별시,11,노원구,11350,0,3,0,0,0,0,0,0,0,0,0
20230301,서울특별시,11,송파구,11710,서울특별시,11,도봉구,11320,0,0,0,0,0,0,0,0,0,0,0
20230301,서울특별시,11,송파구,11710,서울특별시,11,성북구,11290,0,0,0,0,0,0,0,0,0,0,0
20230301,서울특별시,11,송파구,11710,서울특별시,11,동대문구,11230,0,3,0,0,0,0,0,0,0,0,0
20230301,서울특별시,11,송파구,11710,서울특별시,11,광진구,11215,0,5,0,0,0,0,0,0,0,0,0
20230301,서울특별시,11,송파구,11710,서울특별시,11,성동구,11200,0,0,0,0,0,0,0,0,0,0,0
20230301,서울특별시,11,송파구,11710,서울특별시,11,용산구,11170,0,0,0,0,0,0,0,0,0,0,0
20230301,서울특별시,11,송파구,11710,서울특별시,11,중구,11140,0,0,0,0,0,0,0,0,0,0,0
20230301,서울특별시,11,송파구,11710,서울특별시,11,종로구,11110,0,0,0,0,0,0,0,0,0,0,0
20230301,서울특별시,11,성동구,11200,서울특별시,11,구로구,11530,0,0,0,0,0,0,0,0,0,0,0
20230301,서울특별시,11,성동구,11200,서울특별시,11,영등포구,11560,0,0,0,0,3,0,0,0,0,0,0
20230301,서울특별시,11,성동구,11200,서울특별시,11,동작구,11590,0,0,0,0,0,0,0,0,0,0,0
20230301,서울특별시,11,성동구,11200,서울특별시,11,관악구,11620,0,0,0,0,0,0,0,0,0,0,0
20230301,서울특별시,11,성동구,11200,서울특별시,11,서초구,11650,0,0,0,0,3,0,0,0,0,0,0
20230301,서울특별시,11,성동구,11200,서울특별시,11,강남구,11680,0,0,0,0,3,0,0,0,0,0,0
20230301,서울특별시,11,성동구,11200,서울특별시,11,송파구,11710,0,0,0,0,0,0,0,0,0,0,0
20230301,서울특별시,11,성동구,11200,서울특별시,11,강동구,11740,0,0,0,0,0,0,0,0,0,0,0
20230301,서울특별시,11,용산구,11170,서울특별시,11,강동구,11740,0,0,0,4,0,0,0,0,0,0,0
20230301,서울특별시,11,광진구,11215,서울특별시,11,영등포구,11560,0,0,0,0,0,0,0,0,0,0,0
20230301,서울특별시,11,광진구,11215,서울특별시,11,금천구,11545,0,0,0,0,0,0,0,0,0,0,0
20230301,서울특별시,11,광진구,11215,서울특별시,11,구로구,11530,0,0,0,0,0,0,0,0,0,0,0
20230301,서울특별시,11,광진구,11215,서울특별시,11,강서구,11500,0,0,0,0,0,0,0,0,0,0,0
20230301,서울특별시,11,광진구,11215,서울특별시,11,양천구,11470,0,0,0,0,0,0,0,0,0,0,0
20230301,서울특별시,11,광진구,11215,서울특별시,11,노원구,11350,0,0,0,0,0,0,0,0,0,0,0
20230301,서울특별시,11,광진구,11215,서울특별시,11,성북구,11290,0,0,0,0,0,0,0,0,0,0,0
20230301,서울특별시,11,광진구,11215,서울특별시,11,성동구,11200,0,0,0,0,0,0,0,0,0,0,0
20230301,서울특별시,11,강동구,11740,서울특별시,11,강동구,11740,0,0,0,0,7,0,0,0,0,0,0
20230301,서울특별시,11,강동구,11740,서울특별시,11,송파구,11710,0,0,0,0,20,0,0,0,0,0,0
20230301,서울특별시,11,강동구,11740,서울특별시,11,강남구,11680,0,0,0,0,16,0,0,0,0,0,0
20230301,서울특별시,11,강동구,11740,서울특별시,11,서초구,11650,0,0,0,0,12,0,0,0,0,0,0
20230301,서울특별시,11,강동구,11740,서울특별시,11,관악구,11620,0,0,0,0,5,0,0,0,0,0,0
20230301,서울특별시,11,강동구,11740,서울특별시,11,동작구,11590,0,0,0,0,7,0,0,0,0,0,0
20230301,서울특별시,11,중구,11140,서울특별시,11,종로구,11110,0,5,0,0,0,0,0,0,0,0,0
20230301,서울특별시,11,중구,11140,서울특별시,11,중구,11140,0,12,0,0,0,0,0,0,0,0,0
20230301,서울특별시,11,중구,11140,서울특별시,11,용산구,11170,0,13,0,0,3,0,0,0,0,0,0
20230301,서울특별시,11,중구,11140,서울특별시,11,성동구,11200,0,0,0,0,0,0,0,0,0,0,0
20230301,서울특별시,11,중구,11140,서울특별시,11,성북구,11290,0,0,0,0,0,0,0,0,0,0,0
20230301,서울특별시,11,중구,11140,서울특별시,11,은평구,11380,0,0,0,0,0,0,0,0,0,0,0
20230301,서울특별시,11,중구,11140,서울특별시,11,마포구,11440,0,0,0,0,0,0,0,0,0,0,0
20230301,서울특별시,11,중구,11140,서울특별시,11,구로구,11530,0,0,0,0,0,0,0,0,0,0,0
20230301,서울특별시,11,중구,11140,서울특별시,11,영등포구,11560,0,0,0,0,0,0,0,0,0,0,0
20230301,서울특별시,11,중구,11140,서울특별시,11,동작구,11590,0,0,0,0,0,0,0,0,0,0,0
20230301,서울특별시,11,중구,11140,서울특별시,11,서초구,11650,0,0,0,0,0,0,0,0,0,0,0
20230301,서울특별시,11,중구,11140,서울특별시,11,강남구,11680,0,0,0,0,0,0,0,0,3,0,0
20230301,서울특별시,11,구로구,11530,서울특별시,11,종로구,11110,0,0,0,0,0,0,0,0,3,0,0
20230301,서울특별시,11,구로구,11530,서울특별시,11,중구,11140,0,0,0,0,0,0,0,0,0,0,0
20230301,서울특별시,11,구로구,11530,서울특별시,11,용산구,11170,0,0,0,0,0,0,0,0,0,0,0
20230301,서울특별시,11,구로구,11530,서울특별시,11,성동구,11200,0,0,0,0,0,0,0,0,3,0,0
20230301,서울특별시,11,구로구,11530,서울특별시,11,광진구,11215,0,0,0,0,0,0,0,0,4,0,0
20230301,서울특별시,11,구로구,11530,서울특별시,11,동대문구,11230,0,0,0,0,0,0,0,0,8,0,0
20230301,서울특별시,11,구로구,11530,서울특별시,11,중랑구,11260,0,0,0,0,0,0,0,0,3,0,0
20230301,서울특별시,11,성북구,11290,서울특별시,11,강동구,11740,0,0,0,0,0,0,0,0,0,0,0
20230301,서울특별시,11,성북구,11290,서울특별시,11,송파구,11710,0,0,0,0,0,0,0,0,0,0,0
20230301,서울특별시,11,성북구,11290,서울특별시,11,강남구,11680,0,0,0,0,0,0,0,0,0,0,0
20230301,서울특별시,11,성북구,11290,서울특별시,11,서초구,11650,0,0,0,0,0,0,0,0,0,0,0
20230301,서울특별시,11,성북구,11290,서울특별시,11,관악구,11620,0,0,0,0,0,0,0,0,0,0,0
20230301,서울특별시,11,성북구,11290,서울특별시,11,구로구,11530,0,0,0,0,0,0,0,0,0,0,0
20230301,서울특별시,11,성북구,11290,서울특별시,11,강서구,11500,0,0,0,0,0,0,0,0,0,0,0
20230301,서울특별시,11,성북구,11290,서울특별시,11,서대문구,11410,0,0,0,0,0,0,0,0,0,0,0
20230301,서울특별시,11,성북구,11290,서울특별시,11,성북구,11290,0,0,0,0,0,0,0,0,0,0,0
20230301,서울특별시,11,성북구,11290,서울특별시,11,중랑구,11260,0,0,0,0,0,0,0,0,0,0,0
20230301,서울특별시,11,용산구,11170,서울특별시,11,송파구,11710,0,0,0,5,0,0,0,0,0,0,0
20230301,서울특별시,11,용산구,11170,서울특별시,11,강남구,11680,0,0,0,11,0,0,0,0,0,0,0
20230301,서울특별시,11,용산구,11170,서울특별시,11,서초구,11650,0,0,0,10,0,0,0,0,0,0,0
20230301,서울특별시,11,용산구,11170,서울특별시,11,관악구,11620,0,0,0,9,0,0,0,0,0,0,0
20230301,서울특별시,11,용산구,11170,서울특별시,11,동작구,11590,0,0,0,3,0,0,0,0,0,0,0
20230301,서울특별시,11,용산구,11170,서울특별시,11,영등포구,11560,0,0,0,6,0,0,0,0,0,0,0
20230301,서울특별시,11,용산구,11170,서울특별시,11,금천구,11545,0,0,0,4,0,0,0,0,0,0,0
20230301,서울특별시,11,용산구,11170,서울특별시,11,구로구,11530,0,0,0,10,0,0,0,0,0,0,0
20230301,서울특별시,11,용산구,11170,서울특별시,11,강서구,11500,0,0,0,0,0,0,0,0,0,0,0
20230301,서울특별시,11,용산구,11170,서울특별시,11,양천구,11470,0,0,0,0,0,0,0,0,0,0,0
20230301,서울특별시,11,용산구,11170,서울특별시,11,마포구,11440,0,0,0,6,0,0,0,0,0,0,0
20230301,서울특별시,11,용산구,11170,서울특별시,11,서대문구,11410,0,0,0,7,0,0,0,0,0,0,0
20230301,서울특별시,11,용산구,11170,서울특별시,11,은평구,11380,0,0,0,4,0,0,0,0,0,0,0
20230301,서울특별시,11,용산구,11170,서울특별시,11,노원구,11350,0,0,0,0,0,0,0,0,0,0,0
20230301,서울특별시,11,용산구,11170,서울특별시,11,도봉구,11320,0,0,0,0,0,0,0,0,0,0,0
20230301,서울특별시,11,용산구,11170,서울특별시,11,강북구,11305,0,0,0,0,0,0,0,0,0,0,0
20230301,서울특별시,11,용산구,11170,서울특별시,11,성북구,11290,0,0,0,0,0,0,0,0,0,0,0
20230301,서울특별시,11,용산구,11170,서울특별시,11,중랑구,11260,0,0,0,0,0,0,0,0,0,0,0
20230301,서울특별시,11,용산구,11170,서울특별시,11,광진구,11215,0,0,0,5,0,0,0,0,0,0,0
20230301,서울특별시,11,용산구,11170,서울특별시,11,성동구,11200,0,0,0,4,0,0,0,0,0,0,0
20230301,서울특별시,11,용산구,11170,서울특별시,11,용산구,11170,0,0,0,0,0,0,0,0,0,0,0
20230301,서울특별시,11,용산구,11170,서울특별시,11,중구,11140,0,0,0,3,0,0,0,0,0,0,0
20230301,서울특별시,11,동작구,11590,서울특별시,11,강남구,11680,0,0,0,0,0,0,0,0,0,0,0
20230301,서울특별시,11,동작구,11590,서울특별시,11,서초구,11650,0,0,0,0,0,0,0,0,0,0,0
20230301,서울특별시,11,동작구,11590,서울특별시,11,관악구,11620,0,0,0,0,0,0,0,0,0,0,0
20230301,서울특별시,11,동작구,11590,서울특별시,11,동작구,11590,0,0,0,0,0,0,0,0,0,0,0
20230301,서울특별시,11,동작구,11590,서울특별시,11,양천구,11470,0,0,0,0,0,0,0,0,0,0,0
20230301,서울특별시,11,동작구,11590,서울특별시,11,은평구,11380,0,0,0,0,0,0,0,0,0,0,0
20230301,서울특별시,11,동작구,11590,서울특별시,11,노원구,11350,0,0,0,0,0,0,0,0,0,0,0
20230301,서울특별시,11,동작구,11590,서울특별시,11,도봉구,11320,0,0,0,0,0,0,0,0,0,0,0
20230301,서울특별시,11,동작구,11590,서울특별시,11,성북구,11290,0,0,0,0,0,0,0,0,0,0,0
20230301,서울특별시,11,성북구,11290,서울특별시,11,종로구,11110,0,0,0,0,0,0,0,0,0,0,0
20230301,서울특별시,11,성북구,11290,서울특별시,11,용산구,11170,0,0,0,0,0,0,0,0,0,0,0
20230301,서울특별시,11,성북구,11290,서울특별시,11,동대문구,11230,0,0,0,0,0,0,0,0,0,0,0
20230301,서울특별시,11,구로구,11530,서울특별시,11,성북구,11290,0,0,0,0,0,0,0,0,8,0,0
20230301,서울특별시,11,구로구,11530,서울특별시,11,강북구,11305,0,0,0,0,0,0,0,0,0,0,0
20230301,서울특별시,11,구로구,11530,서울특별시,11,도봉구,11320,0,0,0,0,0,0,0,0,3,0,0
20230301,서울특별시,11,구로구,11530,서울특별시,11,노원구,11350,0,0,0,0,0,0,0,0,14,0,0
20230301,서울특별시,11,구로구,11530,서울특별시,11,은평구,11380,0,0,0,0,0,0,0,0,8,0,0
20230301,서울특별시,11,구로구,11530,서울특별시,11,서대문구,11410,0,0,0,0,0,0,0,0,4,0,0
20230301,서울특별시,11,구로구,11530,서울특별시,11,마포구,11440,0,0,0,0,0,0,0,0,8,0,0
20230301,서울특별시,11,구로구,11530,서울특별시,11,양천구,11470,0,0,0,0,0,0,0,0,7,6,0
20230301,서울특별시,11,구로구,11530,서울특별시,11,강서구,11500,0,0,0,0,0,0,0,0,19,0,0
20230301,서울특별시,11,구로구,11530,서울특별시,11,구로구,11530,0,0,0,0,0,0,0,0,5,0,0
20230301,서울특별시,11,구로구,11530,서울특별시,11,금천구,11545,0,0,0,0,0,0,0,0,6,0,0
20230301,서울특별시,11,구로구,11530,서울특별시,11,영등포구,11560,0,0,0,0,0,0,0,0,7,0,0
20230301,서울특별시,11,구로구,11530,서울특별시,11,동작구,11590,0,0,0,0,0,0,0,0,0,0,0
20230301,서울특별시,11,구로구,11530,서울특별시,11,관악구,11620,0,0,0,0,0,0,0,0,3,0,0
20230301,서울특별시,11,구로구,11530,서울특별시,11,서초구,11650,0,0,0,0,0,0,0,0,4,0,0
20230301,서울특별시,11,구로구,11530,서울특별시,11,강남구,11680,0,0,0,0,0,0,0,0,5,0,0
20230301,서울특별시,11,구로구,11530,서울특별시,11,송파구,11710,0,0,0,0,3,0,0,0,16,0,0
20230301,서울특별시,11,구로구,11530,서울특별시,11,강동구,11740,0,0,0,0,0,0,0,0,7,0,0
20230301,서울특별시,11,중구,11140,서울특별시,11,송파구,11710,0,0,0,0,0,0,0,0,0,0,0
20230301,서울특별시,11,중구,11140,서울특별시,11,강동구,11740,0,0,0,0,0,0,0,0,0,0,0
20230301,서울특별시,11,강동구,11740,서울특별시,11,영등포구,11560,0,0,0,0,10,0,0,0,0,0,0
20230301,서울특별시,11,강동구,11740,서울특별시,11,금천구,11545,0,0,0,0,4,0,0,0,0,0,0
20230301,서울특별시,11,동대문구,11230,서울특별시,11,송파구,11710,0,0,0,0,0,0,0,0,0,0,0
20230301,서울특별시,11,강북구,11305,서울특별시,11,강남구,11680,0,0,0,0,0,0,0,0,0,0,0
20230301,서울특별시,11,강북구,11305,서울특별시,11,서초구,11650,0,0,0,0,0,0,0,0,0,0,0
20230301,서울특별시,11,강북구,11305,서울특별시,11,관악구,11620,0,0,0,0,0,0,0,0,0,0,0
20230301,서울특별시,11,강북구,11305,서울특별시,11,서대문구,11410,0,0,0,0,0,0,0,0,0,0,0
20230301,서울특별시,11,강북구,11305,서울특별시,11,광진구,11215,0,0,0,0,0,0,0,0,0,0,0
20230301,서울특별시,11,강북구,11305,서울특별시,11,성동구,11200,0,0,0,0,0,0,0,0,0,0,0
20230301,서울특별시,11,강북구,11305,서울특별시,11,중구,11140,0,0,0,0,0,0,0,0,0,0,0
20230301,서울특별시,11,강남구,11680,서울특별시,11,종로구,11110,0,0,0,0,0,0,0,0,0,3,0
20230301,서울특별시,11,강남구,11680,서울특별시,11,중구,11140,0,0,0,0,0,0,0,0,0,5,0
20230301,서울특별시,11,강남구,11680,서울특별시,11,용산구,11170,0,0,0,0,0,0,3,0,0,10,0
20230301,서울특별시,11,강남구,11680,서울특별시,11,성동구,11200,0,0,0,0,0,0,0,0,0,4,0
20230301,서울특별시,11,강남구,11680,서울특별시,11,광진구,11215,0,0,0,0,0,0,0,0,0,6,0
20230301,서울특별시,11,강남구,11680,서울특별시,11,동대문구,11230,0,3,0,0,0,0,0,0,0,27,0
20230301,서울특별시,11,강남구,11680,서울특별시,11,중랑구,11260,0,0,0,0,0,0,0,0,0,10,0
20230301,서울특별시,11,강남구,11680,서울특별시,11,성북구,11290,0,3,0,0,0,0,0,0,0,17,0
20230301,서울특별시,11,강남구,11680,서울특별시,11,강북구,11305,0,3,0,0,0,0,0,0,0,17,0
20230301,서울특별시,11,강남구,11680,서울특별시,11,도봉구,11320,0,0,0,0,0,0,0,0,0,21,0
20230301,서울특별시,11,강남구,11680,서울특별시,11,노원구,11350,0,0,0,0,0,0,0,0,0,17,0
20230301,서울특별시,11,강남구,11680,서울특별시,11,은평구,11380,0,0,0,0,0,0,0,0,0,10,0
20230301,서울특별시,11,강남구,11680,서울특별시,11,서대문구,11410,0,0,0,0,0,0,0,0,0,7,0
20230301,서울특별시,11,강남구,11680,서울특별시,11,마포구,11440,0,0,0,0,0,0,0,0,0,15,0
20230301,서울특별시,11,강남구,11680,서울특별시,11,양천구,11470,0,0,0,0,0,0,0,0,0,8,0
20230301,서울특별시,11,강남구,11680,서울특별시,11,강서구,11500,0,7,0,0,0,0,0,0,0,17,0
20230301,서울특별시,11,강남구,11680,서울특별시,11,구로구,11530,0,9,0,0,0,0,0,0,7,13,0
20230301,서울특별시,11,종로구,11110,서울특별시,11,서대문구,11410,0,0,0,0,0,0,0,0,0,0,0
20230301,서울특별시,11,종로구,11110,서울특별시,11,마포구,11440,0,0,3,0,0,0,0,0,0,0,0
20230301,서울특별시,11,종로구,11110,서울특별시,11,양천구,11470,0,0,0,0,0,0,0,0,0,0,0
20230301,서울특별시,11,종로구,11110,서울특별시,11,강서구,11500,0,0,3,0,0,0,0,0,0,0,0
20230301,서울특별시,11,종로구,11110,서울특별시,11,구로구,11530,0,0,0,0,0,0,0,0,0,0,0
20230301,서울특별시,11,종로구,11110,서울특별시,11,영등포구,11560,0,0,0,0,0,0,0,0,0,0,0
20230301,서울특별시,11,종로구,11110,서울특별시,11,동작구,11590,0,0,0,0,0,0,0,0,0,0,0
20230301,서울특별시,11,종로구,11110,서울특별시,11,관악구,11620,0,0,0,0,0,0,0,0,0,0,0
20230301,서울특별시,11,종로구,11110,서울특별시,11,서초구,11650,0,0,4,0,0,0,0,0,0,0,0
20230301,서울특별시,11,종로구,11110,서울특별시,11,강남구,11680,0,0,0,0,0,0,0,0,0,0,0
20230301,서울특별시,11,종로구,11110,서울특별시,11,송파구,11710,0,0,5,0,0,0,0,0,0,0,0
20230301,서울특별시,11,종로구,11110,서울특별시,11,강동구,11740,0,0,8,0,0,0,0,0,0,0,0
20230301,서울특별시,11,강남구,11680,서울특별시,11,금천구,11545,0,0,0,0,0,0,0,0,0,23,0
20230301,서울특별시,11,강남구,11680,서울특별시,11,영등포구,11560,0,0,0,0,0,0,0,0,0,10,0
20230301,서울특별시,11,강남구,11680,서울특별시,11,동작구,11590,0,3,0,0,0,0,0,0,0,9,0
20230301,서울특별시,11,강남구,11680,서울특별시,11,관악구,11620,0,4,0,0,0,0,0,0,6,19,0
20230301,서울특별시,11,강남구,11680,서울특별시,11,서초구,11650,0,0,0,0,5,0,9,0,0,6,101
20230301,서울특별시,11,강남구,11680,서울특별시,11,강남구,11680,0,3,0,0,8,0,10,0,5,7,111
20230301,서울특별시,11,강남구,11680,서울특별시,11,송파구,11710,0,0,0,0,11,0,9,0,3,10,141
20230301,서울특별시,11,강남구,11680,서울특별시,11,강동구,11740,0,0,0,0,0,0,0,0,0,7,0
20230301,서울특별시,11,도봉구,11320,서울특별시,11,종로구,11110,0,0,0,0,0,0,0,0,0,0,0
20230301,서울특별시,11,도봉구,11320,서울특별시,11,용산구,11170,0,0,0,0,0,0,0,0,0,0,0
20230301,서울특별시,11,도봉구,11320,서울특별시,11,노원구,11350,0,0,0,0,0,0,0,0,0,0,0
20230301,서울특별시,11,도봉구,11320,서울특별시,11,서대문구,11410,0,0,3,0,0,0,0,0,0,0,0
20230301,서울특별시,11,도봉구,11320,서울특별시,11,양천구,11470,0,0,0,0,0,0,0,0,0,0,0
20230301,서울특별시,11,마포구,11440,서울특별시,11,강동구,11740,0,7,0,0,0,0,0,0,0,0,0
20230301,서울특별시,11,마포구,11440,서울특별시,11,송파구,11710,0,4,0,0,0,0,0,0,0,0,0
20230301,서울특별시,11,마포구,11440,서울특별시,11,강남구,11680,0,3,0,0,0,0,0,0,0,0,0
20230301,서울특별시,11,마포구,11440,서울특별시,11,서초구,11650,0,0,0,0,0,0,0,0,0,0,0
20230301,서울특별시,11,마포구,11440,서울특별시,11,관악구,11620,0,3,0,0,0,0,0,0,0,0,0
20230301,서울특별시,11,마포구,11440,서울특별시,11,동작구,11590,0,3,0,0,0,0,0,0,0,0,0
20230301,서울특별시,11,마포구,11440,서울특별시,11,금천구,11545,0,0,0,0,0,0,0,0,0,0,0
20230301,서울특별시,11,마포구,11440,서울특별시,11,구로구,11530,0,0,0,0,0,0,0,0,0,0,0
20230301,서울특별시,11,마포구,11440,서울특별시,11,강서구,11500,0,4,0,0,0,0,0,0,0,0,0
20230301,서울특별시,11,마포구,11440,서울특별시,11,양천구,11470,0,0,0,0,0,0,0,0,0,0,0
20230301,서울특별시,11,종로구,11110,서울특별시,11,노원구,11350,0,0,0,0,0,0,0,0,0,0,0
20230301,서울특별시,11,종로구,11110,서울특별시,11,도봉구,11320,0,0,6,0,0,0,0,0,0,0,0
20230301,서울특별시,11,종로구,11110,서울특별시,11,강북구,11305,0,0,0,0,0,0,0,0,0,0,0
20230301,서울특별시,11,종로구,11110,서울특별시,11,성북구,11290,0,0,0,0,0,0,0,0,0,0,0
20230301,서울특별시,11,종로구,11110,서울특별시,11,중랑구,11260,0,0,0,0,0,0,0,0,0,0,0
20230301,서울특별시,11,종로구,11110,서울특별시,11,동대문구,11230,0,0,0,0,0,0,0,0,0,0,0
20230301,서울특별시,11,종로구,11110,서울특별시,11,성동구,11200,0,0,0,0,0,0,0,0,0,0,0
20230301,서울특별시,11,종로구,11110,서울특별시,11,용산구,11170,0,0,4,0,0,0,0,0,0,0,0
20230301,서울특별시,11,마포구,11440,서울특별시,11,마포구,11440,0,0,0,0,0,0,0,0,0,0,0
20230301,서울특별시,11,마포구,11440,서울특별시,11,서대문구,11410,0,0,0,0,0,0,0,0,0,0,0
20230301,서울특별시,11,마포구,11440,서울특별시,11,은평구,11380,0,4,0,0,0,0,0,0,0,0,0
20230301,서울특별시,11,마포구,11440,서울특별시,11,도봉구,11320,0,0,0,0,0,0,0,0,0,0,0
20230301,서울특별시,11,마포구,11440,서울특별시,11,강북구,11305,0,0,0,0,0,0,0,0,0,0,0
20230301,서울특별시,11,마포구,11440,서울특별시,11,성북구,11290,0,5,0,0,0,0,0,0,0,0,0
20230301,서울특별시,11,마포구,11440,서울특별시,11,중랑구,11260,0,3,0,0,0,0,0,0,0,0,0
20230301,서울특별시,11,마포구,11440,서울특별시,11,동대문구,11230,0,0,0,0,0,0,0,0,0,0,0
20230301,서울특별시,11,마포구,11440,서울특별시,11,광진구,11215,0,3,0,0,0,0,0,0,0,0,0
20230301,서울특별시,11,마포구,11440,서울특별시,11,성동구,11200,0,0,0,0,0,0,0,0,0,0,0
20230301,서울특별시,11,마포구,11440,서울특별시,11,용산구,11170,0,3,0,0,0,0,0,0,0,0,0
20230301,서울특별시,11,마포구,11440,서울특별시,11,종로구,11110,0,0,0,0,0,0,0,0,0,0,0
20230301,서울특별시,11,도봉구,11320,서울특별시,11,강서구,11500,0,0,0,0,0,0,0,0,0,0,0
20230301,서울특별시,11,도봉구,11320,서울특별시,11,동작구,11590,0,0,0,0,0,0,0,0,0,0,0
20230301,서울특별시,11,도봉구,11320,서울특별시,11,서초구,11650,0,0,3,0,0,0,0,0,0,0,0
20230301,서울특별시,11,도봉구,11320,서울특별시,11,강남구,11680,0,0,0,0,0,0,0,0,0,0,0
20230301,서울특별시,11,서대문구,11410,서울특별시,11,성북구,11290,0,0,0,0,0,0,0,0,0,0,0
20230301,서울특별시,11,관악구,11620,서울특별시,11,관악구,11620,0,0,0,3,8,0,5,0,0,0,111
20230301,서울특별시,11,관악구,11620,서울특별시,11,동작구,11590,0,0,0,0,8,0,10,0,0,0,80
20230301,서울특별시,11,관악구,11620,서울특별시,11,금천구,11545,0,0,0,0,5,0,3,0,0,0,58
20230301,서울특별시,11,관악구,11620,서울특별시,11,양천구,11470,0,0,0,0,0,0,0,0,0,0,0
20230301,서울특별시,11,관악구,11620,서울특별시,11,동대문구,11230,0,0,0,0,0,0,0,0,0,0,0
20230301,서울특별시,11,중랑구,11260,서울특별시,11,강동구,11740,0,0,0,0,0,0,0,0,0,0,0
20230301,서울특별시,11,종로구,11110,서울특별시,11,은평구,11380,0,0,5,0,0,0,0,0,0,0,0
20230301,서울특별시,11,강동구,11740,서울특별시,11,구로구,11530,0,0,0,0,11,0,0,0,0,0,0
20230301,서울특별시,11,강동구,11740,서울특별시,11,강서구,11500,0,0,0,0,7,0,0,3,0,0,0
20230301,서울특별시,11,강동구,11740,서울특별시,11,양천구,11470,0,0,0,0,11,0,0,0,0,0,0
20230301,서울특별시,11,강동구,11740,서울특별시,11,마포구,11440,0,0,0,0,5,0,0,0,0,0,0
20230301,서울특별시,11,강동구,11740,서울특별시,11,서대문구,11410,0,0,0,0,6,0,0,0,0,0,0
20230301,서울특별시,11,강동구,11740,서울특별시,11,은평구,11380,0,0,0,0,7,0,0,0,0,0,0
20230301,서울특별시,11,종로구,11110,서울특별시,11,종로구,11110,0,0,11,0,0,0,0,0,0,0,0
20230301,서울특별시,11,중랑구,11260,서울특별시,11,송파구,11710,0,3,0,0,0,0,0,0,0,0,0
20230301,서울특별시,11,중랑구,11260,서울특별시,11,강남구,11680,0,3,0,0,0,0,0,0,0,0,0
20230301,서울특별시,11,중랑구,11260,서울특별시,11,서초구,11650,0,0,0,0,0,0,0,0,0,0,0
20230302,서울특별시,11,영등포구,11560,서울특별시,11,강동구,11740,8,96,11,48,64,3,34,3,60,73,37
20230302,서울특별시,11,노원구,11350,서울특별시,11,서대문구,11410,7,33,11,18,60,7,36,15,53,10,11
20230302,서울특별시,11,강북구,11305,서울특별시,11,강동구,11740,3,20,7,10,20,4,10,6,105,16,14
20230302,서울특별시,11,강북구,11305,서울특별시,11,송파구,11710,7,30,14,23,31,0,15,10,149,17,22
20230302,서울특별시,11,강북구,11305,서울특별시,11,강남구,11680,7,43,11,16,32,7,28,6,123,19,20
20230302,서울특별시,11,강북구,11305,서울특별시,11,서초구,11650,3,27,9,14,12,0,14,8,99,15,16
20230302,서울특별시,11,강북구,11305,서울특별시,11,관악구,11620,0,28,7,15,23,0,8,10,127,18,12
20230302,서울특별시,11,강북구,11305,서울특별시,11,동작구,11590,7,19,9,5,15,0,9,6,92,16,14
20230302,서울특별시,11,강북구,11305,서울특별시,11,영등포구,11560,5,25,7,10,13,3,4,6,94,4,19
20230302,서울특별시,11,강북구,11305,서울특별시,11,금천구,11545,0,13,5,11,9,0,8,3,69,15,6
20230302,서울특별시,11,강북구,11305,서울특별시,11,구로구,11530,6,23,8,15,15,0,5,8,88,12,5
20230302,서울특별시,11,강북구,11305,서울특별시,11,강서구,11500,5,24,10,20,27,4,17,6,167,20,4
20230302,서울특별시,11,강북구,11305,서울특별시,11,양천구,11470,0,17,5,7,18,0,6,8,86,16,5
20230302,서울특별시,11,강북구,11305,서울특별시,11,마포구,11440,3,22,10,12,21,3,9,8,97,14,13
20230302,서울특별시,11,강북구,11305,서울특별시,11,서대문구,11410,0,13,5,6,12,0,5,5,90,14,4
20230302,서울특별시,11,강북구,11305,서울특별시,11,은평구,11380,3,16,7,15,24,7,10,5,91,15,8
20230302,서울특별시,11,강북구,11305,서울특별시,11,노원구,11350,0,33,11,15,18,0,10,0,100,16,5
20230302,서울특별시,11,강북구,11305,서울특별시,11,도봉구,11320,0,11,5,6,10,0,10,4,69,4,13
20230302,서울특별시,11,강북구,11305,서울특별시,11,강북구,11305,0,29,3,11,13,4,26,3,67,14,9
20230302,서울특별시,11,종로구,11110,서울특별시,11,서초구,11650,15,73,35,25,70,0,41,4,156,58,23
20230302,서울특별시,11,종로구,11110,서울특별시,11,관악구,11620,10,48,42,28,52,0,30,6,196,61,18
20230302,서울특별시,11,종로구,11110,서울특별시,11,동작구,11590,9,36,39,19,43,0,20,0,146,39,16
20230302,서울특별시,11,종로구,11110,서울특별시,11,영등포구,11560,16,44,38,22,54,4,22,9,132,62,14
20230302,서울특별시,11,종로구,11110,서울특별시,11,금천구,11545,5,39,17,15,24,0,20,3,97,42,7
20230302,서울특별시,11,종로구,11110,서울특별시,11,구로구,11530,7,38,30,18,42,4,25,6,122,39,15
20230302,서울특별시,11,강북구,11305,서울특별시,11,성북구,11290,6,29,17,15,14,3,12,4,139,17,8
20230302,서울특별시,11,강북구,11305,서울특별시,11,중랑구,11260,4,17,8,12,8,0,7,3,72,14,9
20230302,서울특별시,11,강북구,11305,서울특별시,11,동대문구,11230,3,16,3,7,20,0,4,6,103,12,5
20230302,서울특별시,11,강북구,11305,서울특별시,11,광진구,11215,0,18,5,7,12,3,10,0,107,12,6
20230302,서울특별시,11,강동구,11740,서울특별시,11,종로구,11110,8,27,5,14,27,3,45,3,22,19,8
20230302,서울특별시,11,강동구,11740,서울특별시,11,중구,11140,3,40,12,11,26,0,49,0,32,22,4
20230302,서울특별시,11,강동구,11740,서울특별시,11,용산구,11170,16,36,11,33,32,4,70,0,25,24,7
20230302,서울특별시,11,강동구,11740,서울특별시,11,성동구,11200,16,73,31,21,57,3,53,0,86,56,7
20230302,서울특별시,11,강동구,11740,서울특별시,11,광진구,11215,17,51,8,26,48,8,62,3,51,30,6
20230302,서울특별시,11,노원구,11350,서울특별시,11,마포구,11440,10,21,14,24,59,6,38,20,57,19,20
20230302,서울특별시,11,강북구,11305,서울특별시,11,성동구,11200,4,34,12,14,15,0,9,0,105,26,6
20230302,서울특별시,11,강북구,11305,서울특별시,11,용산구,11170,5,8,3,13,13,3,7,0,52,4,5
20230302,서울특별시,11,강북구,11305,서울특별시,11,중구,11140,0,16,5,4,7,0,5,0,38,9,4
20230302,서울특별시,11,강북구,11305,서울특별시,11,종로구,11110,0,13,8,4,6,0,0,0,39,8,5
20230302,서울특별시,11,강동구,11740,서울특별시,11,동대문구,11230,21,37,6,32,71,0,65,0,36,30,4
20230302,서울특별시,11,강동구,11740,서울특별시,11,중랑구,11260,18,36,7,20,44,5,39,0,38,31,6
20230302,서울특별시,11,강동구,11740,서울특별시,11,성북구,11290,15,34,12,29,59,4,81,0,51,39,7
20230302,서울특별시,11,강동구,11740,서울특별시,11,강북구,11305,9,26,6,15,31,6,38,0,25,24,11
20230302,서울특별시,11,강동구,11740,서울특별시,11,도봉구,11320,11,27,6,16,36,0,33,0,20,9,6
20230302,서울특별시,11,강동구,11740,서울특별시,11,노원구,11350,14,38,7,27,61,6,81,5,28,45,11
20230302,서울특별시,11,강동구,11740,서울특별시,11,은평구,11380,13,36,12,22,53,5,88,4,16,35,15
20230302,서울특별시,11,강동구,11740,서울특별시,11,서대문구,11410,12,31,7,26,43,5,53,5,26,38,6
20230302,서울특별시,11,강동구,11740,서울특별시,11,마포구,11440,20,46,17,32,69,14,126,0,49,42,9
20230302,서울특별시,11,강동구,11740,서울특별시,11,양천구,11470,13,44,8,21,64,7,61,0,29,45,7
20230302,서울특별시,11,강동구,11740,서울특별시,11,강서구,11500,17,64,15,60,96,13,90,9,51,51,16
20230302,서울특별시,11,종로구,11110,서울특별시,11,강서구,11500,8,62,38,28,58,4,27,12,234,87,29
20230302,서울특별시,11,종로구,11110,서울특별시,11,양천구,11470,7,41,25,16,53,5,20,8,127,60,18
20230302,서울특별시,11,종로구,11110,서울특별시,11,마포구,11440,16,75,57,29,64,5,31,5,193,59,25
20230302,서울특별시,11,종로구,11110,서울특별시,11,서대문구,11410,9,37,53,11,51,4,19,5,115,29,14
20230302,서울특별시,11,종로구,11110,서울특별시,11,은평구,11380,4,40,33,22,48,6,24,3,158,37,17
20230302,서울특별시,11,종로구,11110,서울특별시,11,노원구,11350,8,46,37,18,59,0,18,8,160,51,14
20230302,서울특별시,11,종로구,11110,서울특별시,11,도봉구,11320,6,24,26,8,25,0,14,4,96,21,8
20230302,서울특별시,11,종로구,11110,서울특별시,11,강북구,11305,3,32,21,18,22,4,19,3,91,30,10
20230302,서울특별시,11,종로구,11110,서울특별시,11,성북구,11290,17,42,45,18,45,0,29,5,164,50,18
20230302,서울특별시,11,종로구,11110,서울특별시,11,중랑구,11260,11,39,21,14,32,0,17,6,139,49,18
20230302,서울특별시,11,종로구,11110,서울특별시,11,동대문구,11230,12,41,46,18,34,4,20,0,165,51,19
20230302,서울특별시,11,종로구,11110,서울특별시,11,광진구,11215,5,39,22,20,37,3,13,6,177,42,18
20230302,서울특별시,11,종로구,11110,서울특별시,11,성동구,11200,5,45,42,14,45,0,21,5,197,63,9
20230302,서울특별시,11,종로구,11110,서울특별시,11,용산구,11170,4,29,31,18,42,0,16,0,99,35,13
20230302,서울특별시,11,종로구,11110,서울특별시,11,중구,11140,8,42,23,11,50,0,13,0,106,21,12
20230302,서울특별시,11,종로구,11110,서울특별시,11,종로구,11110,9,21,31,16,24,0,37,0,103,22,8
20230302,서울특별시,11,동작구,11590,서울특별시,11,강동구,11740,8,16,36,31,43,11,47,8,60,23,23
20230302,서울특별시,11,동작구,11590,서울특별시,11,송파구,11710,17,27,65,35,61,18,80,15,83,33,42
20230302,서울특별시,11,동작구,11590,서울특별시,11,강남구,11680,15,54,103,55,61,13,97,7,101,38,37
20230302,서울특별시,11,동작구,11590,서울특별시,11,서초구,11650,13,30,84,39,46,11,91,7,68,20,30
20230302,서울특별시,11,동작구,11590,서울특별시,11,관악구,11620,12,35,67,26,76,13,72,4,78,19,27
20230302,서울특별시,11,동작구,11590,서울특별시,11,동작구,11590,16,25,60,23,55,11,189,7,75,26,27
20230302,서울특별시,11,동작구,11590,서울특별시,11,영등포구,11560,13,24,42,28,40,7,56,7,65,25,22
20230302,서울특별시,11,동작구,11590,서울특별시,11,금천구,11545,3,16,25,13,30,0,47,5,66,17,7
20230302,서울특별시,11,동작구,11590,서울특별시,11,구로구,11530,8,14,32,24,43,10,49,8,49,20,26
20230302,서울특별시,11,동작구,11590,서울특별시,11,강서구,11500,8,24,43,44,48,9,60,10,115,31,35
20230302,서울특별시,11,동작구,11590,서울특별시,11,양천구,11470,10,30,54,19,32,4,37,5,60,25,18
20230302,서울특별시,11,동작구,11590,서울특별시,11,마포구,11440,16,23,50,35,44,7,39,9,85,27,39
20230302,서울특별시,11,동작구,11590,서울특별시,11,서대문구,11410,5,10,48,25,25,4,41,4,66,13,24
20230302,서울특별시,11,동작구,11590,서울특별시,11,은평구,11380,0,9,36,20,49,3,58,9,55,26,27
20230302,서울특별시,11,동작구,11590,서울특별시,11,노원구,11350,10,20,52,29,45,9,58,13,68,22,25
20230302,서울특별시,11,동작구,11590,서울특별시,11,도봉구,11320,4,7,17,17,31,0,37,0,26,16,13
20230302,서울특별시,11,동작구,11590,서울특별시,11,강북구,11305,3,10,17,10,23,4,35,0,43,15,20
20230302,서울특별시,11,동작구,11590,서울특별시,11,성북구,11290,8,20,63,20,37,9,54,3,100,27,21
20230302,서울특별시,11,동작구,11590,서울특별시,11,중랑구,11260,8,14,25,13,26,0,45,0,52,19,18
20230302,서울특별시,11,동작구,11590,서울특별시,11,동대문구,11230,14,12,54,23,32,5,44,9,58,11,17
20230302,서울특별시,11,동작구,11590,서울특별시,11,광진구,11215,9,18,45,23,42,4,50,3,57,13,17
20230302,서울특별시,11,동작구,11590,서울특별시,11,성동구,11200,9,88,74,28,28,6,43,3,112,32,16
20230302,서울특별시,11,동작구,11590,서울특별시,11,용산구,11170,7,11,33,23,30,6,35,0,32,8,21
20230302,서울특별시,11,동작구,11590,서울특별시,11,중구,11140,3,19,37,22,21,0,38,0,49,8,15
20230302,서울특별시,11,동작구,11590,서울특별시,11,종로구,11110,6,12,52,9,19,5,30,3,23,10,9
20230302,서울특별시,11,용산구,11170,서울특별시,11,강동구,11740,5,62,15,324,57,6,28,9,67,27,21
20230302,서울특별시,11,용산구,11170,서울특별시,11,송파구,11710,13,91,20,589,81,25,52,16,145,48,24
20230302,서울특별시,11,용산구,11170,서울특별시,11,강남구,11680,22,129,22,840,100,18,41,8,173,43,20
20230302,서울특별시,11,용산구,11170,서울특별시,11,서초구,11650,9,69,34,486,64,3,30,9,100,32,15
20230302,서울특별시,11,용산구,11170,서울특별시,11,관악구,11620,13,94,9,428,51,17,35,4,90,31,15
20230302,서울특별시,11,용산구,11170,서울특별시,11,동작구,11590,13,45,16,299,52,7,26,4,68,17,8
20230302,서울특별시,11,용산구,11170,서울특별시,11,영등포구,11560,8,86,19,427,62,11,31,4,81,20,13
20230302,서울특별시,11,용산구,11170,서울특별시,11,금천구,11545,14,45,14,318,29,7,25,3,59,27,5
20230302,서울특별시,11,용산구,11170,서울특별시,11,구로구,11530,5,47,13,438,40,6,38,3,84,21,10
20230302,서울특별시,11,용산구,11170,서울특별시,11,강서구,11500,14,77,9,503,63,10,43,8,96,36,15
20230302,서울특별시,11,강동구,11740,서울특별시,11,구로구,11530,8,45,7,27,55,0,54,3,18,34,7
20230302,서울특별시,11,강동구,11740,서울특별시,11,금천구,11545,9,37,7,22,39,0,57,0,43,41,6
20230302,서울특별시,11,강동구,11740,서울특별시,11,영등포구,11560,10,48,14,24,59,12,62,0,30,31,7
20230302,서울특별시,11,강동구,11740,서울특별시,11,동작구,11590,13,36,11,25,46,3,60,3,32,27,9
20230302,서울특별시,11,강동구,11740,서울특별시,11,관악구,11620,20,51,11,35,60,7,83,5,44,26,8
20230302,서울특별시,11,강동구,11740,서울특별시,11,서초구,11650,15,66,10,35,72,9,89,3,26,48,17
20230302,서울특별시,11,강동구,11740,서울특별시,11,강남구,11680,30,110,21,54,103,11,149,6,69,60,22
20230302,서울특별시,11,강동구,11740,서울특별시,11,송파구,11710,16,101,29,63,94,10,103,4,52,74,22
20230302,서울특별시,11,강동구,11740,서울특별시,11,강동구,11740,10,47,16,26,61,7,145,5,66,28,16
20230302,서울특별시,11,강남구,11680,서울특별시,11,종로구,11110,7,70,36,27,72,12,95,3,161,44,55
20230302,서울특별시,11,강남구,11680,서울특별시,11,중구,11140,19,101,45,32,90,21,90,6,234,57,69
20230302,서울특별시,11,강남구,11680,서울특별시,11,용산구,11170,25,110,37,65,65,10,126,9,262,55,61
20230302,서울특별시,11,강남구,11680,서울특별시,11,성동구,11200,16,158,118,53,92,16,168,17,461,114,102
20230302,서울특별시,11,강남구,11680,서울특별시,11,광진구,11215,18,121,42,44,74,19,184,8,409,100,108
20230302,서울특별시,11,강남구,11680,서울특별시,11,동대문구,11230,20,86,27,56,63,22,170,17,442,75,105
20230302,서울특별시,11,강남구,11680,서울특별시,11,중랑구,11260,15,80,35,30,83,15,123,9,347,55,78
20230302,서울특별시,11,강남구,11680,서울특별시,11,성북구,11290,22,128,36,52,85,20,176,16,485,95,113
20230302,서울특별시,11,강남구,11680,서울특별시,11,강북구,11305,12,56,15,22,43,4,101,4,266,56,81
20230302,서울특별시,11,강남구,11680,서울특별시,11,도봉구,11320,9,56,18,34,58,11,117,8,253,58,63
20230302,서울특별시,11,강남구,11680,서울특별시,11,노원구,11350,18,117,31,57,94,18,207,21,475,76,108
20230302,서울특별시,11,강남구,11680,서울특별시,11,은평구,11380,20,118,32,42,88,18,184,6,385,85,112
20230302,서울특별시,11,강남구,11680,서울특별시,11,서대문구,11410,16,106,42,48,76,15,153,13,350,72,94
20230302,서울특별시,11,송파구,11710,서울특별시,11,종로구,11110,9,27,15,11,23,9,47,0,43,24,10
20230302,서울특별시,11,송파구,11710,서울특별시,11,중구,11140,11,51,25,9,45,7,47,0,89,45,12
20230302,서울특별시,11,송파구,11710,서울특별시,11,용산구,11170,7,52,20,30,44,6,57,3,82,30,10
20230302,서울특별시,11,송파구,11710,서울특별시,11,성동구,11200,9,78,57,24,57,15,67,6,220,109,14
20230302,서울특별시,11,송파구,11710,서울특별시,11,광진구,11215,0,46,34,19,59,16,66,4,119,51,19
20230302,서울특별시,11,송파구,11710,서울특별시,11,동대문구,11230,9,58,30,16,64,16,48,0,154,42,29
20230302,서울특별시,11,송파구,11710,서울특별시,11,중랑구,11260,7,44,13,19,39,15,42,5,112,37,14
20230302,서울특별시,11,송파구,11710,서울특별시,11,성북구,11290,5,67,25,19,58,12,84,4,173,58,20
20230302,서울특별시,11,송파구,11710,서울특별시,11,강북구,11305,7,28,5,4,33,7,52,3,80,23,10
20230302,서울특별시,11,송파구,11710,서울특별시,11,도봉구,11320,0,38,17,10,37,13,33,0,71,24,15
20230302,서울특별시,11,송파구,11710,서울특별시,11,노원구,11350,7,59,19,23,54,22,90,6,132,35,28
20230302,서울특별시,11,송파구,11710,서울특별시,11,은평구,11380,5,34,20,14,63,15,70,6,115,48,24
20230302,서울특별시,11,송파구,11710,서울특별시,11,서대문구,11410,6,38,21,19,50,11,74,4,122,41,22
20230302,서울특별시,11,송파구,11710,서울특별시,11,마포구,11440,10,71,30,29,58,16,82,3,145,48,22
20230302,서울특별시,11,송파구,11710,서울특별시,11,양천구,11470,6,56,20,18,63,16,75,3,97,36,19
20230302,서울특별시,11,용산구,11170,서울특별시,11,양천구,11470,11,59,14,336,53,7,27,0,68,27,11
20230302,서울특별시,11,용산구,11170,서울특별시,11,마포구,11440,6,78,23,472,69,14,40,6,131,30,14
20230302,서울특별시,11,용산구,11170,서울특별시,11,서대문구,11410,7,41,11,262,44,9,24,6,63,27,9
20230302,서울특별시,11,용산구,11170,서울특별시,11,은평구,11380,9,40,14,294,55,5,29,8,67,28,14
20230302,서울특별시,11,용산구,11170,서울특별시,11,노원구,11350,4,35,15,354,55,9,38,3,61,20,17
20230302,서울특별시,11,용산구,11170,서울특별시,11,도봉구,11320,3,42,10,201,27,0,16,5,37,19,9
20230302,서울특별시,11,용산구,11170,서울특별시,11,강북구,11305,3,31,10,168,18,3,14,4,42,13,4
20230302,서울특별시,11,용산구,11170,서울특별시,11,성북구,11290,8,38,10,348,44,6,32,3,90,22,16
20230302,서울특별시,11,용산구,11170,서울특별시,11,중랑구,11260,5,42,7,232,38,7,25,5,50,24,11
20230302,서울특별시,11,용산구,11170,서울특별시,11,동대문구,11230,7,34,14,301,43,0,25,5,75,29,9
20230302,서울특별시,11,용산구,11170,서울특별시,11,광진구,11215,7,47,15,340,40,5,23,6,89,27,11
20230302,서울특별시,11,용산구,11170,서울특별시,11,성동구,11200,6,69,35,301,32,7,21,8,119,45,11
20230302,서울특별시,11,용산구,11170,서울특별시,11,용산구,11170,7,89,28,322,46,8,59,5,104,25,6
20230302,서울특별시,11,용산구,11170,서울특별시,11,중구,11140,4,46,15,244,37,0,19,3,76,22,8
20230302,서울특별시,11,용산구,11170,서울특별시,11,종로구,11110,6,33,6,180,20,0,13,4,34,16,6
20230302,서울특별시,11,강남구,11680,서울특별시,11,마포구,11440,33,152,77,58,107,31,224,16,395,118,112
20230302,서울특별시,11,강남구,11680,서울특별시,11,양천구,11470,17,110,61,48,87,15,139,18,399,90,103
20230302,서울특별시,11,강남구,11680,서울특별시,11,강서구,11500,32,181,58,90,149,28,252,26,573,122,179
20230302,서울특별시,11,강남구,11680,서울특별시,11,구로구,11530,19,120,63,41,94,11,165,14,346,88,96
20230302,서울특별시,11,강남구,11680,서울특별시,11,금천구,11545,12,80,30,32,69,11,103,10,270,69,72
20230302,서울특별시,11,강남구,11680,서울특별시,11,영등포구,11560,35,163,64,54,139,17,211,12,353,112,157
20230302,서울특별시,11,강남구,11680,서울특별시,11,동작구,11590,21,122,39,50,75,18,187,10,401,86,116
20230302,서울특별시,11,강남구,11680,서울특별시,11,관악구,11620,31,119,53,66,93,23,217,12,556,121,158
20230302,서울특별시,11,강남구,11680,서울특별시,11,서초구,11650,31,222,122,71,206,26,312,17,466,115,525
20230302,서울특별시,11,강남구,11680,서울특별시,11,강남구,11680,58,385,212,118,311,53,527,28,817,235,725
20230302,서울특별시,11,강남구,11680,서울특별시,11,송파구,11710,41,256,95,106,259,34,435,38,654,198,856
20230302,서울특별시,11,강남구,11680,서울특별시,11,강동구,11740,16,122,53,51,99,12,201,17,378,108,84
20230302,서울특별시,11,성동구,11200,서울특별시,11,동작구,11590,13,59,29,29,42,13,55,13,249,147,27
20230302,서울특별시,11,성동구,11200,서울특별시,11,관악구,11620,27,93,39,70,49,6,74,5,368,140,49
20230302,서울특별시,11,성동구,11200,서울특별시,11,서초구,11650,14,103,50,45,63,8,85,14,304,172,49
20230302,서울특별시,11,성동구,11200,서울특별시,11,강남구,11680,36,149,53,69,107,28,145,10,491,246,105
20230302,서울특별시,11,성동구,11200,서울특별시,11,송파구,11710,18,126,54,68,83,16,112,17,407,245,72
20230302,서울특별시,11,성동구,11200,서울특별시,11,강동구,11740,15,57,29,73,54,6,48,4,242,145,37
20230302,서울특별시,11,마포구,11440,서울특별시,11,종로구,11110,14,71,44,69,44,8,84,0,100,36,30
20230302,서울특별시,11,마포구,11440,서울특별시,11,중구,11140,13,93,64,102,62,12,75,7,104,54,34
20230302,서울특별시,11,마포구,11440,서울특별시,11,용산구,11170,15,73,102,129,74,8,107,6,128,37,35
20230302,서울특별시,11,마포구,11440,서울특별시,11,성동구,11200,12,122,85,145,77,13,91,6,285,79,53
20230302,서울특별시,11,마포구,11440,서울특별시,11,광진구,11215,20,98,57,165,94,13,95,16,160,70,56
20230302,서울특별시,11,마포구,11440,서울특별시,11,동대문구,11230,18,109,67,160,89,5,73,9,162,92,35
20230302,서울특별시,11,마포구,11440,서울특별시,11,중랑구,11260,14,82,49,126,62,7,78,9,117,53,42
20230302,서울특별시,11,마포구,11440,서울특별시,11,성북구,11290,24,99,56,192,108,10,116,18,207,77,81
20230302,서울특별시,11,마포구,11440,서울특별시,11,강북구,11305,16,58,46,98,36,8,64,5,89,35,38
20230302,서울특별시,11,마포구,11440,서울특별시,11,도봉구,11320,9,75,52,112,56,0,76,6,78,41,34
20230302,서울특별시,11,마포구,11440,서울특별시,11,노원구,11350,20,109,75,176,102,10,122,12,163,56,78
20230302,서울특별시,11,마포구,11440,서울특별시,11,은평구,11380,28,103,80,193,103,11,121,21,135,72,66
20230302,서울특별시,11,마포구,11440,서울특별시,11,서대문구,11410,25,89,71,169,58,14,94,5,152,69,47
20230302,서울특별시,11,마포구,11440,서울특별시,11,마포구,11440,28,162,171,216,120,13,186,19,261,95,79
20230302,서울특별시,11,마포구,11440,서울특별시,11,양천구,11470,16,112,83,159,84,12,104,11,127,67,60
20230302,서울특별시,11,마포구,11440,서울특별시,11,강서구,11500,36,152,112,249,143,11,187,17,244,103,90
20230302,서울특별시,11,마포구,11440,서울특별시,11,구로구,11530,15,101,73,163,103,6,107,10,110,57,49
20230302,서울특별시,11,마포구,11440,서울특별시,11,금천구,11545,16,110,62,116,64,10,57,5,107,48,36
20230302,서울특별시,11,마포구,11440,서울특별시,11,영등포구,11560,19,102,95,191,134,11,115,8,151,75,79
20230302,서울특별시,11,마포구,11440,서울특별시,11,동작구,11590,19,92,73,187,106,7,107,12,134,76,49
20230302,서울특별시,11,마포구,11440,서울특별시,11,관악구,11620,22,129,80,221,119,11,131,7,221,106,76
20230302,서울특별시,11,마포구,11440,서울특별시,11,서초구,11650,28,114,116,222,115,11,160,11,157,70,92
20230302,서울특별시,11,마포구,11440,서울특별시,11,강남구,11680,28,196,153,315,200,20,275,12,256,110,132
20230302,서울특별시,11,마포구,11440,서울특별시,11,송파구,11710,39,141,107,291,189,19,229,18,209,134,126
20230302,서울특별시,11,마포구,11440,서울특별시,11,강동구,11740,17,100,72,187,80,9,113,7,124,72,55
20230302,서울특별시,11,송파구,11710,서울특별시,11,강서구,11500,4,81,32,27,86,22,118,5,217,70,21
20230302,서울특별시,11,송파구,11710,서울특별시,11,구로구,11530,6,40,23,17,54,17,52,6,108,38,19
20230302,서울특별시,11,송파구,11710,서울특별시,11,금천구,11545,0,39,13,18,38,14,50,0,110,34,16
20230302,서울특별시,11,송파구,11710,서울특별시,11,영등포구,11560,10,60,32,40,79,11,98,7,137,54,18
20230302,서울특별시,11,송파구,11710,서울특별시,11,동작구,11590,3,43,25,13,89,17,65,3,132,40,17
20230302,서울특별시,11,송파구,11710,서울특별시,11,관악구,11620,5,49,23,28,73,17,68,6,152,49,17
20230302,서울특별시,11,송파구,11710,서울특별시,11,서초구,11650,8,70,29,28,76,28,92,3,163,61,29
20230302,서울특별시,11,송파구,11710,서울특별시,11,강남구,11680,16,169,64,41,116,33,159,9,253,89,57
20230302,서울특별시,11,송파구,11710,서울특별시,11,송파구,11710,12,153,66,38,116,35,250,10,303,93,43
20230302,서울특별시,11,송파구,11710,서울특별시,11,강동구,11740,10,72,27,12,70,22,89,6,142,54,20
20230302,서울특별시,11,양천구,11470,서울특별시,11,강동구,11740,0,18,9,47,44,8,20,0,37,36,18
20230302,서울특별시,11,양천구,11470,서울특별시,11,송파구,11710,0,33,11,61,88,17,39,5,59,63,28
20230302,서울특별시,11,양천구,11470,서울특별시,11,강남구,11680,7,39,25,56,102,13,36,3,49,47,40
20230302,서울특별시,11,양천구,11470,서울특별시,11,서초구,11650,3,29,24,43,68,4,29,0,35,36,20
20230302,서울특별시,11,양천구,11470,서울특별시,11,관악구,11620,0,32,14,42,78,13,24,3,49,25,31
20230302,서울특별시,11,양천구,11470,서울특별시,11,동작구,11590,3,29,18,37,56,3,19,0,35,36,18
20230302,서울특별시,11,양천구,11470,서울특별시,11,영등포구,11560,0,24,13,39,62,12,25,3,47,32,13
20230302,서울특별시,11,양천구,11470,서울특별시,11,금천구,11545,0,17,6,22,39,7,17,0,55,41,9
20230302,서울특별시,11,양천구,11470,서울특별시,11,구로구,11530,3,16,15,27,65,5,23,3,66,35,21
20230302,서울특별시,11,양천구,11470,서울특별시,11,강서구,11500,6,30,29,47,80,7,55,6,97,49,48
20230302,서울특별시,11,양천구,11470,서울특별시,11,양천구,11470,5,35,18,33,59,8,66,3,63,23,19
20230302,서울특별시,11,양천구,11470,서울특별시,11,마포구,11440,3,18,21,50,56,8,19,4,73,29,28
20230302,서울특별시,11,양천구,11470,서울특별시,11,서대문구,11410,0,24,15,31,57,7,23,0,34,31,17
20230302,서울특별시,11,양천구,11470,서울특별시,11,은평구,11380,4,21,12,25,60,7,17,0,37,33,21
20230302,서울특별시,11,양천구,11470,서울특별시,11,노원구,11350,3,25,12,29,58,0,31,3,51,38,26
20230302,서울특별시,11,양천구,11470,서울특별시,11,도봉구,11320,0,14,6,17,54,0,25,0,25,20,20
20230302,서울특별시,11,양천구,11470,서울특별시,11,강북구,11305,0,10,11,19,37,0,16,0,25,15,12
20230302,서울특별시,11,양천구,11470,서울특별시,11,성북구,11290,5,40,21,23,66,6,23,4,55,31,17
20230302,서울특별시,11,양천구,11470,서울특별시,11,중랑구,11260,0,23,5,23,41,4,24,5,40,20,18
20230302,서울특별시,11,양천구,11470,서울특별시,11,동대문구,11230,3,25,13,25,52,13,21,6,44,32,21
20230302,서울특별시,11,양천구,11470,서울특별시,11,광진구,11215,0,14,10,29,43,10,16,3,48,30,17
20230302,서울특별시,11,양천구,11470,서울특별시,11,성동구,11200,0,33,24,25,38,7,16,0,93,61,16
20230302,서울특별시,11,양천구,11470,서울특별시,11,용산구,11170,4,16,7,38,36,6,17,0,34,24,16
20230302,서울특별시,11,양천구,11470,서울특별시,11,중구,11140,0,28,9,25,26,11,16,0,40,111,7
20230302,서울특별시,11,양천구,11470,서울특별시,11,종로구,11110,0,12,8,26,39,0,7,0,25,13,10
20230302,서울특별시,11,성북구,11290,서울특별시,11,강동구,11740,11,92,25,38,41,7,79,29,300,103,13
20230302,서울특별시,11,성북구,11290,서울특별시,11,송파구,11710,28,140,14,54,77,20,138,46,557,154,23
20230302,서울특별시,11,성북구,11290,서울특별시,11,강남구,11680,17,151,28,86,91,22,162,33,558,149,26
20230302,서울특별시,11,성북구,11290,서울특별시,11,서초구,11650,18,84,24,51,69,13,103,35,328,87,16
20230302,서울특별시,11,성북구,11290,서울특별시,11,관악구,11620,7,102,9,44,53,12,82,26,485,129,19
20230302,서울특별시,11,성북구,11290,서울특별시,11,동작구,11590,10,88,12,41,49,10,61,20,318,90,13
20230302,서울특별시,11,성북구,11290,서울특별시,11,영등포구,11560,10,74,18,47,39,12,69,30,358,105,14
20230302,서울특별시,11,성북구,11290,서울특별시,11,금천구,11545,10,42,9,21,19,3,47,12,227,71,3
20230302,서울특별시,11,성북구,11290,서울특별시,11,구로구,11530,11,56,18,32,46,8,74,44,278,94,6
20230302,서울특별시,11,성북구,11290,서울특별시,11,강서구,11500,12,136,26,81,77,22,101,35,526,137,22
20230302,서울특별시,11,성북구,11290,서울특별시,11,양천구,11470,7,71,16,54,29,8,68,23,307,83,23
20230302,서울특별시,11,성북구,11290,서울특별시,11,마포구,11440,15,100,20,52,56,11,95,24,379,115,17
20230302,서울특별시,11,성북구,11290,서울특별시,11,서대문구,11410,4,66,15,34,59,9,65,23,261,79,14
20230302,서울특별시,11,성북구,11290,서울특별시,11,은평구,11380,12,91,14,48,55,13,87,35,295,85,14
20230302,서울특별시,11,성북구,11290,서울특별시,11,노원구,11350,9,71,24,42,58,12,84,38,370,109,10
20230302,서울특별시,11,성북구,11290,서울특별시,11,도봉구,11320,10,50,15,30,28,9,51,17,245,66,15
20230302,서울특별시,11,성북구,11290,서울특별시,11,강북구,11305,5,53,15,25,40,5,49,11,219,55,5
20230302,서울특별시,11,성북구,11290,서울특별시,11,성북구,11290,6,78,23,53,69,10,137,37,392,108,20
20230302,서울특별시,11,성북구,11290,서울특별시,11,중랑구,11260,10,55,8,30,39,10,72,28,283,90,7
20230302,서울특별시,11,은평구,11380,서울특별시,11,강동구,11740,0,13,6,5,33,6,34,3,15,15,35
20230302,서울특별시,11,은평구,11380,서울특별시,11,송파구,11710,4,14,17,6,63,17,108,6,37,26,43
20230302,서울특별시,11,은평구,11380,서울특별시,11,강남구,11680,5,23,28,13,57,13,85,5,53,15,34
20230302,서울특별시,11,은평구,11380,서울특별시,11,서초구,11650,7,12,15,8,45,13,42,0,23,15,24
20230302,서울특별시,11,은평구,11380,서울특별시,11,관악구,11620,9,6,13,9,39,9,69,3,30,8,40
20230302,서울특별시,11,은평구,11380,서울특별시,11,동작구,11590,4,5,14,4,37,7,52,4,18,8,26
20230302,서울특별시,11,노원구,11350,서울특별시,11,양천구,11470,8,14,11,18,64,4,51,13,58,11,17
20230302,서울특별시,11,노원구,11350,서울특별시,11,강서구,11500,9,21,8,34,76,7,75,21,113,20,24
20230302,서울특별시,11,노원구,11350,서울특별시,11,구로구,11530,8,14,8,23,59,7,43,19,47,18,13
20230302,서울특별시,11,노원구,11350,서울특별시,11,금천구,11545,15,87,12,25,41,4,36,12,51,23,9
20230302,서울특별시,11,노원구,11350,서울특별시,11,영등포구,11560,9,19,9,23,53,3,40,17,56,18,17
20230302,서울특별시,11,노원구,11350,서울특별시,11,동작구,11590,8,20,9,18,58,3,33,17,57,10,17
20230302,서울특별시,11,노원구,11350,서울특별시,11,관악구,11620,12,17,9,24,47,6,44,14,62,23,28
20230302,서울특별시,11,노원구,11350,서울특별시,11,서초구,11650,8,34,10,26,67,7,44,15,55,20,17
20230302,서울특별시,11,노원구,11350,서울특별시,11,강남구,11680,7,59,22,32,122,11,73,21,77,24,22
20230302,서울특별시,11,노원구,11350,서울특별시,11,송파구,11710,16,42,16,27,88,18,89,27,78,31,27
20230302,서울특별시,11,노원구,11350,서울특별시,11,강동구,11740,5,24,14,23,70,0,31,27,53,19,18
20230302,서울특별시,11,구로구,11530,서울특별시,11,종로구,11110,7,39,20,36,31,4,7,4,33,13,13
20230302,서울특별시,11,구로구,11530,서울특별시,11,중구,11140,10,58,12,14,47,10,13,3,60,21,16
20230302,서울특별시,11,구로구,11530,서울특별시,11,용산구,11170,15,59,22,41,41,5,17,4,58,12,20
20230302,서울특별시,11,구로구,11530,서울특별시,11,성동구,11200,15,91,47,35,70,16,18,6,167,49,40
20230302,서울특별시,11,구로구,11530,서울특별시,11,광진구,11215,15,86,19,26,60,15,26,7,96,30,42
20230302,서울특별시,11,구로구,11530,서울특별시,11,동대문구,11230,19,76,26,41,70,14,26,4,83,34,48
20230302,서울특별시,11,구로구,11530,서울특별시,11,중랑구,11260,15,80,14,32,56,8,24,5,61,33,36
20230302,서울특별시,11,구로구,11530,서울특별시,11,성북구,11290,21,80,25,42,70,16,21,10,118,33,42
20230302,서울특별시,11,구로구,11530,서울특별시,11,강북구,11305,7,46,14,34,47,6,11,4,38,29,21
20230302,서울특별시,11,구로구,11530,서울특별시,11,도봉구,11320,10,52,15,23,34,6,12,3,63,32,28
20230302,서울특별시,11,구로구,11530,서울특별시,11,노원구,11350,29,82,16,49,71,10,23,7,86,40,49
20230302,서울특별시,11,구로구,11530,서울특별시,11,강동구,11740,13,78,30,61,72,25,28,10,97,45,51
20230302,서울특별시,11,구로구,11530,서울특별시,11,송파구,11710,22,112,31,89,132,15,38,10,149,57,61
20230302,서울특별시,11,구로구,11530,서울특별시,11,강남구,11680,29,159,56,74,133,21,49,21,131,51,101
20230302,서울특별시,11,구로구,11530,서울특별시,11,서초구,11650,19,93,34,54,72,19,24,8,90,40,55
20230302,서울특별시,11,구로구,11530,서울특별시,11,관악구,11620,25,147,22,55,84,12,30,10,140,49,56
20230302,서울특별시,11,구로구,11530,서울특별시,11,동작구,11590,14,85,30,34,66,12,24,0,94,49,46
20230302,서울특별시,11,구로구,11530,서울특별시,11,영등포구,11560,19,90,28,53,75,11,28,7,92,34,48
20230302,서울특별시,11,구로구,11530,서울특별시,11,금천구,11545,11,65,18,46,51,6,19,3,93,37,36
20230302,서울특별시,11,구로구,11530,서울특별시,11,구로구,11530,12,88,43,56,74,12,64,9,106,33,50
20230302,서울특별시,11,구로구,11530,서울특별시,11,강서구,11500,22,123,34,71,97,26,36,19,165,46,67
20230302,서울특별시,11,구로구,11530,서울특별시,11,양천구,11470,14,82,27,43,63,13,29,11,87,27,37
20230302,서울특별시,11,중구,11140,서울특별시,11,종로구,11110,15,83,35,3,83,0,46,4,110,31,9
20230302,서울특별시,11,중구,11140,서울특별시,11,중구,11140,15,100,53,20,93,3,50,0,167,33,15
20230302,서울특별시,11,중구,11140,서울특별시,11,용산구,11170,13,97,23,21,93,5,50,12,169,57,19
20230302,서울특별시,11,성북구,11290,서울특별시,11,동대문구,11230,13,60,8,38,40,6,81,14,326,88,19
20230302,서울특별시,11,성북구,11290,서울특별시,11,광진구,11215,6,73,18,39,43,9,63,26,310,95,9
20230302,서울특별시,11,성북구,11290,서울특별시,11,성동구,11200,20,93,38,43,45,10,66,21,334,121,14
20230302,서울특별시,11,성북구,11290,서울특별시,11,용산구,11170,3,55,15,33,33,6,54,18,173,56,5
20230302,서울특별시,11,성북구,11290,서울특별시,11,중구,11140,4,41,25,30,21,0,41,10,158,42,4
20230302,서울특별시,11,성북구,11290,서울특별시,11,종로구,11110,5,45,18,24,27,4,42,8,118,26,9
20230302,서울특별시,11,서초구,11650,서울특별시,11,강동구,11740,13,101,48,26,89,9,66,13,73,23,38
20230302,서울특별시,11,서초구,11650,서울특별시,11,송파구,11710,27,172,75,66,131,21,115,21,123,51,64
20230302,서울특별시,11,서초구,11650,서울특별시,11,강남구,11680,69,262,123,70,167,23,179,27,203,62,79
20230302,서울특별시,11,서초구,11650,서울특별시,11,서초구,11650,61,191,103,50,176,17,379,24,207,48,37
20230302,서울특별시,11,은평구,11380,서울특별시,11,영등포구,11560,0,8,7,7,37,14,60,0,31,27,35
20230302,서울특별시,11,은평구,11380,서울특별시,11,금천구,11545,0,9,10,6,27,7,38,0,49,24,28
20230302,서울특별시,11,은평구,11380,서울특별시,11,구로구,11530,3,8,6,6,41,8,60,0,26,8,34
20230302,서울특별시,11,은평구,11380,서울특별시,11,강서구,11500,12,12,14,0,45,14,93,4,53,17,31
20230302,서울특별시,11,은평구,11380,서울특별시,11,양천구,11470,0,12,8,4,30,12,57,0,21,19,25
20230302,서울특별시,11,은평구,11380,서울특별시,11,마포구,11440,8,7,26,6,32,10,45,4,30,13,33
20230302,서울특별시,11,은평구,11380,서울특별시,11,서대문구,11410,0,9,15,11,30,4,47,0,40,8,19
20230302,서울특별시,11,은평구,11380,서울특별시,11,은평구,11380,5,14,19,11,47,12,106,0,28,12,32
20230302,서울특별시,11,은평구,11380,서울특별시,11,노원구,11350,3,7,9,8,48,15,75,0,37,11,29
20230302,서울특별시,11,은평구,11380,서울특별시,11,도봉구,11320,0,0,7,5,25,5,36,4,20,9,18
20230302,서울특별시,11,은평구,11380,서울특별시,11,강북구,11305,3,8,3,0,24,7,40,3,19,8,13
20230302,서울특별시,11,은평구,11380,서울특별시,11,성북구,11290,6,11,18,8,43,11,78,4,42,14,36
20230302,서울특별시,11,은평구,11380,서울특별시,11,중랑구,11260,0,9,7,3,32,7,40,0,23,9,32
20230302,서울특별시,11,은평구,11380,서울특별시,11,동대문구,11230,0,13,7,3,34,5,34,5,38,8,23
20230302,서울특별시,11,은평구,11380,서울특별시,11,광진구,11215,3,10,13,4,27,9,50,0,26,12,23
20230302,서울특별시,11,은평구,11380,서울특별시,11,성동구,11200,0,36,19,5,18,6,51,0,91,24,17
20230302,서울특별시,11,은평구,11380,서울특별시,11,용산구,11170,3,10,7,12,25,7,38,0,15,4,13
20230302,서울특별시,11,은평구,11380,서울특별시,11,중구,11140,0,10,7,3,12,4,16,0,31,4,14
20230302,서울특별시,11,은평구,11380,서울특별시,11,종로구,11110,4,9,10,6,13,6,21,0,35,4,12
20230302,서울특별시,11,중랑구,11260,서울특별시,11,강동구,11740,26,59,21,17,74,17,62,11,119,51,41
20230302,서울특별시,11,중랑구,11260,서울특별시,11,송파구,11710,34,108,32,31,132,23,89,17,201,87,64
20230302,서울특별시,11,중랑구,11260,서울특별시,11,강남구,11680,29,108,33,44,124,26,100,9,173,71,82
20230302,서울특별시,11,중랑구,11260,서울특별시,11,서초구,11650,14,89,20,23,88,20,61,10,104,54,50
20230302,서울특별시,11,중랑구,11260,서울특별시,11,관악구,11620,37,65,21,22,89,15,58,3,175,79,48
20230302,서울특별시,11,중랑구,11260,서울특별시,11,동작구,11590,15,59,17,14,74,13,50,12,136,61,46
20230302,서울특별시,11,중랑구,11260,서울특별시,11,영등포구,11560,20,65,9,20,71,14,48,6,103,59,45
20230302,서울특별시,11,중랑구,11260,서울특별시,11,금천구,11545,10,36,7,14,55,5,21,10,82,39,27
20230302,서울특별시,11,서초구,11650,서울특별시,11,관악구,11620,18,109,41,46,100,9,71,6,79,30,47
20230302,서울특별시,11,서초구,11650,서울특별시,11,동작구,11590,9,88,39,37,85,10,77,8,80,25,36
20230302,서울특별시,11,서초구,11650,서울특별시,11,영등포구,11560,20,102,40,39,84,10,72,10,61,45,44
20230302,서울특별시,11,서초구,11650,서울특별시,11,금천구,11545,6,60,14,41,38,3,30,6,56,31,20
20230302,서울특별시,11,서초구,11650,서울특별시,11,구로구,11530,14,60,36,34,71,5,59,8,61,20,30
20230302,서울특별시,11,서초구,11650,서울특별시,11,강서구,11500,19,117,57,40,162,15,97,18,102,38,43
20230302,서울특별시,11,중랑구,11260,서울특별시,11,구로구,11530,19,58,25,13,55,9,50,9,112,46,39
20230302,서울특별시,11,중랑구,11260,서울특별시,11,강서구,11500,28,82,24,36,107,31,67,12,172,70,54
20230302,서울특별시,11,중랑구,11260,서울특별시,11,양천구,11470,16,55,20,25,74,15,52,10,114,45,37
20230302,서울특별시,11,중랑구,11260,서울특별시,11,마포구,11440,17,51,16,28,88,16,57,7,140,47,40
20230302,서울특별시,11,중랑구,11260,서울특별시,11,서대문구,11410,16,54,19,15,53,7,50,7,93,54,35
20230302,서울특별시,11,중랑구,11260,서울특별시,11,은평구,11380,19,61,17,13,76,16,52,8,126,48,39
20230302,서울특별시,11,중랑구,11260,서울특별시,11,노원구,11350,19,67,16,15,69,29,72,8,134,52,41
20230302,서울특별시,11,중랑구,11260,서울특별시,11,도봉구,11320,16,41,10,16,57,8,30,0,77,30,26
20230302,서울특별시,11,중랑구,11260,서울특별시,11,강북구,11305,14,30,8,10,48,14,34,3,87,32,18
20230302,서울특별시,11,중랑구,11260,서울특별시,11,성북구,11290,15,55,13,14,71,17,71,10,159,62,35
20230302,서울특별시,11,중랑구,11260,서울특별시,11,중랑구,11260,12,48,16,14,77,19,86,5,124,38,20
20230302,서울특별시,11,중랑구,11260,서울특별시,11,동대문구,11230,23,53,27,14,71,20,49,8,136,41,27
20230302,서울특별시,11,중랑구,11260,서울특별시,11,광진구,11215,23,63,22,18,76,19,39,5,145,46,35
20230302,서울특별시,11,중랑구,11260,서울특별시,11,성동구,11200,23,74,18,17,65,11,43,10,135,54,40
20230302,서울특별시,11,중랑구,11260,서울특별시,11,용산구,11170,11,40,8,15,48,10,24,3,74,30,32
20230302,서울특별시,11,중랑구,11260,서울특별시,11,중구,11140,8,36,11,7,46,4,20,4,67,31,18
20230302,서울특별시,11,중랑구,11260,서울특별시,11,종로구,11110,8,31,10,11,42,5,28,5,51,23,17
20230302,서울특별시,11,서초구,11650,서울특별시,11,양천구,11470,8,93,52,20,77,12,70,16,69,25,25
20230302,서울특별시,11,서초구,11650,서울특별시,11,마포구,11440,31,86,55,44,80,8,78,18,89,38,37
20230302,서울특별시,11,서초구,11650,서울특별시,11,서대문구,11410,11,68,39,24,67,13,48,10,64,19,26
20230302,서울특별시,11,서초구,11650,서울특별시,11,은평구,11380,8,79,43,24,75,6,67,11,48,19,37
20230302,서울특별시,11,서초구,11650,서울특별시,11,노원구,11350,3,95,45,32,89,9,65,16,58,10,19
20230302,서울특별시,11,서초구,11650,서울특별시,11,도봉구,11320,6,38,22,12,32,4,29,9,36,10,20
20230302,서울특별시,11,서초구,11650,서울특별시,11,강북구,11305,4,33,19,17,40,4,42,3,34,11,22
20230302,서울특별시,11,서초구,11650,서울특별시,11,성북구,11290,11,72,49,37,90,7,61,8,79,34,49
20230302,서울특별시,11,서초구,11650,서울특별시,11,중랑구,11260,15,59,24,18,65,4,54,9,44,14,31
20230302,서울특별시,11,서초구,11650,서울특별시,11,동대문구,11230,12,55,24,23,65,6,63,7,56,21,18
20230302,서울특별시,11,서초구,11650,서울특별시,11,광진구,11215,9,77,30,19,68,6,69,8,64,26,27
20230302,서울특별시,11,서초구,11650,서울특별시,11,성동구,11200,14,78,63,35,50,6,48,9,129,62,27
20230302,서울특별시,11,서초구,11650,서울특별시,11,용산구,11170,22,79,42,51,63,11,65,8,70,20,28
20230302,서울특별시,11,서초구,11650,서울특별시,11,중구,11140,13,56,29,18,39,4,46,4,81,18,13
20230302,서울특별시,11,서초구,11650,서울특별시,11,종로구,11110,10,46,23,20,42,6,41,7,45,17,19
20230302,서울특별시,11,서대문구,11410,서울특별시,11,종로구,11110,3,24,7,13,18,12,17,3,45,24,14
20230302,서울특별시,11,서대문구,11410,서울특별시,11,중구,11140,4,18,21,14,26,5,13,8,55,22,8
20230302,서울특별시,11,서대문구,11410,서울특별시,11,용산구,11170,0,21,17,33,24,7,11,6,43,24,10
20230302,서울특별시,11,서대문구,11410,서울특별시,11,성동구,11200,8,39,33,28,37,10,20,26,117,53,19
20230302,서울특별시,11,서대문구,11410,서울특별시,11,광진구,11215,4,27,16,31,42,11,18,20,74,30,10
20230302,서울특별시,11,서대문구,11410,서울특별시,11,동대문구,11230,5,24,14,45,44,11,20,6,84,35,35
20230302,서울특별시,11,서대문구,11410,서울특별시,11,중랑구,11260,3,15,12,28,52,15,9,17,52,37,7
20230302,서울특별시,11,서대문구,11410,서울특별시,11,성북구,11290,4,31,16,37,40,9,21,9,73,54,41
20230302,서울특별시,11,서대문구,11410,서울특별시,11,강북구,11305,0,16,6,24,24,12,14,9,47,29,9
20230302,서울특별시,11,서대문구,11410,서울특별시,11,도봉구,11320,0,14,9,26,32,13,10,15,30,34,11
20230302,서울특별시,11,강서구,11500,서울특별시,11,종로구,11110,6,51,32,46,67,12,129,7,184,67,77
20230302,서울특별시,11,강서구,11500,서울특별시,11,중구,11140,16,77,30,37,53,7,67,4,111,69,66
20230302,서울특별시,11,강서구,11500,서울특별시,11,용산구,11170,15,62,38,74,74,14,85,14,79,50,69
20230302,서울특별시,11,강서구,11500,서울특별시,11,성동구,11200,19,100,76,77,79,19,121,27,214,114,95
20230302,서울특별시,11,강서구,11500,서울특별시,11,광진구,11215,16,93,52,70,99,12,144,28,161,94,101
20230302,서울특별시,11,강서구,11500,서울특별시,11,동대문구,11230,23,66,50,81,117,23,108,14,163,91,87
20230302,서울특별시,11,강서구,11500,서울특별시,11,중랑구,11260,17,64,33,63,69,14,119,17,149,81,87
20230302,서울특별시,11,강서구,11500,서울특별시,11,성북구,11290,25,101,44,70,117,17,155,35,233,109,109
20230302,서울특별시,11,강서구,11500,서울특별시,11,강북구,11305,10,45,23,34,65,7,97,13,109,40,94
20230302,서울특별시,11,광진구,11215,서울특별시,11,종로구,11110,6,16,7,24,40,6,12,0,54,31,3
20230302,서울특별시,11,광진구,11215,서울특별시,11,중구,11140,0,23,12,39,37,3,13,4,61,28,4
20230302,서울특별시,11,광진구,11215,서울특별시,11,용산구,11170,8,30,10,33,41,11,12,0,80,35,10
20230302,서울특별시,11,광진구,11215,서울특별시,11,성동구,11200,13,70,33,30,32,8,17,12,128,112,9
20230302,서울특별시,11,광진구,11215,서울특별시,11,광진구,11215,10,46,24,45,61,6,64,5,113,70,14
20230302,서울특별시,11,광진구,11215,서울특별시,11,동대문구,11230,11,32,20,48,49,7,16,5,124,71,9
20230302,서울특별시,11,광진구,11215,서울특별시,11,중랑구,11260,8,28,15,51,68,4,20,4,89,58,7
20230302,서울특별시,11,광진구,11215,서울특별시,11,성북구,11290,15,40,14,40,74,8,22,13,124,75,10
20230302,서울특별시,11,광진구,11215,서울특별시,11,강북구,11305,5,19,8,22,46,4,11,0,60,36,6
20230302,서울특별시,11,광진구,11215,서울특별시,11,도봉구,11320,5,29,9,25,40,5,11,0,67,40,6
20230302,서울특별시,11,광진구,11215,서울특별시,11,노원구,11350,10,46,17,48,58,7,24,8,116,67,6
20230302,서울특별시,11,광진구,11215,서울특별시,11,은평구,11380,11,28,8,42,72,9,26,4,101,56,10
20230302,서울특별시,11,광진구,11215,서울특별시,11,서대문구,11410,17,33,13,28,44,9,19,6,97,49,7
20230302,서울특별시,11,광진구,11215,서울특별시,11,마포구,11440,12,47,22,58,69,10,19,7,95,70,9
20230302,서울특별시,11,광진구,11215,서울특별시,11,양천구,11470,6,29,16,40,70,8,22,8,93,51,13
20230302,서울특별시,11,광진구,11215,서울특별시,11,강서구,11500,11,49,29,80,69,7,54,9,168,80,15
20230302,서울특별시,11,광진구,11215,서울특별시,11,구로구,11530,8,31,11,43,64,13,15,9,114,54,8
20230302,서울특별시,11,광진구,11215,서울특별시,11,금천구,11545,4,24,18,41,53,3,15,4,86,42,5
20230302,서울특별시,11,광진구,11215,서울특별시,11,영등포구,11560,12,33,25,48,61,6,23,9,108,71,15
20230302,서울특별시,11,광진구,11215,서울특별시,11,동작구,11590,13,31,15,38,59,7,24,9,116,64,7
20230302,서울특별시,11,광진구,11215,서울특별시,11,관악구,11620,19,45,20,66,69,17,27,6,145,88,18
20230302,서울특별시,11,광진구,11215,서울특별시,11,서초구,11650,12,32,18,57,69,6,34,8,103,65,25
20230302,서울특별시,11,광진구,11215,서울특별시,11,강남구,11680,16,71,27,94,107,12,45,13,179,87,20
20230302,서울특별시,11,광진구,11215,서울특별시,11,송파구,11710,18,65,26,74,100,14,37,17,179,97,25
20230302,서울특별시,11,광진구,11215,서울특별시,11,강동구,11740,12,33,13,45,72,7,32,11,88,54,14
20230302,서울특별시,11,강서구,11500,서울특별시,11,도봉구,11320,7,51,22,53,68,8,91,18,118,45,78
20230302,서울특별시,11,강서구,11500,서울특별시,11,노원구,11350,23,91,58,84,112,21,219,29,204,111,118
20230302,서울특별시,11,강서구,11500,서울특별시,11,은평구,11380,11,73,43,79,109,20,189,22,155,88,127
20230302,서울특별시,11,강서구,11500,서울특별시,11,서대문구,11410,15,76,39,74,90,17,121,37,184,79,105
20230302,서울특별시,11,강서구,11500,서울특별시,11,마포구,11440,20,103,58,95,120,22,155,31,202,81,120
20230302,서울특별시,11,강서구,11500,서울특별시,11,양천구,11470,16,75,58,73,101,12,168,26,166,81,116
20230302,서울특별시,11,강서구,11500,서울특별시,11,강서구,11500,26,151,88,120,184,18,267,34,308,148,205
20230302,서울특별시,11,강서구,11500,서울특별시,11,구로구,11530,16,65,59,75,105,14,131,35,173,93,90
20230302,서울특별시,11,강서구,11500,서울특별시,11,금천구,11545,17,64,39,45,70,14,107,14,144,68,65
20230302,서울특별시,11,강서구,11500,서울특별시,11,영등포구,11560,21,123,52,82,138,16,160,30,170,135,117
20230302,서울특별시,11,강서구,11500,서울특별시,11,동작구,11590,21,77,58,75,95,24,151,24,180,309,113
20230302,서울특별시,11,강서구,11500,서울특별시,11,관악구,11620,22,99,65,96,116,29,183,24,263,112,131
20230302,서울특별시,11,강서구,11500,서울특별시,11,서초구,11650,13,128,69,87,140,29,204,35,150,103,142
20230302,서울특별시,11,강서구,11500,서울특별시,11,강남구,11680,46,192,90,154,188,33,258,48,257,144,228
20230302,서울특별시,11,강서구,11500,서울특별시,11,송파구,11710,22,174,74,160,219,35,290,67,243,131,222
20230302,서울특별시,11,강서구,11500,서울특별시,11,강동구,11740,24,116,42,72,124,15,162,37,188,90,142
20230302,서울특별시,11,노원구,11350,서울특별시,11,종로구,11110,3,11,13,11,33,5,16,15,30,13,6
20230302,서울특별시,11,중구,11140,서울특별시,11,성동구,11200,16,149,32,18,74,7,51,3,365,146,19
20230302,서울특별시,11,중구,11140,서울특별시,11,광진구,11215,20,77,19,9,69,3,42,8,275,81,12
20230302,서울특별시,11,중구,11140,서울특별시,11,동대문구,11230,21,78,13,15,52,10,34,4,236,92,11
20230302,서울특별시,11,중구,11140,서울특별시,11,중랑구,11260,17,69,12,33,54,7,35,0,200,62,11
20230302,서울특별시,11,중구,11140,서울특별시,11,성북구,11290,18,104,14,8,65,11,47,4,321,94,16
20230302,서울특별시,11,중구,11140,서울특별시,11,강북구,11305,12,60,11,5,34,3,31,4,182,64,9
20230302,서울특별시,11,중구,11140,서울특별시,11,도봉구,11320,9,38,6,7,54,5,24,15,114,51,12
20230302,서울특별시,11,중구,11140,서울특별시,11,노원구,11350,11,87,12,12,89,17,43,9,269,87,19
20230302,서울특별시,11,중구,11140,서울특별시,11,은평구,11380,21,79,22,10,79,8,39,5,248,73,18
20230302,서울특별시,11,중구,11140,서울특별시,11,서대문구,11410,14,84,14,8,67,4,41,0,200,87,12
20230302,서울특별시,11,중구,11140,서울특별시,11,마포구,11440,23,120,34,16,171,12,60,10,349,95,23
20230302,서울특별시,11,중구,11140,서울특별시,11,양천구,11470,14,73,11,4,73,11,36,5,244,77,20
20230302,서울특별시,11,중구,11140,서울특별시,11,강서구,11500,24,125,23,13,124,20,63,13,387,115,23
20230302,서울특별시,11,중구,11140,서울특별시,11,구로구,11530,12,66,16,11,74,9,44,9,216,71,17
20230302,서울특별시,11,중구,11140,서울특별시,11,금천구,11545,16,52,18,7,69,4,26,4,154,56,6
20230302,서울특별시,11,중구,11140,서울특별시,11,영등포구,11560,19,98,48,16,121,7,39,10,275,79,16
20230302,서울특별시,11,중구,11140,서울특별시,11,동작구,11590,13,66,21,10,65,5,35,11,270,87,20
20230302,서울특별시,11,서대문구,11410,서울특별시,11,노원구,11350,4,26,12,34,46,21,13,18,77,43,42
20230302,서울특별시,11,서대문구,11410,서울특별시,11,은평구,11380,6,29,16,42,43,11,12,25,60,33,15
20230302,서울특별시,11,서대문구,11410,서울특별시,11,서대문구,11410,3,27,24,37,41,13,45,14,49,34,15
20230302,서울특별시,11,서대문구,11410,서울특별시,11,마포구,11440,5,50,37,62,59,9,28,12,95,43,13
20230302,서울특별시,11,서대문구,11410,서울특별시,11,양천구,11470,9,35,21,37,46,8,15,8,75,34,23
20230302,서울특별시,11,서대문구,11410,서울특별시,11,강서구,11500,5,33,20,43,62,17,19,22,91,65,49
20230302,서울특별시,11,서대문구,11410,서울특별시,11,구로구,11530,3,22,16,36,49,19,15,11,64,45,14
20230302,서울특별시,11,서대문구,11410,서울특별시,11,금천구,11545,0,20,14,40,28,7,20,5,72,42,10
20230302,서울특별시,11,서대문구,11410,서울특별시,11,영등포구,11560,5,33,19,46,44,14,18,12,76,47,22
20230302,서울특별시,11,서대문구,11410,서울특별시,11,동작구,11590,4,26,13,35,46,13,19,10,66,32,15
20230302,서울특별시,11,서대문구,11410,서울특별시,11,관악구,11620,3,26,17,53,60,13,24,6,78,47,20
20230302,서울특별시,11,서대문구,11410,서울특별시,11,서초구,11650,5,32,27,33,42,23,21,13,60,42,13
20230302,서울특별시,11,서대문구,11410,서울특별시,11,강남구,11680,11,60,39,59,58,29,40,8,101,63,41
20230302,서울특별시,11,서대문구,11410,서울특별시,11,송파구,11710,8,45,28,73,69,31,37,33,100,64,51
20230302,서울특별시,11,서대문구,11410,서울특별시,11,강동구,11740,4,26,16,34,48,19,17,24,66,48,55
20230302,서울특별시,11,구로구,11530,서울특별시,11,은평구,11380,23,54,27,65,60,22,20,6,101,40,31
20230302,서울특별시,11,구로구,11530,서울특별시,11,서대문구,11410,19,66,20,33,61,8,15,4,77,30,30
20230302,서울특별시,11,구로구,11530,서울특별시,11,마포구,11440,22,97,33,57,71,12,31,5,92,31,55
20230302,서울특별시,11,노원구,11350,서울특별시,11,중구,11140,0,20,8,13,43,3,22,4,40,7,11
20230302,서울특별시,11,노원구,11350,서울특별시,11,용산구,11170,10,15,13,23,34,4,24,10,32,9,11
20230302,서울특별시,11,노원구,11350,서울특별시,11,성동구,11200,6,27,13,13,51,7,33,18,80,21,10
20230302,서울특별시,11,노원구,11350,서울특별시,11,광진구,11215,8,21,10,12,61,9,17,15,61,13,13
20230302,서울특별시,11,도봉구,11320,서울특별시,11,강동구,11740,8,14,6,39,36,8,16,9,127,39,10
20230302,서울특별시,11,도봉구,11320,서울특별시,11,송파구,11710,12,36,11,40,59,15,31,5,151,47,18
20230302,서울특별시,11,도봉구,11320,서울특별시,11,강남구,11680,16,25,8,65,110,12,38,5,140,52,21
20230302,서울특별시,11,도봉구,11320,서울특별시,11,서초구,11650,6,18,5,38,65,3,24,8,91,40,11
20230302,서울특별시,11,도봉구,11320,서울특별시,11,관악구,11620,11,13,14,52,51,7,22,3,114,39,8
20230302,서울특별시,11,도봉구,11320,서울특별시,11,동작구,11590,7,9,3,23,49,6,23,7,102,31,6
20230302,서울특별시,11,도봉구,11320,서울특별시,11,영등포구,11560,6,12,5,37,37,7,23,6,89,29,0
20230302,서울특별시,11,도봉구,11320,서울특별시,11,금천구,11545,6,20,6,16,26,8,16,0,77,18,3
20230302,서울특별시,11,도봉구,11320,서울특별시,11,구로구,11530,8,13,8,41,46,8,13,0,110,27,5
20230302,서울특별시,11,도봉구,11320,서울특별시,11,강서구,11500,11,18,7,52,67,7,36,8,179,47,16
20230302,서울특별시,11,도봉구,11320,서울특별시,11,양천구,11470,5,21,8,44,27,10,23,6,95,28,9
20230302,서울특별시,11,도봉구,11320,서울특별시,11,마포구,11440,10,18,11,41,68,9,21,0,99,17,8
20230302,서울특별시,11,도봉구,11320,서울특별시,11,서대문구,11410,5,16,8,28,19,4,14,5,85,20,7
20230302,서울특별시,11,도봉구,11320,서울특별시,11,은평구,11380,6,10,5,45,31,9,28,7,138,27,6
20230302,서울특별시,11,도봉구,11320,서울특별시,11,노원구,11350,10,22,13,50,36,10,28,3,160,37,10
20230302,서울특별시,11,도봉구,11320,서울특별시,11,도봉구,11320,4,16,8,26,18,8,30,0,98,20,6
20230302,서울특별시,11,도봉구,11320,서울특별시,11,강북구,11305,7,18,7,24,26,4,23,0,83,21,7
20230302,서울특별시,11,도봉구,11320,서울특별시,11,성북구,11290,13,23,13,42,40,5,29,3,134,32,9
20230302,서울특별시,11,도봉구,11320,서울특별시,11,중랑구,11260,4,14,6,20,28,11,20,4,99,24,12
20230302,서울특별시,11,도봉구,11320,서울특별시,11,동대문구,11230,6,14,4,29,35,17,19,4,105,14,9
20230302,서울특별시,11,도봉구,11320,서울특별시,11,광진구,11215,5,13,3,36,27,4,17,5,79,33,11
20230302,서울특별시,11,도봉구,11320,서울특별시,11,성동구,11200,3,22,12,23,32,4,21,8,104,25,5
20230302,서울특별시,11,중구,11140,서울특별시,11,관악구,11620,26,74,25,20,82,10,53,7,342,90,22
20230302,서울특별시,11,중구,11140,서울특별시,11,서초구,11650,23,119,44,23,175,11,54,8,313,101,28
20230302,서울특별시,11,중구,11140,서울특별시,11,강남구,11680,51,182,112,24,283,17,82,10,469,150,43
20230302,서울특별시,11,중구,11140,서울특별시,11,송파구,11710,33,134,30,14,162,13,92,31,466,166,41
20230302,서울특별시,11,중구,11140,서울특별시,11,강동구,11740,11,65,15,14,70,6,38,6,252,88,15
20230302,서울특별시,11,도봉구,11320,서울특별시,11,용산구,11170,3,3,0,36,30,5,11,0,67,15,6
20230302,서울특별시,11,도봉구,11320,서울특별시,11,중구,11140,4,15,5,15,23,3,14,0,54,14,3
20230302,서울특별시,11,도봉구,11320,서울특별시,11,종로구,11110,0,17,0,19,21,0,20,0,52,9,7
20230302,서울특별시,11,성동구,11200,서울특별시,11,영등포구,11560,14,96,29,56,64,26,82,20,259,144,28
20230302,서울특별시,11,성동구,11200,서울특별시,11,금천구,11545,12,58,15,40,30,0,33,5,151,77,31
20230302,서울특별시,11,성동구,11200,서울특별시,11,구로구,11530,16,92,32,42,43,4,50,7,198,113,28
20230302,서울특별시,11,성동구,11200,서울특별시,11,강서구,11500,22,105,40,54,84,14,77,11,370,173,56
20230302,서울특별시,11,성동구,11200,서울특별시,11,양천구,11470,10,86,20,65,50,11,60,6,221,150,43
20230302,서울특별시,11,노원구,11350,서울특별시,11,은평구,11380,8,14,10,16,59,7,42,29,50,18,21
20230302,서울특별시,11,영등포구,11560,서울특별시,11,송파구,11710,19,151,16,61,92,14,52,7,100,86,44
20230302,서울특별시,11,영등포구,11560,서울특별시,11,강남구,11680,17,187,32,69,109,4,77,6,118,50,55
20230302,서울특별시,11,영등포구,11560,서울특별시,11,서초구,11650,12,153,29,48,85,10,66,4,75,54,37
20230302,서울특별시,11,영등포구,11560,서울특별시,11,관악구,11620,20,108,24,48,68,8,32,4,104,54,48
20230302,서울특별시,11,영등포구,11560,서울특별시,11,동작구,11590,8,71,25,23,47,5,22,6,60,35,16
20230302,서울특별시,11,영등포구,11560,서울특별시,11,영등포구,11560,18,106,50,39,75,0,84,9,88,51,35
20230302,서울특별시,11,영등포구,11560,서울특별시,11,금천구,11545,5,68,14,41,37,3,27,5,66,33,21
20230302,서울특별시,11,영등포구,11560,서울특별시,11,구로구,11530,10,78,21,48,69,0,44,5,73,31,24
20230302,서울특별시,11,영등포구,11560,서울특별시,11,강서구,11500,15,125,35,62,91,8,45,6,118,47,42
20230302,서울특별시,11,영등포구,11560,서울특별시,11,양천구,11470,5,72,22,36,74,6,23,3,72,36,22
20230302,서울특별시,11,영등포구,11560,서울특별시,11,마포구,11440,18,95,32,52,75,10,64,3,102,49,33
20230302,서울특별시,11,영등포구,11560,서울특별시,11,서대문구,11410,7,69,19,33,63,3,31,0,56,51,29
20230302,서울특별시,11,영등포구,11560,서울특별시,11,은평구,11380,14,108,13,29,58,9,41,3,50,50,42
20230302,서울특별시,11,영등포구,11560,서울특별시,11,노원구,11350,5,91,12,36,60,5,44,0,60,52,43
20230302,서울특별시,11,영등포구,11560,서울특별시,11,도봉구,11320,7,45,8,17,40,0,25,0,31,25,29
20230302,서울특별시,11,영등포구,11560,서울특별시,11,강북구,11305,5,52,11,24,36,0,30,4,39,37,36
20230302,서울특별시,11,영등포구,11560,서울특별시,11,성북구,11290,10,79,16,32,64,8,38,0,108,59,39
20230302,서울특별시,11,영등포구,11560,서울특별시,11,중랑구,11260,5,84,10,22,44,0,25,4,68,39,29
20230302,서울특별시,11,영등포구,11560,서울특별시,11,동대문구,11230,14,98,16,21,59,3,33,5,70,34,32
20230302,서울특별시,11,영등포구,11560,서울특별시,11,광진구,11215,15,72,19,38,61,5,38,4,78,45,29
20230302,서울특별시,11,영등포구,11560,서울특별시,11,성동구,11200,9,92,37,41,55,5,49,5,137,64,17
20230302,서울특별시,11,영등포구,11560,서울특별시,11,용산구,11170,4,64,27,44,54,3,63,3,55,40,27
20230302,서울특별시,11,영등포구,11560,서울특별시,11,중구,11140,6,89,13,28,42,3,41,5,69,51,31
20230302,서울특별시,11,영등포구,11560,서울특별시,11,종로구,11110,6,57,17,15,33,0,37,0,37,34,25
20230302,서울특별시,11,동대문구,11230,서울특별시,11,강동구,11740,9,48,19,22,73,4,83,8,174,50,25
20230302,서울특별시,11,동대문구,11230,서울특별시,11,송파구,11710,18,71,23,32,103,10,188,20,302,78,55
20230302,서울특별시,11,동대문구,11230,서울특별시,11,강남구,11680,17,91,22,36,94,9,177,11,268,67,49
20230302,서울특별시,11,동대문구,11230,서울특별시,11,서초구,11650,13,54,21,19,85,10,115,0,180,47,40
20230302,서울특별시,11,동대문구,11230,서울특별시,11,관악구,11620,28,69,9,17,80,7,131,8,251,45,57
20230302,서울특별시,11,동대문구,11230,서울특별시,11,동작구,11590,8,37,4,22,74,6,105,10,166,37,31
20230302,서울특별시,11,동대문구,11230,서울특별시,11,영등포구,11560,14,43,16,22,64,4,93,0,177,56,28
20230302,서울특별시,11,동대문구,11230,서울특별시,11,금천구,11545,0,32,14,11,43,4,69,0,115,39,24
20230302,서울특별시,11,동대문구,11230,서울특별시,11,구로구,11530,7,44,17,26,65,3,118,3,168,43,31
20230302,서울특별시,11,동대문구,11230,서울특별시,11,강서구,11500,8,71,15,19,110,0,144,10,286,61,41
20230302,서울특별시,11,동대문구,11230,서울특별시,11,양천구,11470,10,44,6,9,69,4,81,5,147,39,23
20230302,서울특별시,11,동대문구,11230,서울특별시,11,마포구,11440,19,54,7,22,78,7,98,5,184,51,19
20230302,서울특별시,11,동대문구,11230,서울특별시,11,서대문구,11410,12,66,7,16,57,3,77,5,137,40,22
20230302,서울특별시,11,동대문구,11230,서울특별시,11,은평구,11380,6,49,18,24,65,8,126,8,194,35,25
20230302,서울특별시,11,동대문구,11230,서울특별시,11,노원구,11350,9,62,16,20,82,7,120,5,197,36,31
20230302,서울특별시,11,동대문구,11230,서울특별시,11,도봉구,11320,6,25,4,10,43,9,75,5,116,17,23
20230302,서울특별시,11,동대문구,11230,서울특별시,11,강북구,11305,10,27,7,12,31,0,81,4,114,22,27
20230302,서울특별시,11,동대문구,11230,서울특별시,11,성북구,11290,18,49,26,13,66,3,101,10,211,44,41
20230302,서울특별시,11,동대문구,11230,서울특별시,11,중랑구,11260,5,34,7,11,62,9,111,3,147,33,28
20230302,서울특별시,11,동대문구,11230,서울특별시,11,동대문구,11230,4,39,21,24,75,4,106,5,185,38,26
20230302,서울특별시,11,동대문구,11230,서울특별시,11,광진구,11215,15,32,23,20,51,5,95,7,189,37,22
20230302,서울특별시,11,동대문구,11230,서울특별시,11,성동구,11200,15,74,28,20,65,7,57,3,229,89,28
20230302,서울특별시,11,동대문구,11230,서울특별시,11,용산구,11170,5,24,10,23,33,3,63,3,109,21,18
20230302,서울특별시,11,동대문구,11230,서울특별시,11,중구,11140,6,35,9,8,34,3,49,3,107,24,12
20230302,서울특별시,11,동대문구,11230,서울특별시,11,종로구,11110,6,19,10,10,27,6,41,0,80,23,5
20230302,서울특별시,11,성동구,11200,서울특별시,11,마포구,11440,29,94,41,46,63,5,87,10,300,149,47
20230302,서울특별시,11,성동구,11200,서울특별시,11,서대문구,11410,10,64,34,28,24,0,43,0,210,111,27
20230302,서울특별시,11,성동구,11200,서울특별시,11,은평구,11380,19,53,28,41,44,8,59,7,234,147,38
20230302,서울특별시,11,성동구,11200,서울특별시,11,노원구,11350,15,67,23,55,37,8,56,4,239,153,35
20230302,서울특별시,11,성동구,11200,서울특별시,11,도봉구,11320,6,47,15,21,16,0,34,9,144,82,22
20230302,서울특별시,11,성동구,11200,서울특별시,11,강북구,11305,9,43,13,37,26,3,52,0,154,84,25
20230302,서울특별시,11,성동구,11200,서울특별시,11,성북구,11290,13,68,28,52,76,8,78,13,280,150,511
20230302,서울특별시,11,성동구,11200,서울특별시,11,중랑구,11260,13,50,15,33,50,0,47,4,191,106,26
20230302,서울특별시,11,성동구,11200,서울특별시,11,동대문구,11230,15,83,19,40,59,6,80,9,279,108,364
20230302,서울특별시,11,성동구,11200,서울특별시,11,광진구,11215,17,71,22,46,30,6,57,4,272,113,35
20230302,서울특별시,11,성동구,11200,서울특별시,11,성동구,11200,16,167,55,58,46,9,107,8,304,122,33
20230302,서울특별시,11,성동구,11200,서울특별시,11,용산구,11170,13,52,31,45,41,8,39,4,186,100,38
20230302,서울특별시,11,성동구,11200,서울특별시,11,중구,11140,11,88,14,45,60,4,60,5,160,98,235
20230302,서울특별시,11,성동구,11200,서울특별시,11,종로구,11110,7,46,14,14,37,15,59,6,119,60,173
20230302,서울특별시,11,금천구,11545,서울특별시,11,강동구,11740,15,73,34,67,94,35,65,25,194,108,255
20230302,서울특별시,11,금천구,11545,서울특별시,11,송파구,11710,35,123,37,122,162,64,129,29,304,173,382
20230302,서울특별시,11,금천구,11545,서울특별시,11,강남구,11680,27,156,57,126,172,67,134,33,319,159,413
20230302,서울특별시,11,금천구,11545,서울특별시,11,서초구,11650,21,77,32,94,88,59,80,26,216,125,213
20230302,서울특별시,11,금천구,11545,서울특별시,11,관악구,11620,30,56,35,100,101,27,96,21,232,114,288
20230302,서울특별시,11,금천구,11545,서울특별시,11,동작구,11590,18,42,18,66,92,23,69,25,177,75,219
20230302,서울특별시,11,금천구,11545,서울특별시,11,영등포구,11560,18,96,21,102,102,52,81,25,202,107,269
20230302,서울특별시,11,금천구,11545,서울특별시,11,금천구,11545,17,57,19,58,60,24,67,9,130,73,119
20230302,서울특별시,11,금천구,11545,서울특별시,11,구로구,11530,15,64,30,77,109,36,72,23,165,135,266
20230302,서울특별시,11,금천구,11545,서울특별시,11,강서구,11500,27,75,38,123,101,56,78,25,305,161,328
20230302,서울특별시,11,금천구,11545,서울특별시,11,양천구,11470,23,52,13,64,80,22,66,21,212,117,231
20230302,서울특별시,11,금천구,11545,서울특별시,11,마포구,11440,29,71,38,74,78,45,83,21,203,144,236
20230302,서울특별시,11,금천구,11545,서울특별시,11,서대문구,11410,15,41,23,76,72,14,52,18,136,73,174
20230302,서울특별시,11,금천구,11545,서울특별시,11,은평구,11380,21,53,20,77,88,27,68,22,170,102,237
20230302,서울특별시,11,금천구,11545,서울특별시,11,노원구,11350,12,52,21,85,96,36,67,26,180,103,262
20230302,서울특별시,11,금천구,11545,서울특별시,11,도봉구,11320,12,32,9,50,61,15,42,13,117,57,131
20230302,서울특별시,11,금천구,11545,서울특별시,11,강북구,11305,14,31,7,37,54,15,50,7,112,45,113
20230302,서울특별시,11,금천구,11545,서울특별시,11,성북구,11290,37,62,16,82,89,36,71,20,184,109,207
20230302,서울특별시,11,금천구,11545,서울특별시,11,중랑구,11260,30,45,11,55,79,12,71,18,153,60,183
20230302,서울특별시,11,금천구,11545,서울특별시,11,동대문구,11230,28,58,27,63,85,24,81,21,157,249,186
20230302,서울특별시,11,금천구,11545,서울특별시,11,광진구,11215,22,62,15,53,81,38,53,19,171,84,196
20230302,서울특별시,11,금천구,11545,서울특별시,11,성동구,11200,18,60,26,70,92,24,65,20,197,94,167
20230302,서울특별시,11,금천구,11545,서울특별시,11,용산구,11170,16,43,14,68,51,28,37,7,120,55,111
20230302,서울특별시,11,금천구,11545,서울특별시,11,중구,11140,14,37,25,44,51,18,49,6,88,43,102
20230302,서울특별시,11,금천구,11545,서울특별시,11,종로구,11110,12,34,11,46,43,9,44,11,79,37,84
20230302,서울특별시,11,관악구,11620,서울특별시,11,종로구,11110,5,9,61,9,16,0,9,0,33,12,6
20230302,서울특별시,11,관악구,11620,서울특별시,11,중구,11140,8,23,27,7,21,0,11,0,34,8,8
20230302,서울특별시,11,관악구,11620,서울특별시,11,용산구,11170,6,12,33,19,26,0,18,0,33,16,11
20230302,서울특별시,11,관악구,11620,서울특별시,11,성동구,11200,0,31,64,7,43,5,10,0,127,38,0
20230302,서울특별시,11,관악구,11620,서울특별시,11,광진구,11215,0,35,31,10,28,5,19,0,56,32,18
20230302,서울특별시,11,관악구,11620,서울특별시,11,동대문구,11230,0,18,92,8,32,7,12,0,47,20,12
20230302,서울특별시,11,관악구,11620,서울특별시,11,중랑구,11260,0,18,17,10,42,0,15,3,45,22,14
20230302,서울특별시,11,관악구,11620,서울특별시,11,성북구,11290,5,23,68,6,39,0,15,0,79,26,14
20230302,서울특별시,11,관악구,11620,서울특별시,11,강북구,11305,0,20,17,5,24,0,8,0,37,17,8
20230302,서울특별시,11,관악구,11620,서울특별시,11,도봉구,11320,4,14,21,14,25,4,7,0,28,15,5
20230302,서울특별시,11,관악구,11620,서울특별시,11,노원구,11350,0,19,46,5,38,7,17,3,43,25,14
20230302,서울특별시,11,관악구,11620,서울특별시,11,은평구,11380,6,25,38,6,41,5,10,7,58,29,18
20230302,서울특별시,11,관악구,11620,서울특별시,11,서대문구,11410,3,21,68,15,42,5,8,0,39,14,11
20230302,서울특별시,11,관악구,11620,서울특별시,11,마포구,11440,14,25,54,20,46,4,16,3,44,20,14
20230302,서울특별시,11,관악구,11620,서울특별시,11,양천구,11470,6,30,31,11,45,4,13,3,44,28,12
20230302,서울특별시,11,관악구,11620,서울특별시,11,강서구,11500,8,34,44,20,52,4,17,11,84,36,23
20230302,서울특별시,11,관악구,11620,서울특별시,11,구로구,11530,10,26,33,11,37,4,14,6,61,12,15
20230302,서울특별시,11,관악구,11620,서울특별시,11,금천구,11545,4,22,28,18,42,0,29,5,54,31,235
20230302,서울특별시,11,관악구,11620,서울특별시,11,영등포구,11560,4,19,44,15,29,4,13,0,50,19,19
20230302,서울특별시,11,관악구,11620,서울특별시,11,동작구,11590,6,22,87,6,69,7,39,3,67,24,361
20230302,서울특별시,11,관악구,11620,서울특별시,11,관악구,11620,6,41,71,22,94,5,101,0,86,36,422
20230302,서울특별시,11,관악구,11620,서울특별시,11,서초구,11650,9,27,57,13,60,4,18,0,32,28,22
20230302,서울특별시,11,관악구,11620,서울특별시,11,강남구,11680,14,45,67,23,71,3,20,3,85,47,39
20230302,서울특별시,11,관악구,11620,서울특별시,11,송파구,11710,5,42,49,20,53,12,33,11,60,40,22
20230302,서울특별시,11,관악구,11620,서울특별시,11,강동구,11740,4,21,34,5,38,0,8,4,46,33,11
20230302,서울특별시,11,노원구,11350,서울특별시,11,동대문구,11230,7,17,9,14,55,4,38,14,71,8,27
20230302,서울특별시,11,노원구,11350,서울특별시,11,중랑구,11260,7,20,8,10,42,9,22,17,67,16,13
20230302,서울특별시,11,노원구,11350,서울특별시,11,성북구,11290,21,29,9,21,48,3,38,23,85,20,10
20230302,서울특별시,11,노원구,11350,서울특별시,11,강북구,11305,6,10,9,11,33,0,28,9,35,12,19
20230302,서울특별시,11,노원구,11350,서울특별시,11,도봉구,11320,8,15,19,16,35,4,39,8,45,13,15
20230302,서울특별시,11,노원구,11350,서울특별시,11,노원구,11350,7,48,40,26,66,6,90,20,104,27,26
20230302,서울특별시,11,종로구,11110,서울특별시,11,강동구,11740,11,47,33,16,39,3,24,0,134,53,16
20230302,서울특별시,11,종로구,11110,서울특별시,11,송파구,11710,18,90,54,27,105,5,37,5,235,79,30
20230302,서울특별시,11,종로구,11110,서울특별시,11,강남구,11680,33,118,54,35,106,10,48,0,261,110,27
20230303,서울특별시,11,노원구,11350,서울특별시,11,도봉구,11320,0,15,9,14,21,4,34,9,42,5,6
20230303,서울특별시,11,노원구,11350,서울특별시,11,노원구,11350,3,31,57,16,38,3,56,18,65,12,19
20230303,서울특별시,11,노원구,11350,서울특별시,11,은평구,11380,0,8,10,19,46,3,26,22,42,12,6
20230303,서울특별시,11,노원구,11350,서울특별시,11,서대문구,11410,3,6,10,7,32,0,22,16,38,6,6
20230303,서울특별시,11,노원구,11350,서울특별시,11,마포구,11440,3,14,9,11,50,0,40,13,63,16,7
20230303,서울특별시,11,노원구,11350,서울특별시,11,양천구,11470,3,16,6,16,28,0,42,15,36,5,12
20230303,서울특별시,11,노원구,11350,서울특별시,11,강서구,11500,9,12,14,22,40,6,35,21,77,12,12
20230303,서울특별시,11,노원구,11350,서울특별시,11,구로구,11530,3,11,8,15,30,4,29,14,42,12,4
20230303,서울특별시,11,노원구,11350,서울특별시,11,금천구,11545,0,48,6,25,26,3,19,9,46,12,8
20230303,서울특별시,11,노원구,11350,서울특별시,11,영등포구,11560,0,11,7,16,50,5,25,16,50,10,7
20230303,서울특별시,11,노원구,11350,서울특별시,11,동작구,11590,4,6,6,10,22,5,27,12,41,5,4
20230303,서울특별시,11,노원구,11350,서울특별시,11,관악구,11620,0,14,6,13,39,4,28,18,59,11,6
20230303,서울특별시,11,노원구,11350,서울특별시,11,서초구,11650,4,22,12,10,62,0,34,12,31,9,7
20230303,서울특별시,11,노원구,11350,서울특별시,11,강남구,11680,10,27,14,23,80,7,43,9,65,15,8
20230303,서울특별시,11,노원구,11350,서울특별시,11,송파구,11710,9,33,10,16,49,5,48,18,65,16,9
20230303,서울특별시,11,구로구,11530,서울특별시,11,성북구,11290,11,52,10,43,34,4,14,5,87,39,31
20230303,서울특별시,11,구로구,11530,서울특별시,11,중랑구,11260,13,37,8,16,29,5,7,3,72,20,20
20230303,서울특별시,11,구로구,11530,서울특별시,11,동대문구,11230,18,68,13,21,28,5,12,7,77,23,31
20230303,서울특별시,11,구로구,11530,서울특별시,11,광진구,11215,17,47,10,27,42,9,13,5,63,29,26
20230303,서울특별시,11,구로구,11530,서울특별시,11,성동구,11200,12,52,9,34,27,6,10,3,109,41,18
20230303,서울특별시,11,구로구,11530,서울특별시,11,용산구,11170,7,37,7,39,32,7,7,0,37,15,12
20230303,서울특별시,11,구로구,11530,서울특별시,11,중구,11140,9,29,11,28,20,3,7,0,46,16,15
20230303,서울특별시,11,구로구,11530,서울특별시,11,종로구,11110,6,25,9,16,26,3,9,0,38,9,16
20230303,서울특별시,11,동작구,11590,서울특별시,11,강동구,11740,3,18,24,18,27,4,33,9,39,7,16
20230303,서울특별시,11,동작구,11590,서울특별시,11,송파구,11710,15,23,47,20,73,10,34,14,63,31,32
20230303,서울특별시,11,동작구,11590,서울특별시,11,강남구,11680,24,45,60,30,67,7,45,12,71,17,21
20230303,서울특별시,11,동작구,11590,서울특별시,11,서초구,11650,11,25,51,25,64,4,74,12,49,13,22
20230303,서울특별시,11,동작구,11590,서울특별시,11,관악구,11620,12,10,56,21,71,6,48,5,65,9,18
20230303,서울특별시,11,동작구,11590,서울특별시,11,동작구,11590,6,15,50,20,39,7,46,14,51,12,10
20230303,서울특별시,11,동작구,11590,서울특별시,11,영등포구,11560,6,23,42,15,47,7,23,14,34,12,14
20230303,서울특별시,11,동작구,11590,서울특별시,11,금천구,11545,0,23,14,11,24,0,23,5,29,14,7
20230303,서울특별시,11,동작구,11590,서울특별시,11,구로구,11530,6,14,20,12,37,4,25,8,28,16,15
20230303,서울특별시,11,동작구,11590,서울특별시,11,강서구,11500,10,24,35,29,54,6,43,20,55,18,14
20230303,서울특별시,11,동작구,11590,서울특별시,11,양천구,11470,3,12,28,7,30,6,25,11,25,13,11
20230303,서울특별시,11,동작구,11590,서울특별시,11,마포구,11440,14,14,30,35,39,6,33,13,45,18,15
20230303,서울특별시,11,동작구,11590,서울특별시,11,서대문구,11410,3,7,26,11,42,4,25,5,26,10,8
20230303,서울특별시,11,동작구,11590,서울특별시,11,은평구,11380,9,11,25,6,28,5,36,8,30,11,17
20230303,서울특별시,11,동작구,11590,서울특별시,11,노원구,11350,7,16,31,22,45,8,34,8,41,14,10
20230303,서울특별시,11,동작구,11590,서울특별시,11,도봉구,11320,7,12,19,5,28,0,16,6,21,7,7
20230303,서울특별시,11,동작구,11590,서울특별시,11,강북구,11305,3,11,15,5,28,0,15,0,25,9,12
20230303,서울특별시,11,노원구,11350,서울특별시,11,강동구,11740,5,13,5,9,34,5,39,25,41,14,9
20230303,서울특별시,11,성동구,11200,서울특별시,11,송파구,11710,21,92,58,34,51,9,77,14,297,108,35
20230303,서울특별시,11,성동구,11200,서울특별시,11,강남구,11680,26,168,90,43,81,13,67,16,350,140,55
20230303,서울특별시,11,성동구,11200,서울특별시,11,서초구,11650,21,86,60,35,60,4,39,8,193,83,27
20230303,서울특별시,11,성동구,11200,서울특별시,11,관악구,11620,11,90,49,23,28,6,53,6,254,76,28
20230303,서울특별시,11,성동구,11200,서울특별시,11,동작구,11590,8,70,43,27,33,0,30,7,179,55,12
20230303,서울특별시,11,성동구,11200,서울특별시,11,영등포구,11560,8,67,47,27,52,4,84,17,158,70,27
20230303,서울특별시,11,성동구,11200,서울특별시,11,금천구,11545,7,54,27,23,24,5,25,4,104,24,14
20230303,서울특별시,11,금천구,11545,서울특별시,11,동대문구,11230,18,24,12,54,40,20,37,13,128,170,96
20230303,서울특별시,11,금천구,11545,서울특별시,11,중랑구,11260,13,25,11,37,33,18,36,17,137,56,84
20230303,서울특별시,11,금천구,11545,서울특별시,11,성북구,11290,17,40,24,51,70,25,47,21,170,96,121
20230303,서울특별시,11,금천구,11545,서울특별시,11,강북구,11305,6,20,8,25,27,10,26,9,87,57,56
20230303,서울특별시,11,금천구,11545,서울특별시,11,도봉구,11320,4,15,3,20,34,7,36,13,80,50,69
20230303,서울특별시,11,금천구,11545,서울특별시,11,노원구,11350,16,31,23,40,53,23,43,21,150,80,106
20230303,서울특별시,11,금천구,11545,서울특별시,11,은평구,11380,13,35,12,49,50,13,54,16,143,89,103
20230303,서울특별시,11,금천구,11545,서울특별시,11,서대문구,11410,18,40,12,36,54,15,48,16,112,73,78
20230303,서울특별시,11,금천구,11545,서울특별시,11,마포구,11440,20,42,35,67,63,24,55,24,180,127,98
20230303,서울특별시,11,금천구,11545,서울특별시,11,양천구,11470,15,41,15,48,51,29,41,20,166,82,109
20230303,서울특별시,11,금천구,11545,서울특별시,11,강서구,11500,23,61,25,85,89,32,65,27,202,123,144
20230303,서울특별시,11,금천구,11545,서울특별시,11,구로구,11530,17,45,23,62,64,32,60,20,120,117,114
20230303,서울특별시,11,금천구,11545,서울특별시,11,금천구,11545,10,53,19,32,37,16,49,7,86,65,60
20230303,서울특별시,11,금천구,11545,서울특별시,11,영등포구,11560,14,53,34,63,42,22,50,26,142,82,130
20230303,서울특별시,11,금천구,11545,서울특별시,11,동작구,11590,19,25,17,43,47,15,41,20,155,71,88
20230303,서울특별시,11,금천구,11545,서울특별시,11,관악구,11620,28,58,15,64,58,18,69,9,209,95,121
20230303,서울특별시,11,금천구,11545,서울특별시,11,서초구,11650,20,56,18,53,72,29,68,21,191,120,140
20230303,서울특별시,11,금천구,11545,서울특별시,11,강남구,11680,27,109,40,76,111,45,111,29,249,131,210
20230303,서울특별시,11,금천구,11545,서울특별시,11,송파구,11710,31,92,35,82,87,41,74,34,252,151,197
20230303,서울특별시,11,금천구,11545,서울특별시,11,강동구,11740,14,30,16,49,50,20,49,23,174,110,107
20230303,서울특별시,11,성동구,11200,서울특별시,11,구로구,11530,23,54,26,52,30,5,42,6,152,50,17
20230303,서울특별시,11,성동구,11200,서울특별시,11,강서구,11500,16,91,52,29,45,5,53,9,244,70,27
20230303,서울특별시,11,성동구,11200,서울특별시,11,양천구,11470,10,92,30,31,23,0,23,6,136,35,14
20230303,서울특별시,11,성동구,11200,서울특별시,11,마포구,11440,19,96,64,22,48,7,41,10,200,62,31
20230303,서울특별시,11,성동구,11200,서울특별시,11,서대문구,11410,10,41,33,18,18,0,29,4,128,46,18
20230303,서울특별시,11,성동구,11200,서울특별시,11,은평구,11380,16,65,26,19,25,4,44,4,143,61,30
20230303,서울특별시,11,성동구,11200,서울특별시,11,노원구,11350,17,58,39,29,30,7,44,5,172,47,14
20230303,서울특별시,11,성동구,11200,서울특별시,11,도봉구,11320,4,33,28,19,13,5,23,3,109,27,11
20230303,서울특별시,11,성동구,11200,서울특별시,11,강북구,11305,6,33,19,12,13,3,20,6,98,23,8
20230303,서울특별시,11,성동구,11200,서울특별시,11,성북구,11290,15,78,26,26,76,0,72,4,211,58,583
20230303,서울특별시,11,성동구,11200,서울특별시,11,중랑구,11260,8,47,18,16,31,0,28,4,135,41,13
20230303,서울특별시,11,성동구,11200,서울특별시,11,동대문구,11230,13,67,30,22,74,5,54,7,166,59,472
20230303,서울특별시,11,동작구,11590,서울특별시,11,성북구,11290,7,15,36,9,41,0,25,7,52,18,16
20230303,서울특별시,11,동작구,11590,서울특별시,11,중랑구,11260,5,14,10,12,21,5,18,15,34,6,12
20230303,서울특별시,11,동작구,11590,서울특별시,11,동대문구,11230,7,10,34,5,47,4,21,7,32,12,11
20230303,서울특별시,11,동작구,11590,서울특별시,11,광진구,11215,5,13,24,11,48,6,29,4,31,9,17
20230303,서울특별시,11,동작구,11590,서울특별시,11,성동구,11200,3,36,43,10,24,0,20,8,71,32,16
20230303,서울특별시,11,동작구,11590,서울특별시,11,용산구,11170,4,10,15,16,24,0,12,8,29,5,14
20230303,서울특별시,11,동작구,11590,서울특별시,11,중구,11140,3,13,20,5,18,3,19,0,36,12,5
20230303,서울특별시,11,성동구,11200,서울특별시,11,광진구,11215,12,70,42,28,33,0,39,4,173,54,19
20230303,서울특별시,11,성동구,11200,서울특별시,11,성동구,11200,8,147,54,23,30,3,46,8,211,96,34
20230303,서울특별시,11,성동구,11200,서울특별시,11,용산구,11170,3,55,32,34,27,6,26,0,123,34,19
20230303,서울특별시,11,성동구,11200,서울특별시,11,중구,11140,7,69,27,18,47,0,37,0,117,48,254
20230303,서울특별시,11,성동구,11200,서울특별시,11,종로구,11110,8,37,30,17,33,0,45,5,82,31,202
20230303,서울특별시,11,서초구,11650,서울특별시,11,성동구,11200,7,88,44,23,70,6,32,6,113,38,36
20230303,서울특별시,11,서초구,11650,서울특별시,11,광진구,11215,9,31,37,18,53,0,36,6,55,15,27
20230303,서울특별시,11,서초구,11650,서울특별시,11,동대문구,11230,6,54,36,26,58,3,23,9,45,11,28
20230303,서울특별시,11,서초구,11650,서울특별시,11,중랑구,11260,4,24,23,16,47,5,20,6,48,13,22
20230303,서울특별시,11,서초구,11650,서울특별시,11,성북구,11290,13,44,40,15,69,8,35,7,50,19,25
20230303,서울특별시,11,서초구,11650,서울특별시,11,강북구,11305,4,23,32,9,33,0,19,5,19,5,10
20230303,서울특별시,11,서초구,11650,서울특별시,11,도봉구,11320,3,20,26,10,46,0,13,4,23,9,14
20230303,서울특별시,11,서초구,11650,서울특별시,11,노원구,11350,3,33,50,15,59,4,32,5,41,18,24
20230303,서울특별시,11,서초구,11650,서울특별시,11,은평구,11380,6,41,47,9,64,6,36,4,27,9,25
20230303,서울특별시,11,서초구,11650,서울특별시,11,서대문구,11410,9,58,36,26,61,4,24,3,26,23,19
20230303,서울특별시,11,서초구,11650,서울특별시,11,마포구,11440,11,93,45,26,75,7,50,7,63,26,45
20230303,서울특별시,11,서초구,11650,서울특별시,11,양천구,11470,6,39,42,14,55,4,34,7,36,17,28
20230303,서울특별시,11,송파구,11710,서울특별시,11,동대문구,11230,0,62,13,15,36,11,43,0,115,25,18
20230303,서울특별시,11,송파구,11710,서울특별시,11,중랑구,11260,0,30,11,10,34,6,30,3,92,18,18
20230303,서울특별시,11,송파구,11710,서울특별시,11,성북구,11290,4,44,11,19,22,9,35,0,138,27,19
20230303,서울특별시,11,송파구,11710,서울특별시,11,강북구,11305,0,18,17,5,23,3,29,0,50,13,8
20230303,서울특별시,11,송파구,11710,서울특별시,11,도봉구,11320,4,28,5,10,15,6,26,0,45,15,7
20230303,서울특별시,11,송파구,11710,서울특별시,11,노원구,11350,9,46,26,12,39,15,71,0,107,18,17
20230303,서울특별시,11,송파구,11710,서울특별시,11,은평구,11380,6,28,26,10,31,9,38,0,85,22,19
20230303,서울특별시,11,서초구,11650,서울특별시,11,강서구,11500,13,88,59,37,85,9,44,9,73,28,41
20230303,서울특별시,11,동작구,11590,서울특별시,11,종로구,11110,8,12,29,9,19,3,14,3,24,10,4
20230303,서울특별시,11,서초구,11650,서울특별시,11,구로구,11530,8,64,29,22,55,4,30,7,36,19,26
20230303,서울특별시,11,서초구,11650,서울특별시,11,금천구,11545,4,91,19,15,57,0,22,4,53,43,13
20230303,서울특별시,11,송파구,11710,서울특별시,11,서대문구,11410,0,33,17,16,24,9,38,0,74,21,8
20230303,서울특별시,11,송파구,11710,서울특별시,11,마포구,11440,5,36,27,15,44,10,50,0,106,30,23
20230303,서울특별시,11,송파구,11710,서울특별시,11,양천구,11470,6,43,24,8,22,16,45,0,88,24,12
20230303,서울특별시,11,송파구,11710,서울특별시,11,강서구,11500,11,83,19,26,42,19,51,8,139,36,18
20230303,서울특별시,11,송파구,11710,서울특별시,11,구로구,11530,3,34,16,19,30,8,48,0,106,16,15
20230303,서울특별시,11,송파구,11710,서울특별시,11,금천구,11545,4,42,14,11,24,6,24,0,88,29,16
20230303,서울특별시,11,송파구,11710,서울특별시,11,영등포구,11560,6,52,26,32,30,11,46,7,90,25,32
20230303,서울특별시,11,송파구,11710,서울특별시,11,동작구,11590,0,31,14,13,40,15,34,0,109,8,20
20230303,서울특별시,11,송파구,11710,서울특별시,11,관악구,11620,5,49,19,18,44,7,52,4,135,27,27
20230303,서울특별시,11,송파구,11710,서울특별시,11,서초구,11650,8,56,35,23,65,26,69,0,120,29,32
20230303,서울특별시,11,송파구,11710,서울특별시,11,강남구,11680,11,129,42,35,88,25,96,3,218,49,67
20230303,서울특별시,11,송파구,11710,서울특별시,11,송파구,11710,6,93,47,38,90,30,124,3,255,51,51
20230303,서울특별시,11,송파구,11710,서울특별시,11,강동구,11740,0,43,26,35,35,13,47,0,116,27,29
20230303,서울특별시,11,성북구,11290,서울특별시,11,종로구,11110,3,29,19,12,16,5,31,7,88,37,0
20230303,서울특별시,11,성북구,11290,서울특별시,11,중구,11140,6,51,16,12,13,0,28,8,115,34,9
20230303,서울특별시,11,성북구,11290,서울특별시,11,용산구,11170,3,58,9,23,18,8,32,9,119,41,3
20230303,서울특별시,11,성북구,11290,서울특별시,11,성동구,11200,4,67,21,22,29,5,45,16,265,111,9
20230303,서울특별시,11,성북구,11290,서울특별시,11,광진구,11215,4,51,10,28,29,5,40,11,230,73,12
20230303,서울특별시,11,성북구,11290,서울특별시,11,동대문구,11230,4,54,32,18,35,0,39,16,220,64,11
20230303,서울특별시,11,성북구,11290,서울특별시,11,중랑구,11260,5,58,13,21,25,6,39,17,214,55,10
20230303,서울특별시,11,성북구,11290,서울특별시,11,성북구,11290,11,82,24,26,39,7,84,17,329,87,14
20230303,서울특별시,11,성북구,11290,서울특별시,11,강북구,11305,3,36,13,20,13,3,33,13,186,46,10
20230303,서울특별시,11,성북구,11290,서울특별시,11,도봉구,11320,5,53,13,19,21,5,38,10,166,47,10
20230303,서울특별시,11,성북구,11290,서울특별시,11,노원구,11350,9,61,20,20,45,10,50,15,260,81,12
20230303,서울특별시,11,성북구,11290,서울특별시,11,은평구,11380,8,64,16,20,28,9,70,17,237,88,12
20230303,서울특별시,11,강북구,11305,서울특별시,11,강동구,11740,3,16,0,6,8,0,3,10,51,12,8
20230303,서울특별시,11,강북구,11305,서울특별시,11,송파구,11710,4,11,6,9,18,3,7,9,69,10,12
20230303,서울특별시,11,강북구,11305,서울특별시,11,강남구,11680,7,28,8,10,29,4,10,5,74,21,15
20230303,서울특별시,11,강북구,11305,서울특별시,11,서초구,11650,0,19,6,11,16,0,4,0,38,8,10
20230303,서울특별시,11,강북구,11305,서울특별시,11,관악구,11620,0,11,6,13,5,0,4,0,94,14,10
20230303,서울특별시,11,강북구,11305,서울특별시,11,동작구,11590,0,10,3,5,15,0,7,4,57,5,6
20230303,서울특별시,11,강북구,11305,서울특별시,11,영등포구,11560,3,13,5,8,11,0,5,0,41,9,12
20230303,서울특별시,11,강북구,11305,서울특별시,11,금천구,11545,0,12,5,7,5,3,0,0,57,14,7
20230303,서울특별시,11,강북구,11305,서울특별시,11,구로구,11530,0,12,5,5,12,0,3,0,54,3,11
20230303,서울특별시,11,강북구,11305,서울특별시,11,강서구,11500,3,29,3,10,25,3,7,4,96,12,15
20230303,서울특별시,11,강북구,11305,서울특별시,11,양천구,11470,0,8,4,4,10,0,4,0,51,14,6
20230303,서울특별시,11,강북구,11305,서울특별시,11,마포구,11440,0,21,10,8,10,0,5,0,45,19,13
20230303,서울특별시,11,강북구,11305,서울특별시,11,서대문구,11410,0,11,0,6,7,0,5,3,45,9,0
20230303,서울특별시,11,강북구,11305,서울특별시,11,은평구,11380,0,13,3,3,4,0,0,4,64,11,12
20230303,서울특별시,11,강북구,11305,서울특별시,11,노원구,11350,0,17,9,9,10,0,11,4,69,12,5
20230303,서울특별시,11,강북구,11305,서울특별시,11,도봉구,11320,0,11,3,4,0,0,9,0,29,6,3
20230303,서울특별시,11,강북구,11305,서울특별시,11,강북구,11305,0,15,4,0,10,0,18,5,38,6,4
20230303,서울특별시,11,강북구,11305,서울특별시,11,성북구,11290,3,20,0,5,7,0,9,4,62,7,11
20230303,서울특별시,11,강북구,11305,서울특별시,11,중랑구,11260,4,13,4,5,15,0,8,5,68,9,6
20230303,서울특별시,11,강북구,11305,서울특별시,11,동대문구,11230,0,16,4,3,6,0,9,0,62,11,5
20230303,서울특별시,11,강북구,11305,서울특별시,11,광진구,11215,4,12,4,4,6,0,5,4,39,7,11
20230303,서울특별시,11,강북구,11305,서울특별시,11,성동구,11200,0,16,12,5,8,0,5,6,56,17,8
20230303,서울특별시,11,강북구,11305,서울특별시,11,용산구,11170,0,12,6,9,4,0,7,0,25,4,5
20230303,서울특별시,11,강북구,11305,서울특별시,11,중구,11140,0,15,6,4,8,0,0,0,33,3,0
20230303,서울특별시,11,강북구,11305,서울특별시,11,종로구,11110,0,12,5,3,8,0,3,0,18,7,0
20230303,서울특별시,11,도봉구,11320,서울특별시,11,구로구,11530,8,13,5,16,16,0,10,3,51,20,0
20230303,서울특별시,11,도봉구,11320,서울특별시,11,금천구,11545,3,9,0,12,12,4,7,0,39,12,8
20230303,서울특별시,11,도봉구,11320,서울특별시,11,영등포구,11560,8,13,5,26,17,3,7,4,45,18,8
20230303,서울특별시,11,도봉구,11320,서울특별시,11,동작구,11590,7,10,3,11,21,4,13,0,28,23,6
20230303,서울특별시,11,도봉구,11320,서울특별시,11,관악구,11620,9,13,10,27,22,3,19,3,70,22,8
20230303,서울특별시,11,도봉구,11320,서울특별시,11,서초구,11650,0,13,7,18,28,9,13,6,46,22,5
20230303,서울특별시,11,도봉구,11320,서울특별시,11,강남구,11680,7,30,8,23,50,6,24,6,68,23,15
20230303,서울특별시,11,도봉구,11320,서울특별시,11,송파구,11710,0,20,6,33,40,8,21,8,71,32,8
20230303,서울특별시,11,도봉구,11320,서울특별시,11,강동구,11740,7,13,4,19,17,7,14,3,49,13,9
20230303,서울특별시,11,중구,11140,서울특별시,11,강동구,11740,14,51,29,12,59,3,26,0,194,48,13
20230303,서울특별시,11,중구,11140,서울특별시,11,송파구,11710,7,96,37,13,107,9,22,11,384,109,22
20230303,서울특별시,11,성북구,11290,서울특별시,11,서대문구,11410,7,53,8,20,18,5,32,18,193,75,17
20230303,서울특별시,11,성북구,11290,서울특별시,11,마포구,11440,9,77,17,25,41,10,64,15,217,84,15
20230303,서울특별시,11,성북구,11290,서울특별시,11,양천구,11470,6,63,8,19,17,6,63,19,205,75,14
20230303,서울특별시,11,성북구,11290,서울특별시,11,강서구,11500,7,85,16,33,40,12,58,19,324,106,23
20230303,서울특별시,11,성북구,11290,서울특별시,11,구로구,11530,8,49,7,21,26,11,37,19,183,64,13
20230303,서울특별시,11,성북구,11290,서울특별시,11,금천구,11545,5,47,8,17,15,7,23,9,160,56,10
20230303,서울특별시,11,성북구,11290,서울특별시,11,영등포구,11560,8,65,25,24,30,12,62,16,225,84,11
20230303,서울특별시,11,성북구,11290,서울특별시,11,동작구,11590,3,57,17,20,21,9,58,16,236,80,13
20230303,서울특별시,11,성북구,11290,서울특별시,11,관악구,11620,6,70,11,30,33,6,65,19,333,103,18
20230303,서울특별시,11,성북구,11290,서울특별시,11,서초구,11650,12,83,19,31,28,15,57,24,205,74,20
20230303,서울특별시,11,성북구,11290,서울특별시,11,강남구,11680,14,110,27,30,57,7,86,31,376,132,26
20230303,서울특별시,11,성북구,11290,서울특별시,11,송파구,11710,6,101,23,34,62,17,96,25,383,125,22
20230303,서울특별시,11,성북구,11290,서울특별시,11,강동구,11740,0,55,4,27,33,8,53,21,221,82,11
20230303,서울특별시,11,서초구,11650,서울특별시,11,영등포구,11560,8,121,49,27,62,3,35,12,41,34,20
20230303,서울특별시,11,서초구,11650,서울특별시,11,동작구,11590,12,56,55,20,74,8,45,5,58,23,24
20230303,서울특별시,11,서초구,11650,서울특별시,11,관악구,11620,10,38,55,22,72,0,27,4,40,40,29
20230303,서울특별시,11,서초구,11650,서울특별시,11,서초구,11650,46,252,83,46,129,10,253,15,138,41,41
20230303,서울특별시,11,서초구,11650,서울특별시,11,강남구,11680,32,316,105,42,132,13,92,14,131,70,56
20230303,서울특별시,11,서초구,11650,서울특별시,11,송파구,11710,15,133,72,36,118,5,52,9,99,43,52
20230303,서울특별시,11,서초구,11650,서울특별시,11,강동구,11740,11,44,35,22,73,4,31,9,44,18,25
20230303,서울특별시,11,양천구,11470,서울특별시,11,성동구,11200,0,18,28,10,22,9,6,0,64,72,8
20230303,서울특별시,11,양천구,11470,서울특별시,11,광진구,11215,0,13,10,20,50,9,14,0,30,27,12
20230303,서울특별시,11,중랑구,11260,서울특별시,11,종로구,11110,5,16,0,7,18,4,28,0,42,18,7
20230303,서울특별시,11,중랑구,11260,서울특별시,11,중구,11140,12,24,8,5,19,5,24,8,57,20,26
20230303,서울특별시,11,중랑구,11260,서울특별시,11,용산구,11170,6,18,6,25,27,4,38,5,50,22,13
20230303,서울특별시,11,중랑구,11260,서울특별시,11,성동구,11200,15,59,19,13,40,7,31,8,117,32,26
20230303,서울특별시,11,중랑구,11260,서울특별시,11,광진구,11215,16,34,12,14,38,5,32,7,96,29,22
20230303,서울특별시,11,중랑구,11260,서울특별시,11,동대문구,11230,16,45,14,12,29,4,49,10,112,31,27
20230303,서울특별시,11,중랑구,11260,서울특별시,11,중랑구,11260,12,43,17,8,44,8,58,5,98,21,23
20230303,서울특별시,11,중랑구,11260,서울특별시,11,성북구,11290,14,44,17,13,52,11,46,4,108,47,25
20230303,서울특별시,11,중랑구,11260,서울특별시,11,강북구,11305,11,22,6,16,33,3,31,6,61,24,26
20230303,서울특별시,11,중랑구,11260,서울특별시,11,도봉구,11320,8,25,6,7,21,12,31,10,58,25,21
20230303,서울특별시,11,중랑구,11260,서울특별시,11,노원구,11350,14,50,19,18,48,14,54,5,96,36,25
20230303,서울특별시,11,중랑구,11260,서울특별시,11,은평구,11380,8,39,13,13,49,6,58,9,90,26,28
20230303,서울특별시,11,중랑구,11260,서울특별시,11,서대문구,11410,13,36,11,10,39,9,37,10,90,27,22
20230303,서울특별시,11,중랑구,11260,서울특별시,11,마포구,11440,21,58,18,23,59,13,44,9,91,41,34
20230303,서울특별시,11,중랑구,11260,서울특별시,11,양천구,11470,13,42,17,9,51,11,42,10,95,47,21
20230303,서울특별시,11,중랑구,11260,서울특별시,11,강서구,11500,22,52,31,25,63,23,60,15,143,41,47
20230303,서울특별시,11,중랑구,11260,서울특별시,11,구로구,11530,8,35,19,12,44,8,50,8,100,34,18
20230303,서울특별시,11,중랑구,11260,서울특별시,11,금천구,11545,11,27,0,8,33,5,31,5,84,28,20
20230303,서울특별시,11,중랑구,11260,서울특별시,11,영등포구,11560,19,38,15,14,44,6,51,4,86,32,27
20230303,서울특별시,11,중랑구,11260,서울특별시,11,동작구,11590,13,30,15,9,45,17,34,5,103,27,26
20230303,서울특별시,11,중랑구,11260,서울특별시,11,관악구,11620,16,42,4,18,64,9,52,8,132,49,33
20230303,서울특별시,11,중랑구,11260,서울특별시,11,서초구,11650,14,36,19,19,52,9,48,12,90,32,37
20230303,서울특별시,11,중랑구,11260,서울특별시,11,강남구,11680,12,85,30,46,73,16,68,19,147,42,77
20230303,서울특별시,11,중랑구,11260,서울특별시,11,송파구,11710,20,80,38,30,90,19,73,10,148,46,54
20230303,서울특별시,11,중랑구,11260,서울특별시,11,강동구,11740,14,47,14,13,44,13,55,16,101,30,24
20230303,서울특별시,11,양천구,11470,서울특별시,11,동대문구,11230,5,19,8,15,43,16,8,0,32,31,9
20230303,서울특별시,11,양천구,11470,서울특별시,11,중랑구,11260,0,9,9,16,29,3,13,3,26,11,10
20230303,서울특별시,11,양천구,11470,서울특별시,11,성북구,11290,0,16,23,26,80,9,11,0,53,24,7
20230303,서울특별시,11,양천구,11470,서울특별시,11,강북구,11305,0,9,4,13,40,7,6,0,29,10,4
20230303,서울특별시,11,양천구,11470,서울특별시,11,도봉구,11320,0,7,6,14,24,3,8,3,22,19,10
20230303,서울특별시,11,양천구,11470,서울특별시,11,노원구,11350,0,11,11,18,57,0,14,0,50,19,11
20230303,서울특별시,11,양천구,11470,서울특별시,11,은평구,11380,0,11,9,15,42,9,11,0,35,25,10
20230303,서울특별시,11,양천구,11470,서울특별시,11,서대문구,11410,4,17,8,22,35,7,10,0,31,34,8
20230303,서울특별시,11,강서구,11500,서울특별시,11,양천구,11470,8,75,36,41,93,13,104,22,105,62,86
20230303,서울특별시,11,강서구,11500,서울특별시,11,마포구,11440,17,73,42,57,106,15,100,26,164,165,108
20230303,서울특별시,11,강서구,11500,서울특별시,11,서대문구,11410,11,66,25,71,94,22,73,19,105,74,63
20230303,서울특별시,11,강서구,11500,서울특별시,11,은평구,11380,8,55,33,55,84,11,99,17,107,55,79
20230303,서울특별시,11,강서구,11500,서울특별시,11,노원구,11350,9,63,25,58,95,18,106,19,125,63,88
20230303,서울특별시,11,강서구,11500,서울특별시,11,도봉구,11320,5,32,19,27,59,9,56,17,70,35,44
20230303,서울특별시,11,강서구,11500,서울특별시,11,강북구,11305,7,26,21,33,39,8,59,5,82,51,55
20230303,서울특별시,11,강서구,11500,서울특별시,11,성북구,11290,10,71,28,57,83,12,75,18,148,96,95
20230303,서울특별시,11,강서구,11500,서울특별시,11,중랑구,11260,7,57,19,45,80,21,80,19,122,45,82
20230303,서울특별시,11,강서구,11500,서울특별시,11,동대문구,11230,4,67,25,27,71,14,91,18,117,112,66
20230303,서울특별시,11,강서구,11500,서울특별시,11,광진구,11215,8,73,26,65,80,10,84,23,112,87,90
20230303,서울특별시,11,강서구,11500,서울특별시,11,성동구,11200,10,77,46,47,70,24,79,16,129,85,80
20230303,서울특별시,11,강서구,11500,서울특별시,11,용산구,11170,9,37,28,48,40,7,74,11,66,34,69
20230303,서울특별시,11,강서구,11500,서울특별시,11,중구,11140,6,54,15,34,66,7,40,11,89,108,53
20230303,서울특별시,11,강서구,11500,서울특별시,11,종로구,11110,6,30,8,27,46,11,53,7,109,33,41
20230303,서울특별시,11,양천구,11470,서울특별시,11,마포구,11440,0,17,11,19,53,4,10,3,34,40,13
20230303,서울특별시,11,양천구,11470,서울특별시,11,양천구,11470,3,20,14,11,43,4,59,0,53,23,9
20230303,서울특별시,11,양천구,11470,서울특별시,11,강서구,11500,0,31,17,30,56,13,25,4,75,43,18
20230303,서울특별시,11,양천구,11470,서울특별시,11,구로구,11530,5,14,10,16,29,6,14,0,42,33,13
20230303,서울특별시,11,양천구,11470,서울특별시,11,금천구,11545,0,14,3,9,32,19,0,0,46,41,7
20230303,서울특별시,11,양천구,11470,서울특별시,11,영등포구,11560,3,21,9,16,30,6,14,0,40,30,9
20230303,서울특별시,11,양천구,11470,서울특별시,11,종로구,11110,0,15,7,12,27,3,4,0,29,15,3
20230303,서울특별시,11,양천구,11470,서울특별시,11,중구,11140,0,22,7,7,22,6,7,0,27,76,15
20230303,서울특별시,11,양천구,11470,서울특별시,11,용산구,11170,0,12,4,24,36,8,7,4,17,29,8
20230303,서울특별시,11,양천구,11470,서울특별시,11,동작구,11590,0,19,12,17,44,4,10,5,22,19,14
20230303,서울특별시,11,양천구,11470,서울특별시,11,관악구,11620,0,22,12,28,54,6,7,3,41,27,15
20230303,서울특별시,11,양천구,11470,서울특별시,11,서초구,11650,0,17,15,24,42,3,6,0,32,17,22
20230303,서울특별시,11,양천구,11470,서울특별시,11,강남구,11680,3,42,15,34,62,9,18,0,51,33,27
20230303,서울특별시,11,양천구,11470,서울특별시,11,송파구,11710,4,33,19,27,60,4,24,0,52,35,26
20230303,서울특별시,11,양천구,11470,서울특별시,11,강동구,11740,3,20,8,13,31,6,8,0,25,23,17
20230303,서울특별시,11,서초구,11650,서울특별시,11,종로구,11110,8,61,31,13,52,4,25,4,37,15,16
20230303,서울특별시,11,서초구,11650,서울특별시,11,중구,11140,6,82,22,16,40,0,12,0,63,15,17
20230303,서울특별시,11,서초구,11650,서울특별시,11,용산구,11170,9,34,34,37,35,5,29,7,29,18,14
20230303,서울특별시,11,은평구,11380,서울특별시,11,강동구,11740,3,6,4,3,41,4,46,4,18,9,49
20230303,서울특별시,11,동대문구,11230,서울특별시,11,강동구,11740,5,33,21,14,36,0,64,13,150,22,25
20230303,서울특별시,11,서대문구,11410,서울특별시,11,종로구,11110,3,17,10,17,18,6,13,5,26,20,15
20230303,서울특별시,11,서대문구,11410,서울특별시,11,중구,11140,0,23,21,17,17,0,12,9,28,16,5
20230303,서울특별시,11,서대문구,11410,서울특별시,11,용산구,11170,5,13,10,30,18,5,13,8,35,17,20
20230303,서울특별시,11,서대문구,11410,서울특별시,11,성동구,11200,7,37,22,21,35,4,15,12,68,45,12
20230303,서울특별시,11,서대문구,11410,서울특별시,11,광진구,11215,3,19,14,20,35,9,11,16,47,27,21
20230303,서울특별시,11,서대문구,11410,서울특별시,11,동대문구,11230,4,17,16,18,46,5,24,51,40,40,37
20230303,서울특별시,11,서대문구,11410,서울특별시,11,중랑구,11260,4,16,11,17,32,7,15,48,32,36,18
20230303,서울특별시,11,서대문구,11410,서울특별시,11,성북구,11290,4,17,20,25,33,0,26,44,41,45,17
20230303,서울특별시,11,서대문구,11410,서울특별시,11,강북구,11305,4,13,12,18,34,0,25,24,28,22,3
20230303,서울특별시,11,서대문구,11410,서울특별시,11,도봉구,11320,0,13,8,20,23,6,19,15,30,22,15
20230303,서울특별시,11,서대문구,11410,서울특별시,11,노원구,11350,5,20,19,28,38,9,22,28,48,45,149
20230303,서울특별시,11,서대문구,11410,서울특별시,11,은평구,11380,7,20,20,38,41,14,21,32,44,37,50
20230303,서울특별시,11,서대문구,11410,서울특별시,11,서대문구,11410,6,34,20,29,38,7,20,30,46,26,80
20230303,서울특별시,11,서대문구,11410,서울특별시,11,마포구,11440,7,37,29,25,46,4,22,32,68,32,42
20230303,서울특별시,11,서대문구,11410,서울특별시,11,양천구,11470,5,31,15,27,38,7,15,30,32,35,42
20230303,서울특별시,11,서대문구,11410,서울특별시,11,강서구,11500,6,30,25,37,63,8,26,34,85,42,74
20230303,서울특별시,11,서대문구,11410,서울특별시,11,구로구,11530,4,14,12,33,51,8,19,40,39,35,24
20230303,서울특별시,11,서대문구,11410,서울특별시,11,금천구,11545,3,25,8,48,28,7,12,18,48,25,45
20230303,서울특별시,11,마포구,11440,서울특별시,11,강동구,11740,14,81,28,110,103,3,82,12,104,41,32
20230303,서울특별시,11,마포구,11440,서울특별시,11,송파구,11710,21,103,47,141,144,12,119,17,180,82,78
20230303,서울특별시,11,마포구,11440,서울특별시,11,강남구,11680,27,142,69,149,169,10,183,21,204,90,114
20230303,서울특별시,11,마포구,11440,서울특별시,11,서초구,11650,14,83,46,92,114,3,139,8,112,51,46
20230303,서울특별시,11,마포구,11440,서울특별시,11,관악구,11620,12,80,36,127,86,6,98,5,165,72,60
20230303,서울특별시,11,마포구,11440,서울특별시,11,동작구,11590,17,73,21,82,67,4,74,10,118,34,47
20230303,서울특별시,11,마포구,11440,서울특별시,11,영등포구,11560,13,96,60,98,97,5,103,7,104,72,46
20230303,서울특별시,11,마포구,11440,서울특별시,11,금천구,11545,4,62,7,54,46,5,51,3,85,38,20
20230303,서울특별시,11,마포구,11440,서울특별시,11,구로구,11530,10,77,20,86,84,8,74,10,99,43,37
20230303,서울특별시,11,마포구,11440,서울특별시,11,강서구,11500,25,110,35,134,120,4,114,11,182,58,54
20230303,서울특별시,11,마포구,11440,서울특별시,11,양천구,11470,5,88,20,82,68,11,70,6,101,41,45
20230303,서울특별시,11,마포구,11440,서울특별시,11,마포구,11440,20,140,76,132,112,10,139,10,174,87,65
20230303,서울특별시,11,마포구,11440,서울특별시,11,서대문구,11410,9,83,37,91,72,8,67,7,121,45,30
20230303,서울특별시,11,마포구,11440,서울특별시,11,은평구,11380,16,78,52,108,96,0,91,11,130,31,53
20230303,서울특별시,11,마포구,11440,서울특별시,11,노원구,11350,10,59,25,92,121,3,94,11,128,51,42
20230303,서울특별시,11,마포구,11440,서울특별시,11,도봉구,11320,7,25,19,51,44,3,46,0,76,26,21
20230303,서울특별시,11,마포구,11440,서울특별시,11,강북구,11305,9,29,17,55,53,4,50,5,88,34,20
20230303,서울특별시,11,마포구,11440,서울특별시,11,성북구,11290,9,75,40,85,83,5,86,7,163,52,44
20230303,서울특별시,11,마포구,11440,서울특별시,11,중랑구,11260,7,45,17,75,74,3,47,4,90,30,17
20230303,서울특별시,11,마포구,11440,서울특별시,11,동대문구,11230,19,52,31,81,79,4,46,0,126,55,38
20230303,서울특별시,11,마포구,11440,서울특별시,11,광진구,11215,9,62,20,79,69,5,59,5,131,77,27
20230303,서울특별시,11,마포구,11440,서울특별시,11,성동구,11200,6,78,47,54,64,0,72,6,210,51,45
20230303,서울특별시,11,마포구,11440,서울특별시,11,용산구,11170,10,57,30,82,82,3,65,18,82,53,30
20230303,서울특별시,11,마포구,11440,서울특별시,11,중구,11140,11,57,28,75,42,4,65,3,87,29,21
20230303,서울특별시,11,마포구,11440,서울특별시,11,종로구,11110,16,41,22,65,35,0,53,5,55,26,17
20230303,서울특별시,11,은평구,11380,서울특별시,11,송파구,11710,0,12,5,7,54,9,68,0,32,11,54
20230303,서울특별시,11,은평구,11380,서울특별시,11,강남구,11680,6,37,11,5,45,12,58,0,28,19,52
20230303,서울특별시,11,은평구,11380,서울특별시,11,서초구,11650,4,12,5,7,37,7,37,0,15,5,41
20230303,서울특별시,11,은평구,11380,서울특별시,11,관악구,11620,6,9,10,4,41,4,45,0,16,12,51
20230303,서울특별시,11,은평구,11380,서울특별시,11,동작구,11590,0,9,4,5,25,5,34,3,13,4,23
20230303,서울특별시,11,은평구,11380,서울특별시,11,영등포구,11560,4,9,9,3,25,3,35,4,15,15,28
20230303,서울특별시,11,서대문구,11410,서울특별시,11,영등포구,11560,6,24,13,34,30,5,15,39,42,41,30
20230303,서울특별시,11,서대문구,11410,서울특별시,11,동작구,11590,4,19,11,22,27,0,15,28,44,24,19
20230303,서울특별시,11,서대문구,11410,서울특별시,11,관악구,11620,5,23,14,36,51,7,20,34,41,39,86
20230303,서울특별시,11,서대문구,11410,서울특별시,11,서초구,11650,0,34,24,42,40,10,30,18,36,18,41
20230303,서울특별시,11,서대문구,11410,서울특별시,11,강남구,11680,12,43,19,59,57,10,36,22,61,46,105
20230303,서울특별시,11,서대문구,11410,서울특별시,11,송파구,11710,9,39,28,46,66,11,29,50,66,62,100
20230303,서울특별시,11,서대문구,11410,서울특별시,11,강동구,11740,5,26,16,25,43,5,20,59,56,29,25
20230303,서울특별시,11,강서구,11500,서울특별시,11,강서구,11500,25,114,46,89,133,22,204,36,203,81,112
20230303,서울특별시,11,강서구,11500,서울특별시,11,구로구,11530,10,63,28,58,76,16,82,25,112,51,71
20230303,서울특별시,11,강서구,11500,서울특별시,11,금천구,11545,7,63,23,44,61,8,57,7,88,50,55
20230303,서울특별시,11,은평구,11380,서울특별시,11,금천구,11545,0,8,5,11,20,0,16,0,31,22,20
20230303,서울특별시,11,은평구,11380,서울특별시,11,구로구,11530,4,8,5,4,42,0,29,0,18,6,36
20230303,서울특별시,11,은평구,11380,서울특별시,11,강서구,11500,7,25,12,9,56,6,55,3,18,14,53
20230303,서울특별시,11,은평구,11380,서울특별시,11,양천구,11470,0,4,5,3,25,9,33,0,12,9,33
20230303,서울특별시,11,은평구,11380,서울특별시,11,마포구,11440,3,15,11,16,32,4,29,0,16,9,25
20230303,서울특별시,11,은평구,11380,서울특별시,11,서대문구,11410,0,12,6,3,34,3,32,3,26,15,32
20230303,서울특별시,11,은평구,11380,서울특별시,11,은평구,11380,4,8,18,9,25,5,65,3,21,14,25
20230303,서울특별시,11,은평구,11380,서울특별시,11,노원구,11350,3,7,5,0,46,7,41,5,13,9,44
20230303,서울특별시,11,강동구,11740,서울특별시,11,강동구,11740,22,53,15,22,42,7,75,5,57,23,8
20230303,서울특별시,11,강동구,11740,서울특별시,11,송파구,11710,29,71,19,42,67,11,66,4,55,38,11
20230303,서울특별시,11,강동구,11740,서울특별시,11,강남구,11680,28,92,16,22,93,5,84,4,40,32,23
20230303,서울특별시,11,강동구,11740,서울특별시,11,서초구,11650,44,62,5,25,57,7,56,5,18,21,11
20230303,서울특별시,11,강동구,11740,서울특별시,11,관악구,11620,26,38,9,15,54,5,50,3,28,22,9
20230303,서울특별시,11,강동구,11740,서울특별시,11,동작구,11590,19,27,5,14,35,9,41,0,24,14,5
20230303,서울특별시,11,강동구,11740,서울특별시,11,영등포구,11560,15,41,6,20,68,8,45,5,19,18,3
20230303,서울특별시,11,강동구,11740,서울특별시,11,금천구,11545,10,44,0,13,25,0,26,0,37,22,0
20230303,서울특별시,11,강동구,11740,서울특별시,11,구로구,11530,8,28,4,16,44,3,33,6,28,11,6
20230303,서울특별시,11,강동구,11740,서울특별시,11,강서구,11500,25,38,11,25,59,3,83,0,50,17,8
20230303,서울특별시,11,강동구,11740,서울특별시,11,양천구,11470,8,27,5,19,44,0,35,0,23,13,4
20230303,서울특별시,11,강동구,11740,서울특별시,11,마포구,11440,26,41,11,25,59,4,86,5,29,24,10
20230303,서울특별시,11,강동구,11740,서울특별시,11,서대문구,11410,23,20,7,12,32,4,35,3,22,8,5
20230303,서울특별시,11,강동구,11740,서울특별시,11,은평구,11380,13,30,10,18,45,3,48,0,25,7,6
20230303,서울특별시,11,강서구,11500,서울특별시,11,영등포구,11560,16,98,16,79,129,11,92,29,106,285,95
20230303,서울특별시,11,강서구,11500,서울특별시,11,동작구,11590,7,61,22,37,86,10,104,16,113,264,91
20230303,서울특별시,11,강서구,11500,서울특별시,11,관악구,11620,20,83,36,85,100,25,121,19,153,72,117
20230303,서울특별시,11,강서구,11500,서울특별시,11,서초구,11650,21,91,28,57,124,20,116,38,117,86,140
20230303,서울특별시,11,강동구,11740,서울특별시,11,노원구,11350,12,29,12,15,74,8,43,9,29,26,11
20230303,서울특별시,11,강동구,11740,서울특별시,11,도봉구,11320,8,18,4,12,28,6,26,0,15,14,4
20230303,서울특별시,11,강동구,11740,서울특별시,11,강북구,11305,11,17,4,11,22,4,32,0,26,8,6
20230303,서울특별시,11,강동구,11740,서울특별시,11,성북구,11290,22,34,11,21,39,0,57,8,35,20,4
20230303,서울특별시,11,강동구,11740,서울특별시,11,중랑구,11260,9,30,10,9,45,0,46,0,23,15,3
20230303,서울특별시,11,강동구,11740,서울특별시,11,동대문구,11230,17,30,8,15,32,3,38,4,25,13,4
20230303,서울특별시,11,강동구,11740,서울특별시,11,광진구,11215,16,32,5,25,57,8,44,4,24,17,4
20230303,서울특별시,11,강동구,11740,서울특별시,11,성동구,11200,13,43,24,19,48,13,39,3,79,22,3
20230303,서울특별시,11,강동구,11740,서울특별시,11,용산구,11170,9,34,6,16,39,0,41,0,19,15,4
20230303,서울특별시,11,강동구,11740,서울특별시,11,중구,11140,5,28,12,9,40,0,18,0,25,7,0
20230303,서울특별시,11,강동구,11740,서울특별시,11,종로구,11110,12,8,3,15,57,6,28,3,15,14,3
20230303,서울특별시,11,은평구,11380,서울특별시,11,도봉구,11320,0,9,3,0,26,0,25,0,12,11,29
20230303,서울특별시,11,은평구,11380,서울특별시,11,강북구,11305,5,4,5,0,25,3,29,0,14,0,25
20230303,서울특별시,11,은평구,11380,서울특별시,11,성북구,11290,0,7,5,0,36,0,47,0,30,8,26
20230303,서울특별시,11,은평구,11380,서울특별시,11,중랑구,11260,0,11,4,0,35,5,28,0,11,16,39
20230303,서울특별시,11,은평구,11380,서울특별시,11,동대문구,11230,0,5,7,3,38,0,31,0,19,9,34
20230303,서울특별시,11,은평구,11380,서울특별시,11,광진구,11215,0,10,4,3,27,6,36,0,20,4,33
20230303,서울특별시,11,은평구,11380,서울특별시,11,성동구,11200,5,17,12,7,22,10,15,4,52,17,22
20230303,서울특별시,11,은평구,11380,서울특별시,11,용산구,11170,0,10,6,11,26,0,16,0,17,4,19
20230303,서울특별시,11,은평구,11380,서울특별시,11,중구,11140,0,12,6,4,12,4,15,0,13,7,24
20230303,서울특별시,11,강서구,11500,서울특별시,11,강남구,11680,27,140,46,111,145,21,193,37,192,119,205
20230303,서울특별시,11,강서구,11500,서울특별시,11,송파구,11710,30,142,46,119,150,31,145,41,217,102,164
20230303,서울특별시,11,강서구,11500,서울특별시,11,강동구,11740,9,58,27,49,95,16,91,26,127,65,90
20230303,서울특별시,11,동대문구,11230,서울특별시,11,송파구,11710,6,76,25,11,63,6,75,23,183,45,21
20230303,서울특별시,11,동대문구,11230,서울특별시,11,강남구,11680,12,80,15,24,76,4,89,6,178,49,34
20230303,서울특별시,11,강남구,11680,서울특별시,11,종로구,11110,8,87,24,20,53,0,84,0,98,47,26
20230303,서울특별시,11,강남구,11680,서울특별시,11,중구,11140,11,118,33,22,63,8,73,5,159,55,35
20230303,서울특별시,11,강남구,11680,서울특별시,11,용산구,11170,23,98,38,75,61,9,68,4,173,55,58
20230303,서울특별시,11,강남구,11680,서울특별시,11,성동구,11200,16,142,52,43,76,12,99,11,318,114,64
20230303,서울특별시,11,강남구,11680,서울특별시,11,광진구,11215,10,88,29,33,50,13,101,6,245,93,78
20230303,서울특별시,11,강남구,11680,서울특별시,11,동대문구,11230,16,85,19,21,63,11,94,9,277,70,71
20230303,서울특별시,11,강남구,11680,서울특별시,11,중랑구,11260,7,101,19,21,48,14,96,6,250,70,47
20230303,서울특별시,11,강남구,11680,서울특별시,11,성북구,11290,22,103,23,29,56,14,113,10,297,95,74
20230303,서울특별시,11,강남구,11680,서울특별시,11,강북구,11305,12,52,14,14,37,6,65,0,161,56,44
20230303,서울특별시,11,강남구,11680,서울특별시,11,도봉구,11320,7,38,12,14,46,12,60,0,129,52,35
20230303,서울특별시,11,강남구,11680,서울특별시,11,노원구,11350,10,81,38,40,71,7,115,9,278,93,72
20230303,서울특별시,11,강남구,11680,서울특별시,11,은평구,11380,22,67,32,34,63,12,109,5,251,85,55
20230303,서울특별시,11,강남구,11680,서울특별시,11,서대문구,11410,11,93,24,19,78,12,82,8,195,75,60
20230303,서울특별시,11,강남구,11680,서울특별시,11,마포구,11440,22,137,46,61,96,12,128,14,257,100,75
20230303,서울특별시,11,강남구,11680,서울특별시,11,양천구,11470,18,99,39,35,60,11,116,10,234,85,57
20230303,서울특별시,11,강남구,11680,서울특별시,11,강서구,11500,19,165,53,48,99,21,124,11,338,127,102
20230303,서울특별시,11,강남구,11680,서울특별시,11,구로구,11530,17,84,24,41,62,11,95,7,231,71,55
20230303,서울특별시,11,강남구,11680,서울특별시,11,금천구,11545,11,78,21,44,44,8,66,6,215,67,34
20230303,서울특별시,11,강남구,11680,서울특별시,11,영등포구,11560,18,116,37,58,114,16,121,10,227,75,82
20230303,서울특별시,11,강남구,11680,서울특별시,11,동작구,11590,14,99,23,31,51,16,84,4,253,69,72
20230303,서울특별시,11,강남구,11680,서울특별시,11,관악구,11620,15,110,23,27,78,9,119,10,363,108,95
20230303,서울특별시,11,강남구,11680,서울특별시,11,서초구,11650,25,179,91,107,165,26,181,11,330,104,668
20230303,서울특별시,11,강남구,11680,서울특별시,11,강남구,11680,55,390,133,167,280,29,313,21,590,166,814
20230303,서울특별시,11,강남구,11680,서울특별시,11,송파구,11710,28,207,88,72,192,26,225,21,461,129,967
20230303,서울특별시,11,강남구,11680,서울특별시,11,강동구,11740,13,111,32,36,73,18,84,10,279,78,89
20230303,서울특별시,11,은평구,11380,서울특별시,11,종로구,11110,0,8,4,4,15,0,10,0,18,8,16
20230303,서울특별시,11,중구,11140,서울특별시,11,강남구,11680,21,133,67,18,208,11,49,11,389,103,24
20230303,서울특별시,11,중구,11140,서울특별시,11,서초구,11650,14,74,31,13,109,17,37,4,297,72,24
20230303,서울특별시,11,중구,11140,서울특별시,11,관악구,11620,4,55,21,14,50,8,23,0,263,79,7
20230303,서울특별시,11,중구,11140,서울특별시,11,동작구,11590,7,53,19,11,36,9,17,3,210,67,9
20230303,서울특별시,11,중구,11140,서울특별시,11,영등포구,11560,6,57,27,7,89,7,25,7,233,57,10
20230303,서울특별시,11,중구,11140,서울특별시,11,금천구,11545,6,38,15,9,47,6,17,0,114,28,4
20230303,서울특별시,11,중구,11140,서울특별시,11,구로구,11530,5,47,15,6,64,6,13,8,162,45,13
20230303,서울특별시,11,중구,11140,서울특별시,11,강서구,11500,7,67,29,13,80,7,41,6,299,86,16
20230303,서울특별시,11,중구,11140,서울특별시,11,양천구,11470,7,58,19,5,37,7,14,3,183,61,10
20230303,서울특별시,11,중구,11140,서울특별시,11,마포구,11440,14,89,37,7,111,6,29,6,258,89,18
20230303,서울특별시,11,중구,11140,서울특별시,11,서대문구,11410,12,45,19,5,45,5,30,6,186,50,10
20230303,서울특별시,11,중구,11140,서울특별시,11,은평구,11380,10,61,14,8,52,8,26,0,223,60,13
20230303,서울특별시,11,중구,11140,서울특별시,11,노원구,11350,9,41,16,9,43,13,20,3,213,74,13
20230303,서울특별시,11,중구,11140,서울특별시,11,도봉구,11320,0,30,10,7,37,3,10,3,126,24,9
20230303,서울특별시,11,중구,11140,서울특별시,11,강북구,11305,4,26,9,6,40,6,20,4,129,39,0
20230303,서울특별시,11,중구,11140,서울특별시,11,성북구,11290,4,66,18,3,50,5,23,3,242,65,12
20230303,서울특별시,11,중구,11140,서울특별시,11,중랑구,11260,7,40,9,7,42,4,18,4,153,33,9
20230303,서울특별시,11,중구,11140,서울특별시,11,동대문구,11230,7,55,18,9,51,7,22,7,232,61,9
20230303,서울특별시,11,중구,11140,서울특별시,11,광진구,11215,6,42,16,9,38,7,24,0,204,46,3
20230303,서울특별시,11,중구,11140,서울특별시,11,성동구,11200,11,82,25,15,64,5,18,0,265,76,13
20230303,서울특별시,11,중구,11140,서울특별시,11,용산구,11170,13,73,20,14,63,6,18,0,160,49,13
20230303,서울특별시,11,중구,11140,서울특별시,11,중구,11140,8,92,26,9,86,4,29,0,160,35,10
20230303,서울특별시,11,중구,11140,서울특별시,11,종로구,11110,9,69,26,5,62,0,20,0,100,24,5
20230303,서울특별시,11,종로구,11110,서울특별시,11,종로구,11110,3,24,33,7,33,4,29,0,67,24,12
20230303,서울특별시,11,종로구,11110,서울특별시,11,중구,11140,0,41,21,9,28,0,18,0,75,22,16
20230303,서울특별시,11,종로구,11110,서울특별시,11,용산구,11170,14,26,16,14,23,5,14,5,80,27,16
20230303,서울특별시,11,종로구,11110,서울특별시,11,성동구,11200,3,38,37,8,28,5,11,5,118,35,16
20230303,서울특별시,11,종로구,11110,서울특별시,11,광진구,11215,4,32,14,9,24,0,8,5,115,23,40
20230303,서울특별시,11,종로구,11110,서울특별시,11,동대문구,11230,8,34,34,8,16,0,12,4,90,24,30
20230303,서울특별시,11,종로구,11110,서울특별시,11,중랑구,11260,5,27,16,8,15,0,13,3,75,26,20
20230303,서울특별시,11,종로구,11110,서울특별시,11,성북구,11290,8,54,35,11,37,4,10,8,117,22,23
20230303,서울특별시,11,종로구,11110,서울특별시,11,강북구,11305,3,21,13,8,16,0,10,4,65,18,12
20230303,서울특별시,11,종로구,11110,서울특별시,11,도봉구,11320,3,29,18,6,15,0,9,6,75,24,13
20230303,서울특별시,11,종로구,11110,서울특별시,11,노원구,11350,10,33,29,14,32,4,12,6,107,30,23
20230303,서울특별시,11,종로구,11110,서울특별시,11,은평구,11380,0,48,24,12,20,3,31,8,110,31,36
20230303,서울특별시,11,종로구,11110,서울특별시,11,서대문구,11410,8,26,26,0,13,0,17,7,88,15,14
20230303,서울특별시,11,동대문구,11230,서울특별시,11,서초구,11650,9,156,11,13,58,5,51,6,126,34,16
20230303,서울특별시,11,동대문구,11230,서울특별시,11,관악구,11620,12,68,12,13,43,0,69,3,168,30,20
20230303,서울특별시,11,동대문구,11230,서울특별시,11,동작구,11590,6,159,14,4,47,0,36,7,121,26,13
20230303,서울특별시,11,동대문구,11230,서울특별시,11,영등포구,11560,6,48,14,13,39,6,68,7,125,33,17
20230303,서울특별시,11,동대문구,11230,서울특별시,11,금천구,11545,5,34,9,8,30,0,31,3,78,23,12
20230303,서울특별시,11,동대문구,11230,서울특별시,11,구로구,11530,4,34,16,13,41,4,54,6,108,22,12
20230303,서울특별시,11,동대문구,11230,서울특별시,11,강서구,11500,11,37,16,23,57,3,77,4,184,40,18
20230303,서울특별시,11,동대문구,11230,서울특별시,11,양천구,11470,4,64,14,6,45,3,55,6,113,28,16
20230303,서울특별시,11,동대문구,11230,서울특별시,11,마포구,11440,7,38,10,17,52,5,54,4,142,42,15
20230303,서울특별시,11,동대문구,11230,서울특별시,11,서대문구,11410,7,34,18,9,27,0,29,3,103,22,19
20230303,서울특별시,11,동대문구,11230,서울특별시,11,은평구,11380,5,34,8,14,48,3,62,14,97,30,18
20230303,서울특별시,11,동대문구,11230,서울특별시,11,노원구,11350,7,38,12,15,37,0,62,5,101,20,22
20230303,서울특별시,11,동대문구,11230,서울특별시,11,도봉구,11320,5,21,7,0,20,3,45,0,87,17,6
20230303,서울특별시,11,동대문구,11230,서울특별시,11,강북구,11305,0,18,4,5,25,4,33,4,73,18,10
20230303,서울특별시,11,동대문구,11230,서울특별시,11,성북구,11290,12,64,13,10,36,3,49,3,165,28,17
20230303,서울특별시,11,동대문구,11230,서울특별시,11,중랑구,11260,4,35,11,5,35,3,42,7,109,23,16
20230303,서울특별시,11,동대문구,11230,서울특별시,11,동대문구,11230,9,37,12,16,35,3,53,5,136,33,21
20230303,서울특별시,11,동대문구,11230,서울특별시,11,광진구,11215,13,28,20,10,38,8,38,15,124,23,15
20230303,서울특별시,11,동대문구,11230,서울특별시,11,성동구,11200,4,57,21,7,32,0,42,7,179,41,12
20230303,서울특별시,11,동대문구,11230,서울특별시,11,용산구,11170,0,47,8,16,26,6,26,0,75,19,4
20230303,서울특별시,11,동대문구,11230,서울특별시,11,중구,11140,4,33,9,5,26,0,25,5,73,22,6
20230303,서울특별시,11,동대문구,11230,서울특별시,11,종로구,11110,10,20,4,9,15,0,32,3,52,16,5
20230303,서울특별시,11,용산구,11170,서울특별시,11,종로구,11110,6,30,6,148,19,0,6,0,29,13,5
20230303,서울특별시,11,광진구,11215,서울특별시,11,종로구,11110,4,9,15,13,17,4,3,0,35,14,3
20230303,서울특별시,11,광진구,11215,서울특별시,11,중구,11140,0,23,17,14,27,4,3,0,52,19,0
20230303,서울특별시,11,광진구,11215,서울특별시,11,용산구,11170,4,18,10,22,34,6,10,7,47,21,5
20230303,서울특별시,11,광진구,11215,서울특별시,11,성동구,11200,5,46,26,18,40,8,16,12,120,64,6
20230303,서울특별시,11,광진구,11215,서울특별시,11,광진구,11215,8,37,15,12,44,4,26,3,90,34,13
20230303,서울특별시,11,광진구,11215,서울특별시,11,동대문구,11230,9,29,15,12,43,5,12,10,87,25,8
20230303,서울특별시,11,광진구,11215,서울특별시,11,중랑구,11260,4,22,10,22,36,5,10,5,78,30,5
20230303,서울특별시,11,광진구,11215,서울특별시,11,성북구,11290,12,22,15,16,40,6,21,6,108,49,6
20230303,서울특별시,11,광진구,11215,서울특별시,11,강북구,11305,4,11,6,9,24,4,4,0,70,27,3
20230303,서울특별시,11,광진구,11215,서울특별시,11,도봉구,11320,3,16,6,8,30,0,7,4,60,22,0
20230303,서울특별시,11,광진구,11215,서울특별시,11,노원구,11350,12,22,14,20,50,5,12,7,100,45,4
20230303,서울특별시,11,광진구,11215,서울특별시,11,은평구,11380,4,22,14,17,53,3,17,3,72,35,10
20230303,서울특별시,11,광진구,11215,서울특별시,11,서대문구,11410,9,15,8,14,29,3,9,4,78,29,7
20230303,서울특별시,11,광진구,11215,서울특별시,11,마포구,11440,7,31,13,30,42,12,14,5,103,44,12
20230303,서울특별시,11,광진구,11215,서울특별시,11,양천구,11470,11,26,8,20,40,4,11,7,84,29,8
20230303,서울특별시,11,광진구,11215,서울특별시,11,강서구,11500,11,44,13,33,76,8,13,9,137,56,5
20230303,서울특별시,11,광진구,11215,서울특별시,11,구로구,11530,4,12,10,17,43,4,14,9,75,29,6
20230303,서울특별시,11,광진구,11215,서울특별시,11,금천구,11545,0,20,4,13,29,6,12,0,55,42,6
20230303,서울특별시,11,광진구,11215,서울특별시,11,영등포구,11560,8,21,13,19,46,3,16,3,62,42,5
20230303,서울특별시,11,광진구,11215,서울특별시,11,동작구,11590,8,18,8,16,35,3,7,3,66,30,4
20230303,서울특별시,11,광진구,11215,서울특별시,11,관악구,11620,11,35,11,22,48,11,19,4,109,64,6
20230303,서울특별시,11,종로구,11110,서울특별시,11,마포구,11440,18,51,40,21,26,4,13,8,136,24,28
20230303,서울특별시,11,종로구,11110,서울특별시,11,양천구,11470,6,35,28,13,18,0,11,7,67,29,24
20230303,서울특별시,11,종로구,11110,서울특별시,11,강서구,11500,7,52,25,16,46,0,14,7,139,51,49
20230303,서울특별시,11,종로구,11110,서울특별시,11,구로구,11530,3,28,17,11,32,0,12,3,97,32,22
20230303,서울특별시,11,종로구,11110,서울특별시,11,금천구,11545,0,33,16,15,16,0,12,4,74,9,14
20230303,서울특별시,11,종로구,11110,서울특별시,11,영등포구,11560,5,47,27,15,30,0,19,11,103,29,41
20230303,서울특별시,11,종로구,11110,서울특별시,11,동작구,11590,8,33,28,19,17,0,19,5,102,30,27
20230303,서울특별시,11,종로구,11110,서울특별시,11,관악구,11620,7,38,36,19,29,0,20,4,142,37,37
20230303,서울특별시,11,종로구,11110,서울특별시,11,서초구,11650,12,41,37,19,41,4,13,9,117,53,27
20230303,서울특별시,11,송파구,11710,서울특별시,11,종로구,11110,0,28,15,10,10,7,24,0,44,14,10
20230303,서울특별시,11,송파구,11710,서울특별시,11,중구,11140,3,54,19,6,22,5,31,0,67,22,22
20230303,서울특별시,11,송파구,11710,서울특별시,11,용산구,11170,0,42,12,13,14,3,33,4,74,16,20
20230303,서울특별시,11,송파구,11710,서울특별시,11,성동구,11200,5,64,36,23,16,13,34,4,181,51,19
20230303,서울특별시,11,송파구,11710,서울특별시,11,광진구,11215,0,37,18,13,28,8,40,5,116,27,19
20230303,서울특별시,11,종로구,11110,서울특별시,11,강남구,11680,25,84,39,35,53,9,24,12,214,45,26
20230303,서울특별시,11,종로구,11110,서울특별시,11,송파구,11710,15,76,39,29,36,6,26,7,176,44,31
20230303,서울특별시,11,종로구,11110,서울특별시,11,강동구,11740,3,42,12,12,23,0,21,6,82,34,26
20230303,서울특별시,11,용산구,11170,서울특별시,11,중구,11140,5,22,15,146,20,3,12,3,44,14,4
20230303,서울특별시,11,용산구,11170,서울특별시,11,용산구,11170,9,63,17,250,31,0,18,5,53,14,7
20230303,서울특별시,11,용산구,11170,서울특별시,11,성동구,11200,14,56,9,205,26,0,21,3,92,27,5
20230303,서울특별시,11,용산구,11170,서울특별시,11,광진구,11215,13,41,10,191,23,3,9,5,76,34,0
20230303,서울특별시,11,용산구,11170,서울특별시,11,동대문구,11230,10,30,4,175,29,0,12,0,51,19,7
20230303,서울특별시,11,용산구,11170,서울특별시,11,중랑구,11260,13,26,8,131,18,0,11,5,46,11,10
20230303,서울특별시,11,용산구,11170,서울특별시,11,성북구,11290,17,31,5,225,41,0,13,4,65,26,8
20230303,서울특별시,11,용산구,11170,서울특별시,11,강북구,11305,6,19,10,111,11,3,8,0,26,11,10
20230303,서울특별시,11,용산구,11170,서울특별시,11,도봉구,11320,9,15,8,124,14,0,10,0,39,10,0
20230303,서울특별시,11,용산구,11170,서울특별시,11,노원구,11350,17,40,5,233,21,4,19,4,47,13,8
20230303,서울특별시,11,용산구,11170,서울특별시,11,은평구,11380,10,31,10,179,22,4,17,0,52,27,4
20230303,서울특별시,11,용산구,11170,서울특별시,11,서대문구,11410,12,30,12,188,29,0,12,0,52,12,11
20230303,서울특별시,11,용산구,11170,서울특별시,11,마포구,11440,16,56,18,255,43,7,29,8,70,21,7
20230303,서울특별시,11,용산구,11170,서울특별시,11,양천구,11470,6,24,9,219,35,0,16,5,57,9,10
20230303,서울특별시,11,용산구,11170,서울특별시,11,강서구,11500,29,49,11,324,56,4,21,8,86,31,9
20230303,서울특별시,11,용산구,11170,서울특별시,11,구로구,11530,15,39,9,251,22,0,19,0,47,21,5
20230303,서울특별시,11,용산구,11170,서울특별시,11,금천구,11545,6,31,9,225,13,0,9,4,55,18,7
20230303,서울특별시,11,용산구,11170,서울특별시,11,영등포구,11560,16,29,16,275,32,7,23,6,56,32,7
20230303,서울특별시,11,용산구,11170,서울특별시,11,동작구,11590,12,32,8,171,18,0,12,0,63,15,7
20230303,서울특별시,11,용산구,11170,서울특별시,11,관악구,11620,22,50,20,296,26,0,12,3,62,33,14
20230303,서울특별시,11,용산구,11170,서울특별시,11,서초구,11650,12,61,21,397,52,0,25,7,90,27,11
20230303,서울특별시,11,용산구,11170,서울특별시,11,강남구,11680,18,82,27,480,59,4,31,0,120,39,29
20230303,서울특별시,11,용산구,11170,서울특별시,11,송파구,11710,23,63,18,392,58,4,31,10,108,32,17
20230303,서울특별시,11,용산구,11170,서울특별시,11,강동구,11740,12,34,7,175,21,0,17,6,54,31,7
20230303,서울특별시,11,도봉구,11320,서울특별시,11,종로구,11110,0,13,0,7,17,0,5,0,15,9,9
20230303,서울특별시,11,도봉구,11320,서울특별시,11,중구,11140,0,8,9,16,11,4,11,0,30,7,0
20230303,서울특별시,11,도봉구,11320,서울특별시,11,용산구,11170,4,9,5,13,16,0,5,0,25,20,4
20230303,서울특별시,11,도봉구,11320,서울특별시,11,성동구,11200,4,15,8,19,14,0,12,4,57,22,3
20230303,서울특별시,11,관악구,11620,서울특별시,11,강동구,11740,0,14,17,6,19,0,9,3,31,17,10
20230303,서울특별시,11,관악구,11620,서울특별시,11,송파구,11710,6,17,30,17,39,6,25,4,45,29,12
20230303,서울특별시,11,관악구,11620,서울특별시,11,강남구,11680,9,36,48,19,27,0,14,0,48,36,22
20230303,서울특별시,11,관악구,11620,서울특별시,11,서초구,11650,8,16,47,11,19,5,13,0,30,16,10
20230303,서울특별시,11,관악구,11620,서울특별시,11,관악구,11620,0,37,55,20,80,0,79,3,60,21,568
20230303,서울특별시,11,광진구,11215,서울특별시,11,서초구,11650,5,36,13,21,57,0,15,3,61,42,7
20230303,서울특별시,11,광진구,11215,서울특별시,11,강남구,11680,12,52,25,45,82,10,24,4,125,50,23
20230303,서울특별시,11,광진구,11215,서울특별시,11,송파구,11710,9,40,15,35,74,9,31,7,103,74,30
20230303,서울특별시,11,광진구,11215,서울특별시,11,강동구,11740,7,23,8,17,37,5,9,12,85,48,6
20230303,서울특별시,11,영등포구,11560,서울특별시,11,종로구,11110,0,41,25,12,27,0,34,0,33,15,14
20230303,서울특별시,11,영등포구,11560,서울특별시,11,중구,11140,5,59,27,19,22,3,31,0,48,19,27
20230303,서울특별시,11,영등포구,11560,서울특별시,11,용산구,11170,0,35,15,36,37,3,32,0,31,26,18
20230303,서울특별시,11,영등포구,11560,서울특별시,11,성동구,11200,11,66,23,27,26,0,45,5,90,55,34
20230303,서울특별시,11,영등포구,11560,서울특별시,11,광진구,11215,4,51,18,17,43,6,32,0,51,49,41
20230303,서울특별시,11,영등포구,11560,서울특별시,11,동대문구,11230,3,70,21,23,32,3,35,0,57,61,49
20230303,서울특별시,11,영등포구,11560,서울특별시,11,중랑구,11260,6,88,11,12,27,0,38,0,40,48,56
20230303,서울특별시,11,영등포구,11560,서울특별시,11,성북구,11290,5,45,16,32,45,0,16,4,64,33,17
20230303,서울특별시,11,영등포구,11560,서울특별시,11,강북구,11305,6,33,10,13,14,0,7,0,32,8,14
20230303,서울특별시,11,영등포구,11560,서울특별시,11,도봉구,11320,0,29,13,14,18,0,6,0,25,15,11
20230303,서울특별시,11,영등포구,11560,서울특별시,11,노원구,11350,4,55,6,19,49,0,14,0,37,20,19
20230303,서울특별시,11,영등포구,11560,서울특별시,11,은평구,11380,5,66,17,27,35,0,23,0,40,52,50
20230303,서울특별시,11,영등포구,11560,서울특별시,11,서대문구,11410,10,40,21,19,25,5,34,0,49,44,31
20230303,서울특별시,11,영등포구,11560,서울특별시,11,마포구,11440,18,102,22,31,52,5,31,0,63,31,27
20230303,서울특별시,11,영등포구,11560,서울특별시,11,양천구,11470,9,48,19,21,42,0,23,3,38,41,34
20230303,서울특별시,11,영등포구,11560,서울특별시,11,강서구,11500,7,95,26,33,54,0,43,0,65,31,66
20230303,서울특별시,11,영등포구,11560,서울특별시,11,구로구,11530,7,81,33,16,38,0,36,0,42,44,46
20230303,서울특별시,11,영등포구,11560,서울특별시,11,금천구,11545,5,74,20,24,30,0,33,0,50,39,39
20230303,서울특별시,11,영등포구,11560,서울특별시,11,영등포구,11560,10,83,41,28,46,3,79,4,54,46,59
20230303,서울특별시,11,영등포구,11560,서울특별시,11,동작구,11590,6,58,22,23,28,4,19,0,57,35,31
20230303,서울특별시,11,영등포구,11560,서울특별시,11,관악구,11620,13,77,32,47,46,0,56,4,58,45,63
20230303,서울특별시,11,도봉구,11320,서울특별시,11,광진구,11215,5,12,0,15,24,0,6,3,40,14,4
20230303,서울특별시,11,도봉구,11320,서울특별시,11,동대문구,11230,0,13,6,13,18,3,7,0,58,11,7
20230303,서울특별시,11,도봉구,11320,서울특별시,11,중랑구,11260,6,17,6,21,21,0,9,5,41,16,3
20230303,서울특별시,11,도봉구,11320,서울특별시,11,성북구,11290,9,21,7,20,19,3,7,0,62,17,5
20230303,서울특별시,11,도봉구,11320,서울특별시,11,강북구,11305,5,11,4,18,15,6,8,0,43,12,7
20230303,서울특별시,11,도봉구,11320,서울특별시,11,도봉구,11320,0,10,5,10,25,0,19,0,46,10,4
20230303,서울특별시,11,도봉구,11320,서울특별시,11,노원구,11350,6,10,6,13,27,4,23,5,60,18,7
20230303,서울특별시,11,도봉구,11320,서울특별시,11,은평구,11380,5,15,0,9,20,6,7,4,58,21,10
20230303,서울특별시,11,도봉구,11320,서울특별시,11,서대문구,11410,4,9,4,11,14,0,14,3,33,11,0
20230303,서울특별시,11,도봉구,11320,서울특별시,11,마포구,11440,5,14,9,29,33,3,18,5,49,12,7
20230303,서울특별시,11,도봉구,11320,서울특별시,11,양천구,11470,5,7,5,16,13,4,10,0,49,21,7
20230303,서울특별시,11,도봉구,11320,서울특별시,11,강서구,11500,8,23,8,22,35,6,15,0,69,17,12
20230303,서울특별시,11,영등포구,11560,서울특별시,11,서초구,11650,5,83,37,38,40,6,38,4,56,42,25
20230303,서울특별시,11,영등포구,11560,서울특별시,11,강남구,11680,10,178,34,43,77,8,59,0,81,56,44
20230303,서울특별시,11,영등포구,11560,서울특별시,11,송파구,11710,14,111,22,53,52,7,54,4,67,53,42
20230303,서울특별시,11,영등포구,11560,서울특별시,11,강동구,11740,8,73,7,27,36,4,27,0,30,23,29
20230303,서울특별시,11,관악구,11620,서울특별시,11,동작구,11590,9,13,43,20,49,3,43,0,35,15,458
20230303,서울특별시,11,관악구,11620,서울특별시,11,영등포구,11560,0,18,29,3,31,0,6,3,29,9,13
20230303,서울특별시,11,관악구,11620,서울특별시,11,금천구,11545,3,19,14,7,27,0,22,0,40,22,250
20230303,서울특별시,11,관악구,11620,서울특별시,11,구로구,11530,7,13,18,7,16,0,8,0,40,10,9
20230303,서울특별시,11,관악구,11620,서울특별시,11,강서구,11500,8,16,26,18,40,0,11,3,45,22,13
20230303,서울특별시,11,관악구,11620,서울특별시,11,양천구,11470,0,17,14,7,22,3,6,0,17,18,14
20230303,서울특별시,11,관악구,11620,서울특별시,11,마포구,11440,5,13,44,8,21,4,13,4,35,14,10
20230303,서울특별시,11,관악구,11620,서울특별시,11,서대문구,11410,3,10,51,8,13,0,7,0,13,10,3
20230303,서울특별시,11,관악구,11620,서울특별시,11,은평구,11380,0,9,30,6,29,0,5,6,30,14,7
20230303,서울특별시,11,구로구,11530,서울특별시,11,마포구,11440,17,64,18,30,50,4,15,6,70,29,33
20230303,서울특별시,11,구로구,11530,서울특별시,11,양천구,11470,10,68,27,30,35,4,28,6,70,37,30
20230303,서울특별시,11,구로구,11530,서울특별시,11,강서구,11500,15,106,28,44,69,10,13,3,139,41,52
20230303,서울특별시,11,구로구,11530,서울특별시,11,구로구,11530,13,77,26,47,49,5,55,6,87,40,30
20230303,서울특별시,11,구로구,11530,서울특별시,11,금천구,11545,10,57,10,21,36,4,9,4,84,31,22
20230303,서울특별시,11,구로구,11530,서울특별시,11,영등포구,11560,20,71,15,36,33,5,13,7,91,25,35
20230303,서울특별시,11,구로구,11530,서울특별시,11,동작구,11590,16,56,9,17,47,5,17,4,72,25,33
20230303,서울특별시,11,노원구,11350,서울특별시,11,종로구,11110,4,15,4,5,22,0,19,5,27,0,0
20230303,서울특별시,11,노원구,11350,서울특별시,11,중구,11140,4,24,6,6,24,0,19,6,27,8,10
20230303,서울특별시,11,노원구,11350,서울특별시,11,용산구,11170,0,10,4,26,32,4,16,7,28,9,6
20230303,서울특별시,11,노원구,11350,서울특별시,11,성동구,11200,3,21,25,20,33,0,18,6,93,21,0
20230303,서울특별시,11,노원구,11350,서울특별시,11,광진구,11215,0,9,8,11,30,0,33,9,30,12,15
20230303,서울특별시,11,노원구,11350,서울특별시,11,동대문구,11230,3,10,13,11,37,3,24,9,44,5,7
20230303,서울특별시,11,노원구,11350,서울특별시,11,중랑구,11260,0,16,11,7,26,0,20,13,50,8,3
20230303,서울특별시,11,구로구,11530,서울특별시,11,관악구,11620,20,84,14,31,45,9,15,9,81,34,59
20230303,서울특별시,11,성동구,11200,서울특별시,11,강동구,11740,19,61,42,15,36,4,40,4,146,60,22
20230303,서울특별시,11,구로구,11530,서울특별시,11,서초구,11650,19,62,19,45,44,11,15,8,70,22,40
20230303,서울특별시,11,구로구,11530,서울특별시,11,강남구,11680,31,113,20,74,77,7,31,7,110,59,67
20230303,서울특별시,11,구로구,11530,서울특별시,11,송파구,11710,19,66,19,41,70,8,15,6,129,34,62
20230303,서울특별시,11,구로구,11530,서울특별시,11,강동구,11740,12,50,10,30,50,5,11,6,82,32,25
20230303,서울특별시,11,구로구,11530,서울특별시,11,서대문구,11410,11,39,9,25,34,3,15,0,55,22,24
20230303,서울특별시,11,구로구,11530,서울특별시,11,은평구,11380,20,43,8,27,36,12,7,0,83,28,43
20230303,서울특별시,11,구로구,11530,서울특별시,11,노원구,11350,17,57,13,32,39,9,7,6,75,39,42
20230303,서울특별시,11,구로구,11530,서울특별시,11,도봉구,11320,9,42,4,17,29,10,7,0,51,29,21
20230303,서울특별시,11,구로구,11530,서울특별시,11,강북구,11305,8,20,10,15,21,4,8,4,53,18,22
20230303,서울특별시,11,관악구,11620,서울특별시,11,노원구,11350,0,15,15,6,27,3,11,5,38,20,7
20230303,서울특별시,11,관악구,11620,서울특별시,11,도봉구,11320,0,8,6,8,12,0,5,0,17,13,4
20230303,서울특별시,11,관악구,11620,서울특별시,11,강북구,11305,3,8,11,5,12,0,0,0,13,11,0
20230303,서울특별시,11,관악구,11620,서울특별시,11,성북구,11290,0,23,34,0,20,0,4,7,57,17,7
20230303,서울특별시,11,관악구,11620,서울특별시,11,중랑구,11260,3,9,13,8,17,0,6,0,32,18,8
20230303,서울특별시,11,관악구,11620,서울특별시,11,동대문구,11230,0,6,59,8,23,0,6,3,24,19,12
20230303,서울특별시,11,관악구,11620,서울특별시,11,광진구,11215,3,11,21,3,17,0,6,0,35,13,7
20230303,서울특별시,11,관악구,11620,서울특별시,11,성동구,11200,0,28,42,7,25,0,10,3,97,32,9
20230303,서울특별시,11,관악구,11620,서울특별시,11,용산구,11170,5,12,11,19,16,0,3,0,24,15,0
20230303,서울특별시,11,관악구,11620,서울특별시,11,중구,11140,4,24,17,0,16,0,7,0,27,7,4
20230303,서울특별시,11,관악구,11620,서울특별시,11,종로구,11110,0,6,44,7,11,0,5,0,23,8,5
20230303,서울특별시,11,금천구,11545,서울특별시,11,종로구,11110,8,37,15,20,35,8,29,4,62,28,50
20230303,서울특별시,11,금천구,11545,서울특별시,11,중구,11140,8,42,27,38,36,27,39,11,67,43,54
20230303,서울특별시,11,금천구,11545,서울특별시,11,용산구,11170,12,27,6,63,32,12,46,12,88,46,51
20230303,서울특별시,11,금천구,11545,서울특별시,11,성동구,11200,16,151,14,43,36,21,36,19,126,82,87
20230303,서울특별시,11,금천구,11545,서울특별시,11,광진구,11215,13,34,16,41,50,30,34,18,150,76,87
20230303,서울특별시,11,노원구,11350,서울특별시,11,성북구,11290,3,24,10,13,64,3,34,14,60,17,7
20230303,서울특별시,11,노원구,11350,서울특별시,11,강북구,11305,3,9,5,8,27,4,22,10,41,5,10
20230304,서울특별시,11,강북구,11305,서울특별시,11,마포구,11440,0,5,0,0,0,0,0,0,0,0,0
20230304,서울특별시,11,강북구,11305,서울특별시,11,서대문구,11410,0,0,0,0,0,0,0,0,0,0,0
20230304,서울특별시,11,강북구,11305,서울특별시,11,은평구,11380,0,0,3,0,0,0,0,0,0,0,0
20230304,서울특별시,11,강북구,11305,서울특별시,11,노원구,11350,0,0,5,0,0,0,0,0,4,0,0
20230304,서울특별시,11,강북구,11305,서울특별시,11,도봉구,11320,0,0,5,0,0,0,0,0,5,0,0
20230304,서울특별시,11,강북구,11305,서울특별시,11,강북구,11305,0,0,0,0,0,0,0,0,5,0,0
20230304,서울특별시,11,강북구,11305,서울특별시,11,성북구,11290,0,4,10,0,0,0,4,0,21,0,0
20230304,서울특별시,11,강북구,11305,서울특별시,11,중랑구,11260,0,0,0,0,0,0,0,0,4,0,0
20230304,서울특별시,11,강북구,11305,서울특별시,11,동대문구,11230,0,0,0,0,0,0,0,0,6,0,0
20230304,서울특별시,11,강북구,11305,서울특별시,11,광진구,11215,0,0,0,0,0,0,0,0,5,0,0
20230304,서울특별시,11,강북구,11305,서울특별시,11,성동구,11200,0,3,3,0,0,0,0,0,16,13,0
20230304,서울특별시,11,강북구,11305,서울특별시,11,용산구,11170,0,0,0,6,0,0,0,0,4,0,0
20230304,서울특별시,11,강북구,11305,서울특별시,11,중구,11140,0,5,0,0,0,0,0,0,6,0,0
20230304,서울특별시,11,강북구,11305,서울특별시,11,종로구,11110,0,0,0,0,0,0,0,0,4,0,0
20230304,서울특별시,11,동작구,11590,서울특별시,11,종로구,11110,0,0,4,0,0,4,0,0,9,0,0
20230304,서울특별시,11,동작구,11590,서울특별시,11,중구,11140,0,0,5,0,4,0,0,0,14,5,0
20230304,서울특별시,11,동작구,11590,서울특별시,11,용산구,11170,0,3,4,6,0,0,0,0,10,3,0
20230304,서울특별시,11,동작구,11590,서울특별시,11,성동구,11200,0,8,18,0,0,0,0,11,37,30,0
20230304,서울특별시,11,동작구,11590,서울특별시,11,광진구,11215,0,0,4,0,3,0,0,0,4,0,0
20230304,서울특별시,11,동작구,11590,서울특별시,11,동대문구,11230,0,4,9,0,0,0,0,7,17,0,0
20230304,서울특별시,11,동작구,11590,서울특별시,11,중랑구,11260,0,0,0,0,0,0,0,9,5,3,0
20230304,서울특별시,11,동작구,11590,서울특별시,11,성북구,11290,0,9,4,0,0,0,0,12,21,0,0
20230304,서울특별시,11,동작구,11590,서울특별시,11,강북구,11305,0,0,0,0,0,0,0,0,6,3,0
20230304,서울특별시,11,동작구,11590,서울특별시,11,도봉구,11320,0,0,4,0,0,0,0,7,0,0,0
20230304,서울특별시,11,동작구,11590,서울특별시,11,노원구,11350,0,0,0,3,0,0,0,5,9,0,0
20230304,서울특별시,11,동작구,11590,서울특별시,11,은평구,11380,0,0,0,0,0,0,0,8,3,0,0
20230304,서울특별시,11,동작구,11590,서울특별시,11,서대문구,11410,0,0,4,0,0,0,0,12,3,3,0
20230304,서울특별시,11,동작구,11590,서울특별시,11,마포구,11440,0,3,6,4,4,0,0,7,8,0,0
20230304,서울특별시,11,동작구,11590,서울특별시,11,양천구,11470,0,0,0,0,0,0,0,10,5,0,0
20230304,서울특별시,11,동작구,11590,서울특별시,11,강서구,11500,0,5,4,3,4,0,0,13,11,4,0
20230304,서울특별시,11,동작구,11590,서울특별시,11,구로구,11530,0,3,4,0,0,0,0,6,6,0,0
20230304,서울특별시,11,동작구,11590,서울특별시,11,금천구,11545,0,5,0,5,0,0,0,6,19,6,0
20230304,서울특별시,11,동작구,11590,서울특별시,11,영등포구,11560,0,7,7,4,3,0,0,11,8,3,0
20230304,서울특별시,11,동작구,11590,서울특별시,11,동작구,11590,0,3,5,0,6,0,4,5,7,0,0
20230304,서울특별시,11,동작구,11590,서울특별시,11,관악구,11620,0,0,8,0,4,0,3,5,6,0,0
20230304,서울특별시,11,동작구,11590,서울특별시,11,서초구,11650,0,4,10,4,4,0,3,8,7,4,0
20230304,서울특별시,11,동작구,11590,서울특별시,11,강남구,11680,0,15,18,4,4,0,0,11,25,6,0
20230304,서울특별시,11,동작구,11590,서울특별시,11,송파구,11710,0,3,6,0,3,0,0,12,11,5,0
20230304,서울특별시,11,동작구,11590,서울특별시,11,강동구,11740,0,0,4,0,0,0,3,13,0,4,0
20230304,서울특별시,11,금천구,11545,서울특별시,11,강동구,11740,3,5,0,0,12,11,0,25,57,46,22
20230304,서울특별시,11,금천구,11545,서울특별시,11,송파구,11710,4,3,0,5,7,13,10,25,122,66,28
20230304,서울특별시,11,금천구,11545,서울특별시,11,강남구,11680,3,8,0,5,11,14,6,23,98,51,50
20230304,서울특별시,11,금천구,11545,서울특별시,11,서초구,11650,0,4,0,0,5,8,5,15,62,54,23
20230304,서울특별시,11,금천구,11545,서울특별시,11,관악구,11620,0,0,3,0,6,6,5,7,79,34,8
20230304,서울특별시,11,금천구,11545,서울특별시,11,동작구,11590,0,0,0,0,0,8,0,19,56,25,16
20230304,서울특별시,11,금천구,11545,서울특별시,11,영등포구,11560,0,4,0,7,5,8,0,21,51,31,29
20230304,서울특별시,11,금천구,11545,서울특별시,11,금천구,11545,0,0,0,4,4,6,5,4,50,36,8
20230304,서울특별시,11,금천구,11545,서울특별시,11,구로구,11530,0,0,0,0,9,7,0,11,51,50,18
20230304,서울특별시,11,금천구,11545,서울특별시,11,강서구,11500,0,0,0,6,4,7,3,34,74,70,29
20230304,서울특별시,11,금천구,11545,서울특별시,11,양천구,11470,0,0,0,0,4,8,4,11,71,42,21
20230304,서울특별시,11,금천구,11545,서울특별시,11,마포구,11440,3,0,0,0,5,11,4,15,56,101,28
20230304,서울특별시,11,금천구,11545,서울특별시,11,서대문구,11410,0,0,0,0,5,5,3,9,49,28,6
20230304,서울특별시,11,금천구,11545,서울특별시,11,은평구,11380,0,0,0,0,0,0,0,13,51,31,7
20230304,서울특별시,11,금천구,11545,서울특별시,11,노원구,11350,0,3,0,0,6,8,3,18,57,37,4
20230304,서울특별시,11,금천구,11545,서울특별시,11,도봉구,11320,0,0,0,0,0,7,3,9,24,17,8
20230304,서울특별시,11,금천구,11545,서울특별시,11,강북구,11305,0,3,0,0,0,0,0,6,19,25,11
20230304,서울특별시,11,금천구,11545,서울특별시,11,성북구,11290,0,0,0,0,7,7,3,23,66,43,11
20230304,서울특별시,11,금천구,11545,서울특별시,11,중랑구,11260,0,6,0,0,0,3,3,16,44,23,16
20230304,서울특별시,11,금천구,11545,서울특별시,11,동대문구,11230,0,3,3,0,0,15,0,7,45,104,6
20230304,서울특별시,11,금천구,11545,서울특별시,11,광진구,11215,0,3,0,0,4,5,5,6,37,33,19
20230304,서울특별시,11,금천구,11545,서울특별시,11,성동구,11200,3,8,9,6,5,3,0,17,55,42,23
20230304,서울특별시,11,금천구,11545,서울특별시,11,용산구,11170,0,3,0,3,6,0,3,12,30,22,10
20230304,서울특별시,11,금천구,11545,서울특별시,11,중구,11140,0,3,0,0,0,3,0,11,14,14,12
20230304,서울특별시,11,금천구,11545,서울특별시,11,종로구,11110,0,4,0,0,3,0,3,3,13,5,4
20230304,서울특별시,11,강서구,11500,서울특별시,11,종로구,11110,0,3,0,0,0,0,0,0,18,9,0
20230304,서울특별시,11,강서구,11500,서울특별시,11,중구,11140,0,11,4,3,6,0,3,0,25,13,6
20230304,서울특별시,11,강서구,11500,서울특별시,11,용산구,11170,0,10,5,7,4,0,6,0,22,9,12
20230304,서울특별시,11,강서구,11500,서울특별시,11,성동구,11200,0,15,19,5,6,4,5,6,65,32,16
20230304,서울특별시,11,강서구,11500,서울특별시,11,광진구,11215,0,8,0,4,6,0,0,0,17,29,0
20230304,서울특별시,11,강서구,11500,서울특별시,11,동대문구,11230,0,6,4,4,4,0,0,0,24,13,9
20230304,서울특별시,11,강서구,11500,서울특별시,11,중랑구,11260,3,10,5,0,6,0,0,0,24,14,8
20230304,서울특별시,11,강서구,11500,서울특별시,11,성북구,11290,0,17,7,0,6,0,3,0,33,14,4
20230304,서울특별시,11,강서구,11500,서울특별시,11,강북구,11305,0,5,5,0,4,0,0,0,16,41,3
20230304,서울특별시,11,강서구,11500,서울특별시,11,도봉구,11320,0,5,3,0,4,0,0,0,9,6,0
20230304,서울특별시,11,강서구,11500,서울특별시,11,노원구,11350,0,12,11,0,5,0,0,0,14,10,10
20230304,서울특별시,11,강서구,11500,서울특별시,11,은평구,11380,0,9,6,5,4,0,0,0,8,8,3
20230304,서울특별시,11,강서구,11500,서울특별시,11,서대문구,11410,0,8,9,0,8,0,0,3,13,11,6
20230304,서울특별시,11,강서구,11500,서울특별시,11,마포구,11440,0,12,11,5,4,0,0,0,18,15,11
20230304,서울특별시,11,강서구,11500,서울특별시,11,양천구,11470,0,10,9,5,3,3,6,0,14,15,8
20230304,서울특별시,11,강서구,11500,서울특별시,11,강서구,11500,0,13,18,6,14,4,11,6,36,17,12
20230304,서울특별시,11,강서구,11500,서울특별시,11,구로구,11530,0,8,8,0,3,0,0,0,18,7,6
20230304,서울특별시,11,강서구,11500,서울특별시,11,금천구,11545,0,13,4,0,0,4,0,4,27,15,4
20230304,서울특별시,11,강서구,11500,서울특별시,11,영등포구,11560,0,8,12,0,16,3,0,0,16,20,7
20230304,서울특별시,11,강서구,11500,서울특별시,11,동작구,11590,0,4,9,0,0,0,0,0,8,64,0
20230304,서울특별시,11,강서구,11500,서울특별시,11,관악구,11620,0,5,8,0,4,0,0,0,13,8,7
20230304,서울특별시,11,강서구,11500,서울특별시,11,서초구,11650,0,14,9,0,8,0,0,0,19,12,23
20230304,서울특별시,11,강서구,11500,서울특별시,11,강남구,11680,0,29,12,5,8,0,0,0,23,36,13
20230304,서울특별시,11,강서구,11500,서울특별시,11,송파구,11710,3,13,4,6,12,4,4,0,22,19,15
20230304,서울특별시,11,강서구,11500,서울특별시,11,강동구,11740,0,4,8,0,3,0,0,0,12,15,4
20230304,서울특별시,11,강동구,11740,서울특별시,11,강동구,11740,5,12,8,0,9,0,17,0,14,26,0
20230304,서울특별시,11,강동구,11740,서울특별시,11,송파구,11710,0,12,6,3,0,0,19,0,13,52,0
20230304,서울특별시,11,강동구,11740,서울특별시,11,강남구,11680,0,16,10,4,0,0,14,0,18,57,0
20230304,서울특별시,11,강동구,11740,서울특별시,11,서초구,11650,0,13,3,0,0,0,6,0,7,47,0
20230304,서울특별시,11,강동구,11740,서울특별시,11,관악구,11620,0,0,3,0,0,3,11,0,10,17,0
20230304,서울특별시,11,강동구,11740,서울특별시,11,동작구,11590,0,0,0,0,0,0,5,0,8,20,0
20230304,서울특별시,11,강동구,11740,서울특별시,11,영등포구,11560,0,4,0,0,0,0,8,0,6,28,0
20230304,서울특별시,11,강동구,11740,서울특별시,11,금천구,11545,0,0,4,11,0,0,3,0,37,23,0
20230304,서울특별시,11,강동구,11740,서울특별시,11,구로구,11530,0,0,4,3,0,0,6,0,8,19,0
20230304,서울특별시,11,강동구,11740,서울특별시,11,강서구,11500,0,0,0,0,0,0,11,0,24,45,0
20230304,서울특별시,11,강동구,11740,서울특별시,11,양천구,11470,0,6,0,0,0,0,5,0,4,27,0
20230304,서울특별시,11,강동구,11740,서울특별시,11,마포구,11440,0,0,0,0,0,0,7,0,9,25,0
20230304,서울특별시,11,강동구,11740,서울특별시,11,서대문구,11410,0,0,4,0,0,0,5,0,7,20,0
20230304,서울특별시,11,강동구,11740,서울특별시,11,은평구,11380,0,0,0,0,0,0,10,0,8,16,0
20230304,서울특별시,11,강동구,11740,서울특별시,11,노원구,11350,0,3,4,0,0,0,9,0,6,23,0
20230304,서울특별시,11,강동구,11740,서울특별시,11,도봉구,11320,0,0,0,0,0,0,0,0,12,16,0
20230304,서울특별시,11,강동구,11740,서울특별시,11,강북구,11305,0,0,0,0,0,8,4,0,7,16,0
20230304,서울특별시,11,강동구,11740,서울특별시,11,성북구,11290,0,0,0,0,0,0,7,0,23,18,0
20230304,서울특별시,11,강동구,11740,서울특별시,11,중랑구,11260,0,9,0,0,0,0,6,0,14,19,0
20230304,서울특별시,11,강동구,11740,서울특별시,11,동대문구,11230,0,0,5,0,0,0,9,0,9,12,0
20230304,서울특별시,11,강동구,11740,서울특별시,11,광진구,11215,0,6,0,4,4,0,8,0,12,10,0
20230304,서울특별시,11,강동구,11740,서울특별시,11,성동구,11200,0,14,12,0,3,3,6,0,39,33,0
20230304,서울특별시,11,강동구,11740,서울특별시,11,용산구,11170,0,0,4,12,24,0,5,0,7,18,0
20230304,서울특별시,11,강동구,11740,서울특별시,11,중구,11140,0,3,0,0,19,0,4,0,17,15,0
20230304,서울특별시,11,강동구,11740,서울특별시,11,종로구,11110,0,0,3,0,12,0,4,0,10,11,0
20230304,서울특별시,11,중구,11140,서울특별시,11,종로구,11110,0,20,0,0,16,0,0,0,8,0,0
20230304,서울특별시,11,중구,11140,서울특별시,11,중구,11140,0,26,3,0,18,0,3,0,24,3,0
20230304,서울특별시,11,중구,11140,서울특별시,11,용산구,11170,0,23,4,7,11,0,0,0,7,0,0
20230304,서울특별시,11,중구,11140,서울특별시,11,성동구,11200,0,19,11,0,8,0,3,0,49,6,5
20230304,서울특별시,11,중구,11140,서울특별시,11,광진구,11215,0,4,0,3,0,0,0,0,16,0,3
20230304,서울특별시,11,중구,11140,서울특별시,11,동대문구,11230,0,9,4,0,4,0,3,0,15,0,0
20230304,서울특별시,11,중구,11140,서울특별시,11,중랑구,11260,0,5,0,0,7,0,0,0,9,0,0
20230304,서울특별시,11,중구,11140,서울특별시,11,성북구,11290,0,6,0,4,5,0,0,0,18,0,4
20230304,서울특별시,11,중구,11140,서울특별시,11,강북구,11305,0,0,0,0,4,0,0,0,11,0,0
20230304,서울특별시,11,중구,11140,서울특별시,11,도봉구,11320,0,0,0,0,6,0,0,0,9,0,0
20230304,서울특별시,11,중구,11140,서울특별시,11,노원구,11350,0,3,0,0,5,0,0,0,6,0,3
20230304,서울특별시,11,중구,11140,서울특별시,11,은평구,11380,0,6,0,0,12,0,3,0,7,0,3
20230304,서울특별시,11,중구,11140,서울특별시,11,서대문구,11410,0,6,0,0,0,0,0,0,11,0,3
20230304,서울특별시,11,중구,11140,서울특별시,11,마포구,11440,0,6,4,0,17,0,0,0,26,0,5
20230304,서울특별시,11,중구,11140,서울특별시,11,양천구,11470,0,0,3,0,3,0,0,0,9,0,0
20230304,서울특별시,11,중구,11140,서울특별시,11,강서구,11500,0,3,3,4,17,0,0,0,19,3,0
20230304,서울특별시,11,중구,11140,서울특별시,11,구로구,11530,0,3,0,0,13,0,0,0,12,0,0
20230304,서울특별시,11,중구,11140,서울특별시,11,금천구,11545,0,4,0,0,14,0,0,0,7,3,0
20230304,서울특별시,11,중구,11140,서울특별시,11,영등포구,11560,0,0,0,0,11,0,0,0,6,4,3
20230304,서울특별시,11,중구,11140,서울특별시,11,동작구,11590,0,0,0,0,11,0,5,0,9,0,3
20230304,서울특별시,11,중구,11140,서울특별시,11,관악구,11620,0,4,0,3,7,0,0,0,18,0,3
20230304,서울특별시,11,중구,11140,서울특별시,11,서초구,11650,0,4,3,0,26,0,0,0,16,0,6
20230304,서울특별시,11,중구,11140,서울특별시,11,강남구,11680,3,15,3,0,45,0,0,0,26,4,5
20230304,서울특별시,11,중구,11140,서울특별시,11,송파구,11710,0,6,0,0,15,0,0,0,23,3,11
20230304,서울특별시,11,중구,11140,서울특별시,11,강동구,11740,0,3,0,0,9,0,0,0,6,0,0
20230304,서울특별시,11,서초구,11650,서울특별시,11,강동구,11740,0,17,9,0,10,0,0,0,9,8,0
20230304,서울특별시,11,서초구,11650,서울특별시,11,송파구,11710,0,35,20,3,21,0,6,0,13,3,0
20230304,서울특별시,11,서초구,11650,서울특별시,11,강남구,11680,0,40,28,0,31,5,16,6,34,8,0
20230304,서울특별시,11,서초구,11650,서울특별시,11,서초구,11650,5,89,24,4,39,6,161,4,34,14,9
20230304,서울특별시,11,서초구,11650,서울특별시,11,관악구,11620,0,13,9,0,34,0,0,0,7,0,0
20230304,서울특별시,11,서초구,11650,서울특별시,11,동작구,11590,0,9,7,0,18,3,12,0,10,3,3
20230304,서울특별시,11,서초구,11650,서울특별시,11,영등포구,11560,0,12,10,0,8,0,0,0,5,5,0
20230304,서울특별시,11,서초구,11650,서울특별시,11,금천구,11545,0,8,7,3,6,0,0,3,18,4,0
20230304,서울특별시,11,서초구,11650,서울특별시,11,구로구,11530,0,5,7,6,10,0,3,0,12,0,0
20230304,서울특별시,11,서초구,11650,서울특별시,11,강서구,11500,0,22,9,4,26,0,4,0,10,3,3
20230304,서울특별시,11,서초구,11650,서울특별시,11,양천구,11470,0,30,11,0,22,0,0,3,6,0,0
20230304,서울특별시,11,서초구,11650,서울특별시,11,마포구,11440,0,19,7,4,21,0,3,0,8,3,0
20230304,서울특별시,11,서초구,11650,서울특별시,11,서대문구,11410,0,18,10,0,15,3,0,0,8,0,0
20230304,서울특별시,11,서초구,11650,서울특별시,11,은평구,11380,0,12,7,0,12,0,5,0,0,3,0
20230304,서울특별시,11,서초구,11650,서울특별시,11,노원구,11350,0,20,16,0,12,0,0,0,12,4,0
20230304,서울특별시,11,서초구,11650,서울특별시,11,도봉구,11320,0,13,9,0,16,0,0,0,3,0,0
20230304,서울특별시,11,서초구,11650,서울특별시,11,강북구,11305,0,8,4,0,10,0,0,0,0,0,0
20230304,서울특별시,11,서초구,11650,서울특별시,11,성북구,11290,0,21,8,0,15,0,0,0,18,6,0
20230304,서울특별시,11,서초구,11650,서울특별시,11,중랑구,11260,0,15,6,3,5,0,0,0,11,0,0
20230304,서울특별시,11,서초구,11650,서울특별시,11,동대문구,11230,0,10,7,0,14,0,0,0,12,3,0
20230304,서울특별시,11,서초구,11650,서울특별시,11,광진구,11215,0,14,9,0,21,0,0,0,9,0,0
20230304,서울특별시,11,서초구,11650,서울특별시,11,성동구,11200,0,25,12,0,13,0,0,0,40,18,0
20230304,서울특별시,11,서초구,11650,서울특별시,11,용산구,11170,0,12,3,3,12,0,10,0,9,3,0
20230304,서울특별시,11,서초구,11650,서울특별시,11,중구,11140,0,8,3,0,6,0,0,0,19,3,0
20230304,서울특별시,11,서초구,11650,서울특별시,11,종로구,11110,0,10,5,0,4,0,0,0,13,0,0
20230304,서울특별시,11,송파구,11710,서울특별시,11,종로구,11110,0,4,4,0,3,0,0,0,14,5,0
20230304,서울특별시,11,송파구,11710,서울특별시,11,중구,11140,0,11,6,0,6,3,3,0,28,6,0
20230304,서울특별시,11,송파구,11710,서울특별시,11,용산구,11170,0,4,7,12,4,0,0,0,19,0,0
20230304,서울특별시,11,송파구,11710,서울특별시,11,성동구,11200,0,15,22,6,8,0,0,0,60,41,0
20230304,서울특별시,11,송파구,11710,서울특별시,11,광진구,11215,0,8,5,5,6,0,4,0,8,6,3
20230304,서울특별시,11,송파구,11710,서울특별시,11,동대문구,11230,0,3,3,0,0,0,0,0,18,3,0
20230304,서울특별시,11,송파구,11710,서울특별시,11,중랑구,11260,0,8,4,0,0,0,0,3,13,5,4
20230304,서울특별시,11,송파구,11710,서울특별시,11,성북구,11290,0,11,11,0,3,0,6,0,39,3,6
20230304,서울특별시,11,송파구,11710,서울특별시,11,강북구,11305,0,0,7,0,0,0,0,0,9,4,0
20230304,서울특별시,11,송파구,11710,서울특별시,11,도봉구,11320,0,3,0,0,0,0,0,0,3,0,0
20230304,서울특별시,11,송파구,11710,서울특별시,11,노원구,11350,0,0,0,0,4,0,9,0,16,0,7
20230304,서울특별시,11,송파구,11710,서울특별시,11,은평구,11380,0,0,6,5,5,0,3,0,6,0,10
20230304,서울특별시,11,송파구,11710,서울특별시,11,서대문구,11410,0,6,3,3,4,0,15,0,9,0,0
20230304,서울특별시,11,송파구,11710,서울특별시,11,마포구,11440,0,6,5,3,8,0,3,0,16,3,0
20230304,서울특별시,11,송파구,11710,서울특별시,11,양천구,11470,0,10,0,0,0,0,0,0,6,6,0
20230304,서울특별시,11,송파구,11710,서울특별시,11,강서구,11500,0,9,4,3,4,0,3,0,30,4,4
20230304,서울특별시,11,송파구,11710,서울특별시,11,구로구,11530,0,5,10,3,0,0,0,0,13,0,0
20230304,서울특별시,11,송파구,11710,서울특별시,11,금천구,11545,0,8,0,13,3,4,0,0,30,8,6
20230304,서울특별시,11,송파구,11710,서울특별시,11,영등포구,11560,0,6,12,0,0,5,7,0,7,4,10
20230304,서울특별시,11,송파구,11710,서울특별시,11,동작구,11590,0,9,0,3,0,0,0,0,10,3,8
20230304,서울특별시,11,송파구,11710,서울특별시,11,관악구,11620,0,3,4,3,0,0,4,0,12,4,5
20230304,서울특별시,11,송파구,11710,서울특별시,11,서초구,11650,0,5,4,3,3,0,7,0,14,0,3
20230304,서울특별시,11,송파구,11710,서울특별시,11,강남구,11680,0,33,14,7,6,4,13,0,27,8,10
20230304,서울특별시,11,송파구,11710,서울특별시,11,송파구,11710,0,14,21,10,16,0,31,3,39,15,5
20230304,서울특별시,11,송파구,11710,서울특별시,11,강동구,11740,0,9,5,0,5,0,11,0,17,4,8
20230304,서울특별시,11,강남구,11680,서울특별시,11,강동구,11740,0,10,10,5,10,0,4,0,67,15,6
20230304,서울특별시,11,강남구,11680,서울특별시,11,송파구,11710,10,19,20,21,58,4,42,0,102,22,496
20230304,서울특별시,11,강남구,11680,서울특별시,11,강남구,11680,4,42,31,35,59,3,82,3,153,21,407
20230304,서울특별시,11,강남구,11680,서울특별시,11,서초구,11650,3,11,16,29,42,3,17,0,91,11,331
20230304,서울특별시,11,강남구,11680,서울특별시,11,관악구,11620,0,5,3,3,15,3,5,0,101,9,7
20230304,서울특별시,11,강남구,11680,서울특별시,11,동작구,11590,4,6,11,4,9,0,3,0,60,4,3
20230304,서울특별시,11,강남구,11680,서울특별시,11,영등포구,11560,0,7,7,8,15,3,3,0,56,12,11
20230304,서울특별시,11,강남구,11680,서울특별시,11,금천구,11545,0,10,0,8,5,0,3,0,81,17,0
20230304,서울특별시,11,양천구,11470,서울특별시,11,강동구,11740,0,6,3,0,0,0,0,0,0,0,0
20230304,서울특별시,11,양천구,11470,서울특별시,11,송파구,11710,0,4,3,0,0,0,0,0,10,0,0
20230304,서울특별시,11,양천구,11470,서울특별시,11,강남구,11680,0,10,0,5,3,0,0,0,11,4,0
20230304,서울특별시,11,양천구,11470,서울특별시,11,서초구,11650,0,6,3,3,0,0,0,0,6,0,0
20230304,서울특별시,11,양천구,11470,서울특별시,11,관악구,11620,0,0,3,0,0,0,0,0,0,0,3
20230304,서울특별시,11,양천구,11470,서울특별시,11,동작구,11590,0,0,3,0,0,0,0,0,3,0,0
20230304,서울특별시,11,양천구,11470,서울특별시,11,영등포구,11560,0,0,6,3,0,0,0,0,7,0,0
20230304,서울특별시,11,양천구,11470,서울특별시,11,금천구,11545,0,7,0,5,0,0,0,0,28,5,0
20230304,서울특별시,11,양천구,11470,서울특별시,11,구로구,11530,0,5,5,0,0,0,0,0,15,3,0
20230304,서울특별시,11,양천구,11470,서울특별시,11,강서구,11500,0,6,7,0,0,3,5,0,18,3,3
20230304,서울특별시,11,양천구,11470,서울특별시,11,양천구,11470,0,8,8,0,3,0,3,0,6,7,0
20230304,서울특별시,11,양천구,11470,서울특별시,11,마포구,11440,0,5,0,4,0,0,0,0,6,0,0
20230304,서울특별시,11,양천구,11470,서울특별시,11,서대문구,11410,0,4,4,0,0,0,0,0,0,0,0
20230304,서울특별시,11,양천구,11470,서울특별시,11,은평구,11380,0,0,4,0,0,0,0,0,5,0,0
20230304,서울특별시,11,양천구,11470,서울특별시,11,노원구,11350,0,0,4,0,0,0,0,0,0,0,0
20230304,서울특별시,11,양천구,11470,서울특별시,11,도봉구,11320,0,0,0,0,0,0,0,0,0,0,0
20230304,서울특별시,11,양천구,11470,서울특별시,11,강북구,11305,0,0,0,0,0,0,0,0,0,0,0
20230304,서울특별시,11,양천구,11470,서울특별시,11,성북구,11290,0,4,4,0,0,0,0,0,12,0,0
20230304,서울특별시,11,양천구,11470,서울특별시,11,중랑구,11260,0,6,0,0,0,0,0,0,15,0,0
20230304,서울특별시,11,양천구,11470,서울특별시,11,동대문구,11230,0,8,4,0,0,0,0,0,12,0,0
20230304,서울특별시,11,양천구,11470,서울특별시,11,광진구,11215,0,7,0,0,0,0,0,0,6,0,0
20230304,서울특별시,11,양천구,11470,서울특별시,11,성동구,11200,0,5,9,4,4,0,0,0,44,36,0
20230304,서울특별시,11,양천구,11470,서울특별시,11,용산구,11170,0,0,0,5,0,0,0,0,3,0,0
20230304,서울특별시,11,양천구,11470,서울특별시,11,중구,11140,0,11,3,0,0,0,0,0,12,0,0
20230304,서울특별시,11,양천구,11470,서울특별시,11,종로구,11110,0,0,0,0,0,0,0,0,4,3,0
20230304,서울특별시,11,강남구,11680,서울특별시,11,구로구,11530,0,5,9,3,10,0,0,0,52,6,4
20230304,서울특별시,11,강남구,11680,서울특별시,11,강서구,11500,0,8,9,7,11,0,11,0,116,15,8
20230304,서울특별시,11,강남구,11680,서울특별시,11,양천구,11470,0,8,8,4,17,0,0,0,70,5,9
20230304,서울특별시,11,강남구,11680,서울특별시,11,마포구,11440,0,12,8,7,19,0,0,3,60,10,17
20230304,서울특별시,11,강남구,11680,서울특별시,11,서대문구,11410,7,7,8,5,9,11,0,0,62,4,7
20230304,서울특별시,11,강남구,11680,서울특별시,11,은평구,11380,0,4,9,4,13,0,4,0,69,4,15
20230304,서울특별시,11,강남구,11680,서울특별시,11,노원구,11350,0,8,8,0,6,0,0,4,86,7,6
20230304,서울특별시,11,강남구,11680,서울특별시,11,도봉구,11320,0,0,3,0,3,0,0,0,46,0,3
20230304,서울특별시,11,강남구,11680,서울특별시,11,강북구,11305,0,3,0,0,7,0,0,0,53,0,6
20230304,서울특별시,11,강남구,11680,서울특별시,11,성북구,11290,0,10,5,0,3,0,3,0,85,11,8
20230304,서울특별시,11,강남구,11680,서울특별시,11,중랑구,11260,0,4,6,3,8,0,0,0,74,7,7
20230304,서울특별시,11,강남구,11680,서울특별시,11,동대문구,11230,0,8,7,3,5,3,0,0,86,8,4
20230304,서울특별시,11,강남구,11680,서울특별시,11,광진구,11215,0,0,6,11,14,0,0,0,83,4,5
20230304,서울특별시,11,강남구,11680,서울특별시,11,성동구,11200,0,21,12,14,29,0,7,0,90,28,10
20230304,서울특별시,11,강남구,11680,서울특별시,11,용산구,11170,0,7,8,26,10,0,5,0,44,10,7
20230304,서울특별시,11,강남구,11680,서울특별시,11,중구,11140,0,9,9,11,9,0,0,0,46,9,3
20230304,서울특별시,11,강남구,11680,서울특별시,11,종로구,11110,0,6,0,0,0,0,4,0,48,3,4
20230304,서울특별시,11,마포구,11440,서울특별시,11,강동구,11740,0,7,7,13,11,0,0,0,6,10,0
20230304,서울특별시,11,마포구,11440,서울특별시,11,송파구,11710,0,10,23,13,19,0,0,0,12,4,0
20230304,서울특별시,11,마포구,11440,서울특별시,11,강남구,11680,0,25,11,11,33,0,6,0,15,0,0
20230304,서울특별시,11,마포구,11440,서울특별시,11,서초구,11650,0,7,7,7,18,0,5,0,14,0,0
20230304,서울특별시,11,마포구,11440,서울특별시,11,관악구,11620,0,8,6,6,16,0,0,0,11,8,0
20230304,서울특별시,11,마포구,11440,서울특별시,11,동작구,11590,0,4,13,6,10,0,0,0,5,0,0
20230304,서울특별시,11,마포구,11440,서울특별시,11,영등포구,11560,0,11,13,7,15,0,15,0,4,8,3
20230304,서울특별시,11,마포구,11440,서울특별시,11,금천구,11545,0,20,14,9,12,0,0,0,17,4,0
20230304,서울특별시,11,마포구,11440,서울특별시,11,구로구,11530,0,5,16,6,13,0,3,0,7,4,0
20230304,서울특별시,11,마포구,11440,서울특별시,11,강서구,11500,0,13,18,11,23,0,6,0,25,0,4
20230304,서울특별시,11,마포구,11440,서울특별시,11,양천구,11470,0,8,5,9,14,0,0,0,10,0,0
20230304,서울특별시,11,마포구,11440,서울특별시,11,마포구,11440,0,15,16,8,10,0,0,0,24,3,0
20230304,서울특별시,11,마포구,11440,서울특별시,11,서대문구,11410,0,11,19,4,9,0,3,0,11,3,0
20230304,서울특별시,11,마포구,11440,서울특별시,11,은평구,11380,0,7,10,9,13,0,13,0,10,4,6
20230304,서울특별시,11,마포구,11440,서울특별시,11,노원구,11350,0,10,7,12,19,0,0,0,6,7,0
20230304,서울특별시,11,마포구,11440,서울특별시,11,도봉구,11320,0,3,5,7,9,0,0,0,9,0,0
20230304,서울특별시,11,마포구,11440,서울특별시,11,강북구,11305,0,0,0,4,7,0,0,0,3,0,0
20230304,서울특별시,11,마포구,11440,서울특별시,11,성북구,11290,0,13,8,7,16,0,5,0,27,7,0
20230304,서울특별시,11,마포구,11440,서울특별시,11,중랑구,11260,0,3,10,11,12,0,0,0,9,7,0
20230304,서울특별시,11,마포구,11440,서울특별시,11,동대문구,11230,0,5,7,7,13,0,4,0,7,0,0
20230304,서울특별시,11,마포구,11440,서울특별시,11,광진구,11215,0,9,4,6,10,0,0,0,10,0,0
20230304,서울특별시,11,마포구,11440,서울특별시,11,성동구,11200,0,13,18,8,21,0,0,0,47,24,0
20230304,서울특별시,11,마포구,11440,서울특별시,11,용산구,11170,0,0,14,8,7,0,0,0,19,0,0
20230304,서울특별시,11,마포구,11440,서울특별시,11,중구,11140,0,5,3,4,14,0,5,0,21,5,0
20230304,서울특별시,11,마포구,11440,서울특별시,11,종로구,11110,0,5,5,0,6,0,0,0,8,3,0
20230304,서울특별시,11,성동구,11200,서울특별시,11,강동구,11740,0,0,0,0,0,0,0,0,5,8,4
20230304,서울특별시,11,성동구,11200,서울특별시,11,송파구,11710,0,6,9,12,3,0,0,0,4,3,6
20230304,서울특별시,11,성동구,11200,서울특별시,11,강남구,11680,0,20,7,4,5,4,0,0,15,6,3
20230304,서울특별시,11,성동구,11200,서울특별시,11,서초구,11650,0,9,3,0,4,0,0,0,7,3,6
20230304,서울특별시,11,성동구,11200,서울특별시,11,관악구,11620,0,4,6,0,0,0,0,0,4,0,6
20230304,서울특별시,11,성동구,11200,서울특별시,11,동작구,11590,0,5,11,0,0,0,0,0,6,0,0
20230304,서울특별시,11,성동구,11200,서울특별시,11,영등포구,11560,0,6,3,0,0,0,0,0,6,5,0
20230304,서울특별시,11,성동구,11200,서울특별시,11,금천구,11545,0,5,3,5,0,0,0,0,17,0,0
20230304,서울특별시,11,성동구,11200,서울특별시,11,구로구,11530,0,3,10,0,0,0,0,0,7,3,3
20230304,서울특별시,11,성동구,11200,서울특별시,11,강서구,11500,0,6,12,6,4,0,0,0,12,4,0
20230304,서울특별시,11,성동구,11200,서울특별시,11,양천구,11470,0,7,7,0,3,0,0,0,7,0,0
20230304,서울특별시,11,성동구,11200,서울특별시,11,마포구,11440,0,9,20,0,8,0,3,0,7,3,0
20230304,서울특별시,11,성동구,11200,서울특별시,11,서대문구,11410,0,0,7,0,3,0,0,0,6,0,0
20230304,서울특별시,11,성동구,11200,서울특별시,11,은평구,11380,0,4,6,0,5,0,0,0,3,0,0
20230304,서울특별시,11,성동구,11200,서울특별시,11,노원구,11350,0,3,9,0,0,0,0,0,4,0,0
20230304,서울특별시,11,성동구,11200,서울특별시,11,도봉구,11320,0,0,0,0,0,0,0,0,0,0,0
20230304,서울특별시,11,성동구,11200,서울특별시,11,강북구,11305,0,9,0,0,0,0,0,0,0,3,3
20230304,서울특별시,11,성동구,11200,서울특별시,11,성북구,11290,0,5,7,0,26,0,27,0,12,4,413
20230304,서울특별시,11,성동구,11200,서울특별시,11,중랑구,11260,0,4,0,0,0,0,0,0,7,6,0
20230304,서울특별시,11,성동구,11200,서울특별시,11,동대문구,11230,0,4,10,0,16,0,25,0,10,3,310
20230304,서울특별시,11,성동구,11200,서울특별시,11,광진구,11215,0,3,4,6,0,0,12,0,10,4,0
20230304,서울특별시,11,성동구,11200,서울특별시,11,성동구,11200,0,34,11,0,6,0,4,0,52,18,0
20230304,서울특별시,11,성동구,11200,서울특별시,11,용산구,11170,0,0,4,8,4,0,0,0,10,3,3
20230304,서울특별시,11,성동구,11200,서울특별시,11,중구,11140,3,8,4,0,4,0,8,0,11,0,155
20230304,서울특별시,11,성동구,11200,서울특별시,11,종로구,11110,0,0,4,0,18,0,11,0,6,0,137
20230304,서울특별시,11,동대문구,11230,서울특별시,11,종로구,11110,0,0,4,0,0,0,0,0,5,0,0
20230304,서울특별시,11,동대문구,11230,서울특별시,11,중구,11140,0,5,8,0,3,0,0,0,14,0,0
20230304,서울특별시,11,동대문구,11230,서울특별시,11,용산구,11170,0,3,0,8,0,0,0,0,6,0,0
20230304,서울특별시,11,동대문구,11230,서울특별시,11,성동구,11200,0,16,6,0,6,3,0,0,44,17,0
20230304,서울특별시,11,동대문구,11230,서울특별시,11,광진구,11215,0,4,3,0,3,0,0,0,14,0,0
20230304,서울특별시,11,동대문구,11230,서울특별시,11,동대문구,11230,0,4,8,3,0,0,0,0,11,0,0
20230304,서울특별시,11,동대문구,11230,서울특별시,11,중랑구,11260,0,4,3,0,0,0,0,0,10,0,0
20230304,서울특별시,11,동대문구,11230,서울특별시,11,성북구,11290,0,5,4,0,0,0,0,0,24,5,0
20230304,서울특별시,11,동대문구,11230,서울특별시,11,강북구,11305,0,0,0,0,0,0,0,0,0,0,0
20230304,서울특별시,11,동대문구,11230,서울특별시,11,도봉구,11320,0,3,0,0,0,0,0,0,8,0,0
20230304,서울특별시,11,동대문구,11230,서울특별시,11,노원구,11350,0,6,3,4,0,0,0,0,7,0,0
20230304,서울특별시,11,동대문구,11230,서울특별시,11,은평구,11380,0,0,0,0,0,0,0,0,3,0,0
20230304,서울특별시,11,동대문구,11230,서울특별시,11,서대문구,11410,0,0,4,0,0,0,0,0,6,0,0
20230304,서울특별시,11,동대문구,11230,서울특별시,11,마포구,11440,0,10,0,3,3,0,0,0,12,0,0
20230304,서울특별시,11,동대문구,11230,서울특별시,11,양천구,11470,0,4,0,0,0,0,0,0,3,0,0
20230304,서울특별시,11,동대문구,11230,서울특별시,11,강서구,11500,0,5,4,4,5,0,0,0,7,0,0
20230304,서울특별시,11,동대문구,11230,서울특별시,11,구로구,11530,0,4,0,0,4,0,0,0,4,0,0
20230304,서울특별시,11,동대문구,11230,서울특별시,11,금천구,11545,0,6,4,0,0,0,3,0,17,10,0
20230304,서울특별시,11,동대문구,11230,서울특별시,11,영등포구,11560,0,5,3,3,4,0,0,0,8,5,0
20230304,서울특별시,11,동대문구,11230,서울특별시,11,동작구,11590,0,0,5,0,0,0,0,0,3,0,0
20230304,서울특별시,11,동대문구,11230,서울특별시,11,관악구,11620,0,5,3,0,5,3,0,0,0,0,0
20230304,서울특별시,11,동대문구,11230,서울특별시,11,서초구,11650,0,6,0,0,0,0,0,0,0,0,0
20230304,서울특별시,11,동대문구,11230,서울특별시,11,강남구,11680,0,21,3,0,3,0,3,0,7,0,0
20230304,서울특별시,11,동대문구,11230,서울특별시,11,송파구,11710,0,6,8,0,0,0,0,0,9,0,0
20230304,서울특별시,11,동대문구,11230,서울특별시,11,강동구,11740,0,6,0,0,0,0,0,0,4,8,0
20230304,서울특별시,11,노원구,11350,서울특별시,11,강동구,11740,0,0,3,0,0,0,0,0,3,6,0
20230304,서울특별시,11,노원구,11350,서울특별시,11,송파구,11710,0,0,5,5,7,0,0,0,3,0,0
20230304,서울특별시,11,노원구,11350,서울특별시,11,강남구,11680,0,14,9,4,6,0,3,0,10,0,0
20230304,서울특별시,11,노원구,11350,서울특별시,11,서초구,11650,0,0,0,0,0,0,0,0,0,0,0
20230304,서울특별시,11,노원구,11350,서울특별시,11,관악구,11620,0,0,4,0,0,0,0,0,5,0,0
20230304,서울특별시,11,노원구,11350,서울특별시,11,동작구,11590,0,0,3,0,0,0,0,0,4,0,0
20230304,서울특별시,11,노원구,11350,서울특별시,11,영등포구,11560,0,4,0,0,4,0,0,0,0,0,0
20230304,서울특별시,11,노원구,11350,서울특별시,11,금천구,11545,0,30,0,0,3,0,0,0,21,3,0
20230304,서울특별시,11,노원구,11350,서울특별시,11,구로구,11530,0,0,5,0,0,0,0,0,7,0,0
20230304,서울특별시,11,노원구,11350,서울특별시,11,강서구,11500,0,3,0,0,4,0,0,0,21,0,0
20230304,서울특별시,11,노원구,11350,서울특별시,11,양천구,11470,0,4,3,0,0,0,0,0,0,0,0
20230304,서울특별시,11,노원구,11350,서울특별시,11,마포구,11440,0,0,0,0,4,8,3,0,6,0,0
20230304,서울특별시,11,노원구,11350,서울특별시,11,서대문구,11410,0,0,3,3,0,0,0,0,0,0,0
20230304,서울특별시,11,노원구,11350,서울특별시,11,은평구,11380,0,0,0,0,3,0,0,0,3,0,0
20230304,서울특별시,11,노원구,11350,서울특별시,11,노원구,11350,0,8,7,3,3,0,6,0,9,7,4
20230304,서울특별시,11,노원구,11350,서울특별시,11,도봉구,11320,0,4,0,0,0,0,0,0,8,0,0
20230304,서울특별시,11,노원구,11350,서울특별시,11,강북구,11305,0,0,0,0,3,0,0,0,4,3,0
20230304,서울특별시,11,노원구,11350,서울특별시,11,성북구,11290,0,10,0,0,0,0,0,0,21,4,0
20230304,서울특별시,11,노원구,11350,서울특별시,11,중랑구,11260,0,0,4,0,0,0,0,0,9,0,0
20230304,서울특별시,11,노원구,11350,서울특별시,11,동대문구,11230,0,4,3,0,0,0,0,0,9,0,0
20230304,서울특별시,11,노원구,11350,서울특별시,11,광진구,11215,4,4,4,0,3,4,0,0,7,0,0
20230304,서울특별시,11,노원구,11350,서울특별시,11,성동구,11200,0,6,6,0,4,3,0,0,34,21,0
20230304,서울특별시,11,노원구,11350,서울특별시,11,용산구,11170,0,5,3,4,0,0,0,0,3,0,0
20230304,서울특별시,11,노원구,11350,서울특별시,11,중구,11140,0,0,0,0,0,0,0,0,11,0,3
20230304,서울특별시,11,노원구,11350,서울특별시,11,종로구,11110,0,0,0,0,6,0,0,0,12,0,0
20230304,서울특별시,11,중랑구,11260,서울특별시,11,종로구,11110,0,0,0,0,0,0,0,0,8,0,0
20230304,서울특별시,11,중랑구,11260,서울특별시,11,중구,11140,0,0,0,0,0,0,0,0,7,3,4
20230304,서울특별시,11,중랑구,11260,서울특별시,11,용산구,11170,0,0,0,5,0,0,0,0,7,0,0
20230304,서울특별시,11,중랑구,11260,서울특별시,11,성동구,11200,0,11,9,7,0,0,0,0,29,14,0
20230304,서울특별시,11,중랑구,11260,서울특별시,11,광진구,11215,0,3,0,0,0,0,0,0,5,0,0
20230304,서울특별시,11,중랑구,11260,서울특별시,11,동대문구,11230,0,0,4,0,0,0,3,0,9,0,0
20230304,서울특별시,11,중랑구,11260,서울특별시,11,중랑구,11260,0,6,0,0,0,0,5,0,11,4,0
20230304,서울특별시,11,중랑구,11260,서울특별시,11,성북구,11290,0,4,0,0,3,0,0,0,15,7,5
20230304,서울특별시,11,중랑구,11260,서울특별시,11,강북구,11305,0,0,0,0,0,0,0,0,4,0,0
20230304,서울특별시,11,중랑구,11260,서울특별시,11,도봉구,11320,0,0,0,0,0,0,0,0,0,0,3
20230304,서울특별시,11,중랑구,11260,서울특별시,11,노원구,11350,0,0,3,0,8,0,0,0,5,0,7
20230304,서울특별시,11,중랑구,11260,서울특별시,11,은평구,11380,4,0,0,0,5,0,0,0,4,0,4
20230304,서울특별시,11,중랑구,11260,서울특별시,11,서대문구,11410,0,0,0,0,0,0,0,0,0,0,3
20230304,서울특별시,11,중랑구,11260,서울특별시,11,마포구,11440,0,0,4,0,3,0,0,0,4,0,0
20230304,서울특별시,11,중랑구,11260,서울특별시,11,양천구,11470,0,0,0,0,0,0,0,0,0,5,4
20230304,서울특별시,11,중랑구,11260,서울특별시,11,강서구,11500,0,3,5,0,7,0,0,0,9,5,5
20230304,서울특별시,11,중랑구,11260,서울특별시,11,구로구,11530,0,0,0,0,4,0,0,0,6,0,5
20230304,서울특별시,11,중랑구,11260,서울특별시,11,금천구,11545,0,4,0,0,0,0,0,0,13,3,3
20230304,서울특별시,11,중랑구,11260,서울특별시,11,영등포구,11560,0,0,0,3,0,0,0,0,3,0,3
20230304,서울특별시,11,중랑구,11260,서울특별시,11,동작구,11590,0,0,0,0,0,0,0,0,4,0,0
20230304,서울특별시,11,중랑구,11260,서울특별시,11,관악구,11620,4,0,0,0,7,0,4,0,7,0,5
20230304,서울특별시,11,중랑구,11260,서울특별시,11,서초구,11650,0,0,0,0,0,0,0,0,0,0,3
20230304,서울특별시,11,중랑구,11260,서울특별시,11,강남구,11680,0,12,4,0,0,0,0,0,8,3,5
20230304,서울특별시,11,중랑구,11260,서울특별시,11,송파구,11710,0,0,4,0,0,0,0,0,3,0,6
20230304,서울특별시,11,중랑구,11260,서울특별시,11,강동구,11740,0,6,0,0,3,0,0,0,0,3,5
20230304,서울특별시,11,구로구,11530,서울특별시,11,강동구,11740,0,33,0,3,3,0,0,0,38,31,0
20230304,서울특별시,11,구로구,11530,서울특별시,11,송파구,11710,0,49,9,5,8,5,0,0,54,38,0
20230304,서울특별시,11,구로구,11530,서울특별시,11,강남구,11680,0,55,12,11,11,0,3,4,47,25,4
20230304,서울특별시,11,구로구,11530,서울특별시,11,서초구,11650,0,34,6,3,9,0,0,0,33,10,0
20230304,서울특별시,11,구로구,11530,서울특별시,11,관악구,11620,0,69,5,4,6,0,0,0,58,30,0
20230304,서울특별시,11,구로구,11530,서울특별시,11,동작구,11590,0,29,5,3,4,0,0,0,30,14,0
20230304,서울특별시,11,구로구,11530,서울특별시,11,영등포구,11560,0,44,7,5,8,0,0,0,31,22,0
20230304,서울특별시,11,구로구,11530,서울특별시,11,금천구,11545,0,25,4,5,3,0,0,4,45,11,0
20230304,서울특별시,11,구로구,11530,서울특별시,11,구로구,11530,0,40,9,6,5,0,3,0,46,20,0
20230304,서울특별시,11,구로구,11530,서울특별시,11,강서구,11500,0,65,5,7,6,0,0,0,60,31,0
20230304,서울특별시,11,구로구,11530,서울특별시,11,양천구,11470,0,37,10,4,3,0,0,0,34,18,0
20230304,서울특별시,11,구로구,11530,서울특별시,11,마포구,11440,0,32,6,4,6,0,0,3,39,23,0
20230304,서울특별시,11,구로구,11530,서울특별시,11,서대문구,11410,0,41,3,0,6,0,0,0,32,14,0
20230304,서울특별시,11,구로구,11530,서울특별시,11,은평구,11380,0,42,5,3,0,0,0,3,33,18,0
20230304,서울특별시,11,구로구,11530,서울특별시,11,노원구,11350,0,46,3,0,6,0,0,0,29,24,0
20230304,서울특별시,11,구로구,11530,서울특별시,11,도봉구,11320,0,26,0,3,0,0,0,0,17,18,0
20230304,서울특별시,11,구로구,11530,서울특별시,11,강북구,11305,0,30,0,0,0,0,0,0,22,20,0
20230304,서울특별시,11,구로구,11530,서울특별시,11,성북구,11290,0,255,6,0,8,0,0,3,46,25,0
20230304,서울특별시,11,구로구,11530,서울특별시,11,중랑구,11260,0,36,0,0,0,0,0,3,37,15,0
20230304,서울특별시,11,구로구,11530,서울특별시,11,동대문구,11230,0,42,3,0,6,0,0,0,34,17,0
20230304,서울특별시,11,구로구,11530,서울특별시,11,광진구,11215,0,37,0,4,6,0,0,0,30,25,0
20230304,서울특별시,11,구로구,11530,서울특별시,11,성동구,11200,0,33,8,4,3,0,0,0,59,28,0
20230304,서울특별시,11,구로구,11530,서울특별시,11,용산구,11170,0,17,6,8,4,0,0,0,19,6,0
20230304,서울특별시,11,구로구,11530,서울특별시,11,중구,11140,0,15,0,0,3,0,0,0,21,11,0
20230304,서울특별시,11,구로구,11530,서울특별시,11,종로구,11110,0,17,3,0,0,0,0,0,18,9,0
20230304,서울특별시,11,도봉구,11320,서울특별시,11,강동구,11740,0,3,0,0,0,0,0,0,3,3,0
20230304,서울특별시,11,도봉구,11320,서울특별시,11,송파구,11710,0,0,0,0,0,0,5,0,3,0,0
20230304,서울특별시,11,도봉구,11320,서울특별시,11,강남구,11680,3,9,4,0,0,0,12,0,8,0,0
20230304,서울특별시,11,도봉구,11320,서울특별시,11,서초구,11650,0,0,0,0,0,0,6,0,4,0,0
20230304,서울특별시,11,도봉구,11320,서울특별시,11,관악구,11620,0,0,3,0,0,0,9,0,0,0,0
20230304,서울특별시,11,도봉구,11320,서울특별시,11,동작구,11590,0,3,0,0,0,0,5,0,3,0,0
20230304,서울특별시,11,도봉구,11320,서울특별시,11,영등포구,11560,0,0,0,0,0,0,5,0,0,0,0
20230304,서울특별시,11,도봉구,11320,서울특별시,11,금천구,11545,0,0,0,0,3,0,3,0,11,0,0
20230304,서울특별시,11,도봉구,11320,서울특별시,11,구로구,11530,0,0,0,0,0,0,4,0,4,0,0
20230304,서울특별시,11,도봉구,11320,서울특별시,11,강서구,11500,0,4,3,0,0,0,4,0,5,0,0
20230304,서울특별시,11,도봉구,11320,서울특별시,11,양천구,11470,0,0,4,0,0,0,3,0,4,0,0
20230304,서울특별시,11,도봉구,11320,서울특별시,11,마포구,11440,0,0,4,0,0,0,5,0,4,3,0
20230304,서울특별시,11,도봉구,11320,서울특별시,11,서대문구,11410,0,0,0,0,0,0,0,0,0,0,0
20230304,서울특별시,11,도봉구,11320,서울특별시,11,은평구,11380,0,0,0,0,0,0,0,0,0,0,0
20230304,서울특별시,11,도봉구,11320,서울특별시,11,노원구,11350,0,3,4,0,0,0,3,0,7,0,0
20230304,서울특별시,11,도봉구,11320,서울특별시,11,도봉구,11320,0,0,0,0,0,0,8,0,0,0,0
20230304,서울특별시,11,도봉구,11320,서울특별시,11,강북구,11305,0,0,0,0,0,0,0,0,4,0,0
20230304,서울특별시,11,도봉구,11320,서울특별시,11,성북구,11290,0,3,3,0,0,0,3,0,13,4,0
20230304,서울특별시,11,도봉구,11320,서울특별시,11,중랑구,11260,0,5,0,0,0,0,5,0,4,3,0
20230304,서울특별시,11,도봉구,11320,서울특별시,11,동대문구,11230,0,0,0,0,0,0,5,0,7,0,0
20230304,서울특별시,11,도봉구,11320,서울특별시,11,광진구,11215,3,0,0,0,0,0,4,0,4,4,0
20230304,서울특별시,11,도봉구,11320,서울특별시,11,성동구,11200,0,4,6,0,0,0,4,0,31,12,0
20230304,서울특별시,11,도봉구,11320,서울특별시,11,용산구,11170,0,0,0,0,0,0,0,0,3,0,0
20230304,서울특별시,11,도봉구,11320,서울특별시,11,중구,11140,0,0,0,0,0,0,0,0,6,0,0
20230304,서울특별시,11,도봉구,11320,서울특별시,11,종로구,11110,0,0,0,0,0,0,0,0,5,0,0
20230304,서울특별시,11,관악구,11620,서울특별시,11,종로구,11110,0,0,15,0,0,0,0,0,14,5,0
20230304,서울특별시,11,관악구,11620,서울특별시,11,중구,11140,0,0,9,0,0,0,0,0,17,3,0
20230304,서울특별시,11,관악구,11620,서울특별시,11,용산구,11170,0,5,8,10,0,0,0,0,11,0,0
20230304,서울특별시,11,관악구,11620,서울특별시,11,성동구,11200,0,13,24,0,4,0,0,0,31,25,0
20230304,서울특별시,11,관악구,11620,서울특별시,11,광진구,11215,0,0,10,4,0,0,0,0,11,0,0
20230304,서울특별시,11,관악구,11620,서울특별시,11,동대문구,11230,0,3,27,0,0,0,0,3,10,0,0
20230304,서울특별시,11,관악구,11620,서울특별시,11,중랑구,11260,0,5,9,0,0,0,0,0,12,3,0
20230304,서울특별시,11,관악구,11620,서울특별시,11,성북구,11290,0,8,11,0,0,0,0,0,20,6,0
20230304,서울특별시,11,관악구,11620,서울특별시,11,강북구,11305,0,0,6,0,0,0,0,0,7,0,0
20230304,서울특별시,11,관악구,11620,서울특별시,11,도봉구,11320,0,0,0,0,0,0,0,0,0,0,0
20230304,서울특별시,11,관악구,11620,서울특별시,11,노원구,11350,0,3,10,0,0,0,0,0,7,0,0
20230304,서울특별시,11,관악구,11620,서울특별시,11,은평구,11380,0,0,13,0,5,0,0,0,0,0,0
20230304,서울특별시,11,관악구,11620,서울특별시,11,서대문구,11410,0,0,12,0,0,0,0,0,4,0,0
20230304,서울특별시,11,관악구,11620,서울특별시,11,마포구,11440,0,0,27,3,0,0,0,0,9,3,0
20230304,서울특별시,11,관악구,11620,서울특별시,11,양천구,11470,0,3,11,0,0,0,0,0,6,0,0
20230304,서울특별시,11,관악구,11620,서울특별시,11,강서구,11500,0,4,11,3,4,0,0,0,16,0,0
20230304,서울특별시,11,관악구,11620,서울특별시,11,구로구,11530,0,8,11,0,0,0,0,0,5,0,0
20230304,서울특별시,11,관악구,11620,서울특별시,11,금천구,11545,0,10,9,8,19,0,13,0,27,6,155
20230304,서울특별시,11,관악구,11620,서울특별시,11,영등포구,11560,0,3,9,0,0,0,0,0,3,5,0
20230304,서울특별시,11,관악구,11620,서울특별시,11,동작구,11590,0,3,40,0,28,0,32,0,9,0,287
20230304,서울특별시,11,관악구,11620,서울특별시,11,관악구,11620,0,10,31,8,36,0,26,0,15,0,396
20230304,서울특별시,11,관악구,11620,서울특별시,11,서초구,11650,0,0,13,0,0,0,0,0,6,0,3
20230304,서울특별시,11,관악구,11620,서울특별시,11,강남구,11680,0,18,20,0,0,0,0,0,11,0,0
20230304,서울특별시,11,관악구,11620,서울특별시,11,송파구,11710,0,6,12,0,0,0,0,0,7,0,0
20230304,서울특별시,11,관악구,11620,서울특별시,11,강동구,11740,0,5,8,0,0,0,0,0,6,3,0
20230304,서울특별시,11,영등포구,11560,서울특별시,11,강동구,11740,0,26,3,3,7,0,0,0,0,0,0
20230304,서울특별시,11,영등포구,11560,서울특별시,11,송파구,11710,0,29,9,5,8,3,6,0,5,0,5
20230304,서울특별시,11,영등포구,11560,서울특별시,11,강남구,11680,0,40,3,4,11,0,15,0,15,0,0
20230304,서울특별시,11,영등포구,11560,서울특별시,11,서초구,11650,0,30,0,0,15,0,13,5,7,0,5
20230304,서울특별시,11,영등포구,11560,서울특별시,11,관악구,11620,4,19,3,0,0,0,4,0,6,0,0
20230304,서울특별시,11,영등포구,11560,서울특별시,11,동작구,11590,0,22,3,0,3,0,0,0,0,0,3
20230304,서울특별시,11,영등포구,11560,서울특별시,11,영등포구,11560,3,31,3,5,13,0,5,4,11,5,0
20230304,서울특별시,11,영등포구,11560,서울특별시,11,금천구,11545,0,11,0,4,4,0,0,0,31,6,4
20230304,서울특별시,11,영등포구,11560,서울특별시,11,구로구,11530,4,20,6,0,8,0,4,0,15,3,0
20230304,서울특별시,11,영등포구,11560,서울특별시,11,강서구,11500,3,36,3,7,0,0,0,4,16,4,0
20230304,서울특별시,11,영등포구,11560,서울특별시,11,양천구,11470,0,28,6,3,4,0,0,0,10,4,4
20230304,서울특별시,11,영등포구,11560,서울특별시,11,마포구,11440,5,22,4,0,18,0,11,0,8,5,5
20230304,서울특별시,11,영등포구,11560,서울특별시,11,서대문구,11410,0,21,0,0,12,3,7,0,6,0,4
20230304,서울특별시,11,영등포구,11560,서울특별시,11,은평구,11380,3,23,6,4,9,0,18,0,8,0,5
20230304,서울특별시,11,영등포구,11560,서울특별시,11,노원구,11350,0,19,3,3,8,0,9,0,10,0,0
20230304,서울특별시,11,영등포구,11560,서울특별시,11,도봉구,11320,0,12,0,0,0,0,0,0,3,0,0
20230304,서울특별시,11,영등포구,11560,서울특별시,11,강북구,11305,0,14,3,0,0,0,3,0,3,0,0
20230304,서울특별시,11,영등포구,11560,서울특별시,11,성북구,11290,0,22,0,0,0,0,0,0,24,0,4
20230304,서울특별시,11,영등포구,11560,서울특별시,11,중랑구,11260,0,12,0,0,6,0,4,0,4,0,3
20230304,서울특별시,11,영등포구,11560,서울특별시,11,동대문구,11230,0,19,0,0,6,0,3,0,9,0,5
20230304,서울특별시,11,영등포구,11560,서울특별시,11,광진구,11215,0,18,3,0,8,0,3,0,4,0,0
20230304,서울특별시,11,영등포구,11560,서울특별시,11,성동구,11200,0,23,13,4,14,0,9,0,50,11,6
20230304,서울특별시,11,영등포구,11560,서울특별시,11,용산구,11170,0,10,0,7,16,4,14,0,11,0,5
20230304,서울특별시,11,영등포구,11560,서울특별시,11,중구,11140,0,28,0,0,8,0,9,0,14,5,3
20230304,서울특별시,11,영등포구,11560,서울특별시,11,종로구,11110,0,20,3,0,10,0,5,0,16,0,0
20230304,서울특별시,11,용산구,11170,서울특별시,11,종로구,11110,0,0,5,7,0,0,0,0,8,0,0
20230304,서울특별시,11,용산구,11170,서울특별시,11,중구,11140,0,6,7,0,0,0,0,0,17,0,0
20230304,서울특별시,11,용산구,11170,서울특별시,11,용산구,11170,0,6,9,7,0,0,4,0,22,4,0
20230304,서울특별시,11,용산구,11170,서울특별시,11,성동구,11200,0,8,8,9,3,0,0,0,22,16,0
20230304,서울특별시,11,용산구,11170,서울특별시,11,광진구,11215,0,0,3,8,0,0,0,0,0,0,0
20230304,서울특별시,11,용산구,11170,서울특별시,11,동대문구,11230,0,0,3,7,0,0,4,0,6,0,0
20230304,서울특별시,11,용산구,11170,서울특별시,11,중랑구,11260,0,18,0,3,0,0,0,0,9,24,0
20230304,서울특별시,11,용산구,11170,서울특별시,11,성북구,11290,0,4,5,8,0,0,0,0,6,4,0
20230304,서울특별시,11,용산구,11170,서울특별시,11,강북구,11305,0,0,0,0,0,0,0,0,4,0,0
20230304,서울특별시,11,용산구,11170,서울특별시,11,도봉구,11320,0,0,0,3,0,0,0,0,5,0,0
20230304,서울특별시,11,용산구,11170,서울특별시,11,노원구,11350,0,0,0,0,0,0,0,0,4,0,0
20230304,서울특별시,11,용산구,11170,서울특별시,11,은평구,11380,0,0,4,0,0,0,0,0,7,0,0
20230304,서울특별시,11,용산구,11170,서울특별시,11,서대문구,11410,0,0,6,6,0,0,0,0,10,4,0
20230304,서울특별시,11,용산구,11170,서울특별시,11,마포구,11440,0,12,5,11,0,0,0,0,9,0,0
20230304,서울특별시,11,용산구,11170,서울특별시,11,양천구,11470,0,0,0,8,0,0,0,0,4,0,0
20230304,서울특별시,11,용산구,11170,서울특별시,11,강서구,11500,0,3,3,9,0,0,0,0,10,0,0
20230304,서울특별시,11,용산구,11170,서울특별시,11,구로구,11530,0,3,5,5,0,0,0,0,8,3,0
20230304,서울특별시,11,용산구,11170,서울특별시,11,금천구,11545,0,3,0,12,0,0,0,0,7,6,0
20230304,서울특별시,11,용산구,11170,서울특별시,11,영등포구,11560,0,7,5,11,0,0,0,0,4,0,0
20230304,서울특별시,11,용산구,11170,서울특별시,11,동작구,11590,0,0,3,0,0,0,0,0,0,0,0
20230304,서울특별시,11,용산구,11170,서울특별시,11,관악구,11620,0,0,5,4,0,0,0,0,3,0,0
20230304,서울특별시,11,용산구,11170,서울특별시,11,서초구,11650,0,6,4,9,3,0,0,0,12,0,0
20230304,서울특별시,11,용산구,11170,서울특별시,11,강남구,11680,0,13,4,17,0,0,0,0,14,30,0
20230304,서울특별시,11,용산구,11170,서울특별시,11,송파구,11710,0,0,4,17,0,0,0,0,6,3,0
20230304,서울특별시,11,용산구,11170,서울특별시,11,강동구,11740,0,0,0,6,0,0,0,0,4,4,0
20230304,서울특별시,11,서대문구,11410,서울특별시,11,종로구,11110,0,0,0,0,0,0,0,0,13,0,0
20230304,서울특별시,11,서대문구,11410,서울특별시,11,중구,11140,0,4,0,0,0,0,9,0,10,0,0
20230304,서울특별시,11,서대문구,11410,서울특별시,11,용산구,11170,0,3,0,4,0,0,0,0,4,0,0
20230304,서울특별시,11,서대문구,11410,서울특별시,11,성동구,11200,0,9,8,0,6,5,0,0,40,20,0
20230304,서울특별시,11,서대문구,11410,서울특별시,11,광진구,11215,0,6,0,0,0,0,0,0,4,0,0
20230304,서울특별시,11,서대문구,11410,서울특별시,11,동대문구,11230,0,4,0,0,6,0,4,0,10,0,0
20230304,서울특별시,11,은평구,11380,서울특별시,11,종로구,11110,0,0,4,0,13,0,0,0,14,4,10
20230304,서울특별시,11,은평구,11380,서울특별시,11,중구,11140,0,3,0,3,10,0,0,0,19,3,6
20230304,서울특별시,11,은평구,11380,서울특별시,11,용산구,11170,0,0,0,7,7,0,0,0,8,0,6
20230304,서울특별시,11,은평구,11380,서울특별시,11,성동구,11200,0,9,12,0,10,0,7,0,53,18,10
20230304,서울특별시,11,은평구,11380,서울특별시,11,광진구,11215,0,6,5,3,12,0,6,0,4,0,10
20230304,서울특별시,11,은평구,11380,서울특별시,11,동대문구,11230,0,0,0,0,11,0,6,0,6,3,11
20230304,서울특별시,11,은평구,11380,서울특별시,11,중랑구,11260,0,8,3,0,7,0,3,0,5,3,8
20230304,서울특별시,11,은평구,11380,서울특별시,11,성북구,11290,0,7,6,0,18,0,5,0,15,0,17
20230304,서울특별시,11,은평구,11380,서울특별시,11,강북구,11305,0,0,4,0,7,0,4,0,7,0,6
20230304,서울특별시,11,은평구,11380,서울특별시,11,도봉구,11320,0,0,0,0,11,0,3,0,4,0,12
20230304,서울특별시,11,은평구,11380,서울특별시,11,노원구,11350,0,0,0,0,13,0,5,0,4,0,16
20230304,서울특별시,11,은평구,11380,서울특별시,11,은평구,11380,0,3,4,4,39,0,22,3,7,7,40
20230304,서울특별시,11,은평구,11380,서울특별시,11,서대문구,11410,0,0,4,0,16,0,7,0,17,0,8
20230304,서울특별시,11,은평구,11380,서울특별시,11,마포구,11440,0,0,6,4,24,0,8,0,8,0,24
20230304,서울특별시,11,은평구,11380,서울특별시,11,양천구,11470,0,9,3,0,24,0,0,0,3,0,10
20230304,서울특별시,11,은평구,11380,서울특별시,11,강서구,11500,0,5,0,3,15,0,9,0,13,0,22
20230304,서울특별시,11,은평구,11380,서울특별시,11,구로구,11530,0,3,3,0,9,0,7,0,5,0,16
20230304,서울특별시,11,은평구,11380,서울특별시,11,금천구,11545,0,5,0,3,9,0,5,0,25,3,8
20230304,서울특별시,11,은평구,11380,서울특별시,11,영등포구,11560,0,4,5,3,17,0,20,0,3,3,24
20230304,서울특별시,11,은평구,11380,서울특별시,11,동작구,11590,0,0,0,0,13,0,8,0,4,0,14
20230304,서울특별시,11,은평구,11380,서울특별시,11,관악구,11620,0,0,4,0,12,3,6,0,0,0,11
20230304,서울특별시,11,은평구,11380,서울특별시,11,서초구,11650,0,0,0,0,10,0,6,0,5,3,9
20230304,서울특별시,11,은평구,11380,서울특별시,11,강남구,11680,0,11,8,7,23,0,4,0,7,4,23
20230304,서울특별시,11,은평구,11380,서울특별시,11,송파구,11710,0,8,6,0,29,0,9,0,3,0,26
20230304,서울특별시,11,은평구,11380,서울특별시,11,강동구,11740,0,0,3,0,10,0,7,0,0,5,11
20230304,서울특별시,11,서대문구,11410,서울특별시,11,중랑구,11260,0,5,0,0,4,0,0,0,4,3,0
20230304,서울특별시,11,종로구,11110,서울특별시,11,강동구,11740,0,7,9,0,0,0,0,0,0,0,0
20230304,서울특별시,11,종로구,11110,서울특별시,11,송파구,11710,0,4,9,3,3,0,0,0,5,4,0
20230304,서울특별시,11,종로구,11110,서울특별시,11,강남구,11680,0,4,15,5,0,0,0,0,5,0,0
20230304,서울특별시,11,종로구,11110,서울특별시,11,서초구,11650,0,4,5,0,3,0,0,0,0,0,3
20230304,서울특별시,11,종로구,11110,서울특별시,11,관악구,11620,0,5,6,0,0,0,0,0,7,0,0
20230304,서울특별시,11,종로구,11110,서울특별시,11,동작구,11590,0,7,19,0,3,0,0,0,0,0,0
20230304,서울특별시,11,종로구,11110,서울특별시,11,영등포구,11560,0,5,11,0,0,0,0,0,0,0,0
20230304,서울특별시,11,종로구,11110,서울특별시,11,금천구,11545,0,3,3,0,0,0,0,0,8,7,0
20230304,서울특별시,11,종로구,11110,서울특별시,11,구로구,11530,0,4,4,0,0,0,3,0,0,0,0
20230304,서울특별시,11,종로구,11110,서울특별시,11,강서구,11500,0,4,11,0,0,0,0,0,4,0,0
20230304,서울특별시,11,종로구,11110,서울특별시,11,양천구,11470,0,0,6,0,0,0,0,0,0,0,0
20230304,서울특별시,11,종로구,11110,서울특별시,11,마포구,11440,0,0,16,0,0,0,0,0,8,0,0
20230304,서울특별시,11,종로구,11110,서울특별시,11,서대문구,11410,0,4,15,0,3,0,0,0,0,0,0
20230304,서울특별시,11,종로구,11110,서울특별시,11,은평구,11380,0,3,9,0,0,0,0,0,0,0,0
20230304,서울특별시,11,종로구,11110,서울특별시,11,노원구,11350,0,5,9,0,0,0,0,0,0,0,0
20230304,서울특별시,11,종로구,11110,서울특별시,11,도봉구,11320,0,0,4,0,0,0,0,0,0,0,0
20230304,서울특별시,11,종로구,11110,서울특별시,11,강북구,11305,0,0,6,0,4,0,0,0,5,0,0
20230304,서울특별시,11,종로구,11110,서울특별시,11,성북구,11290,0,3,13,0,0,0,0,0,9,0,0
20230304,서울특별시,11,종로구,11110,서울특별시,11,중랑구,11260,0,0,4,0,0,0,0,0,3,3,0
20230304,서울특별시,11,종로구,11110,서울특별시,11,동대문구,11230,0,0,26,0,3,0,0,0,5,0,0
20230304,서울특별시,11,종로구,11110,서울특별시,11,광진구,11215,0,0,8,0,0,0,0,0,0,0,0
20230304,서울특별시,11,종로구,11110,서울특별시,11,성동구,11200,0,4,9,0,0,0,0,0,24,8,0
20230304,서울특별시,11,종로구,11110,서울특별시,11,용산구,11170,0,0,6,4,0,0,0,0,5,0,0
20230304,서울특별시,11,종로구,11110,서울특별시,11,중구,11140,0,0,3,0,0,0,0,0,7,0,0
20230304,서울특별시,11,종로구,11110,서울특별시,11,종로구,11110,0,7,22,0,5,0,0,0,8,0,0
20230304,서울특별시,11,서대문구,11410,서울특별시,11,성북구,11290,0,3,5,0,0,0,4,0,24,6,0
20230304,서울특별시,11,서대문구,11410,서울특별시,11,강북구,11305,0,0,0,0,0,3,0,0,5,0,0
20230304,서울특별시,11,서대문구,11410,서울특별시,11,도봉구,11320,0,0,0,0,0,4,3,0,0,0,0
20230304,서울특별시,11,서대문구,11410,서울특별시,11,노원구,11350,0,0,0,5,0,4,4,0,4,0,0
20230304,서울특별시,11,서대문구,11410,서울특별시,11,은평구,11380,0,7,9,3,3,0,0,0,12,4,4
20230304,서울특별시,11,서대문구,11410,서울특별시,11,서대문구,11410,0,0,7,4,0,3,8,0,11,4,0
20230304,서울특별시,11,서대문구,11410,서울특별시,11,마포구,11440,3,8,0,3,4,0,0,0,12,4,0
20230304,서울특별시,11,서대문구,11410,서울특별시,11,양천구,11470,0,5,0,0,0,0,0,0,0,6,0
20230304,서울특별시,11,서대문구,11410,서울특별시,11,강서구,11500,0,4,3,3,8,0,3,0,9,3,0
20230304,서울특별시,11,서대문구,11410,서울특별시,11,구로구,11530,0,0,0,0,0,3,0,0,4,4,0
20230304,서울특별시,11,서대문구,11410,서울특별시,11,금천구,11545,0,0,0,3,3,5,0,0,13,6,0
20230304,서울특별시,11,서대문구,11410,서울특별시,11,영등포구,11560,0,0,4,0,0,0,3,0,3,4,0
20230304,서울특별시,11,서대문구,11410,서울특별시,11,동작구,11590,0,0,0,0,0,0,3,0,0,0,0
20230304,서울특별시,11,서대문구,11410,서울특별시,11,관악구,11620,0,0,0,0,0,4,3,0,4,3,0
20230304,서울특별시,11,서대문구,11410,서울특별시,11,서초구,11650,0,0,0,0,3,3,10,0,3,4,0
20230304,서울특별시,11,서대문구,11410,서울특별시,11,강남구,11680,0,11,4,0,5,4,8,0,9,0,0
20230304,서울특별시,11,서대문구,11410,서울특별시,11,송파구,11710,0,9,5,0,8,3,6,0,8,4,0
20230304,서울특별시,11,서대문구,11410,서울특별시,11,강동구,11740,0,0,0,0,0,0,6,0,4,4,0
20230304,서울특별시,11,성북구,11290,서울특별시,11,강동구,11740,0,6,0,5,0,0,0,0,4,13,4
20230304,서울특별시,11,성북구,11290,서울특별시,11,송파구,11710,0,21,3,0,7,4,0,0,16,12,0
20230304,서울특별시,11,성북구,11290,서울특별시,11,강남구,11680,0,23,5,3,5,5,0,0,19,10,6
20230304,서울특별시,11,성북구,11290,서울특별시,11,서초구,11650,0,10,3,0,0,0,0,0,9,8,5
20230304,서울특별시,11,성북구,11290,서울특별시,11,관악구,11620,0,8,3,3,6,0,0,0,11,11,5
20230304,서울특별시,11,성북구,11290,서울특별시,11,동작구,11590,0,7,6,0,0,0,0,0,0,12,0
20230304,서울특별시,11,성북구,11290,서울특별시,11,영등포구,11560,0,43,3,3,5,5,0,0,18,17,0
20230304,서울특별시,11,성북구,11290,서울특별시,11,금천구,11545,0,9,0,0,5,0,3,0,35,10,0
20230304,서울특별시,11,성북구,11290,서울특별시,11,구로구,11530,0,12,4,0,0,5,0,0,6,4,0
20230304,서울특별시,11,성북구,11290,서울특별시,11,강서구,11500,0,10,0,0,6,0,3,0,9,9,0
20230304,서울특별시,11,성북구,11290,서울특별시,11,양천구,11470,0,14,3,0,0,0,0,0,0,8,3
20230304,서울특별시,11,성북구,11290,서울특별시,11,마포구,11440,0,16,0,3,0,0,0,0,15,17,6
20230304,서울특별시,11,성북구,11290,서울특별시,11,서대문구,11410,0,9,5,3,0,0,0,0,8,10,0
20230304,서울특별시,11,성북구,11290,서울특별시,11,은평구,11380,0,11,3,0,6,0,0,0,6,9,0
20230304,서울특별시,11,성북구,11290,서울특별시,11,노원구,11350,0,12,5,4,4,0,0,0,7,8,3
20230304,서울특별시,11,성북구,11290,서울특별시,11,도봉구,11320,0,6,0,0,0,0,0,0,3,5,0
20230304,서울특별시,11,성북구,11290,서울특별시,11,강북구,11305,0,8,6,0,0,0,0,0,8,7,0
20230304,서울특별시,11,성북구,11290,서울특별시,11,성북구,11290,0,18,4,3,0,0,0,0,37,20,0
20230304,서울특별시,11,성북구,11290,서울특별시,11,중랑구,11260,0,12,6,0,4,0,0,0,12,10,0
20230304,서울특별시,11,성북구,11290,서울특별시,11,동대문구,11230,0,9,4,0,5,0,3,0,13,7,0
20230304,서울특별시,11,성북구,11290,서울특별시,11,광진구,11215,0,14,0,3,6,0,0,0,11,9,3
20230304,서울특별시,11,성북구,11290,서울특별시,11,성동구,11200,0,44,22,4,4,5,0,0,33,35,0
20230304,서울특별시,11,성북구,11290,서울특별시,11,용산구,11170,0,5,3,6,0,0,0,0,10,0,0
20230304,서울특별시,11,성북구,11290,서울특별시,11,중구,11140,0,12,0,0,5,0,0,0,31,0,0
20230304,서울특별시,11,성북구,11290,서울특별시,11,종로구,11110,0,0,0,0,5,0,0,0,11,8,0
20230304,서울특별시,11,광진구,11215,서울특별시,11,강동구,11740,0,4,5,3,0,0,0,0,4,0,0
20230304,서울특별시,11,광진구,11215,서울특별시,11,송파구,11710,0,0,3,3,3,0,0,0,4,6,0
20230304,서울특별시,11,광진구,11215,서울특별시,11,강남구,11680,0,12,6,10,0,3,0,0,18,7,0
20230304,서울특별시,11,광진구,11215,서울특별시,11,서초구,11650,0,0,3,8,0,0,0,0,8,0,0
20230304,서울특별시,11,광진구,11215,서울특별시,11,관악구,11620,0,3,5,0,0,0,0,0,5,4,0
20230304,서울특별시,11,광진구,11215,서울특별시,11,동작구,11590,0,0,0,0,0,0,0,0,5,0,0
20230304,서울특별시,11,광진구,11215,서울특별시,11,영등포구,11560,0,3,3,0,0,0,0,0,9,0,0
20230304,서울특별시,11,광진구,11215,서울특별시,11,금천구,11545,0,0,3,3,4,0,0,0,20,7,0
20230304,서울특별시,11,광진구,11215,서울특별시,11,구로구,11530,0,0,3,0,0,0,0,0,7,0,0
20230304,서울특별시,11,광진구,11215,서울특별시,11,강서구,11500,0,5,0,3,0,0,0,0,14,0,0
20230304,서울특별시,11,광진구,11215,서울특별시,11,양천구,11470,0,4,4,0,0,0,0,0,3,0,0
20230304,서울특별시,11,광진구,11215,서울특별시,11,마포구,11440,3,0,8,4,0,0,0,0,6,0,0
20230304,서울특별시,11,광진구,11215,서울특별시,11,서대문구,11410,0,8,0,0,0,0,0,0,0,0,0
20230304,서울특별시,11,광진구,11215,서울특별시,11,은평구,11380,0,0,0,0,3,0,0,0,0,0,0
20230304,서울특별시,11,광진구,11215,서울특별시,11,노원구,11350,0,7,5,0,0,0,0,0,0,7,0
20230304,서울특별시,11,광진구,11215,서울특별시,11,도봉구,11320,0,0,0,0,0,0,0,0,7,0,0
20230304,서울특별시,11,광진구,11215,서울특별시,11,강북구,11305,0,0,3,0,0,0,0,0,0,3,0
20230304,서울특별시,11,광진구,11215,서울특별시,11,성북구,11290,0,7,0,3,0,0,0,0,14,5,0
20230304,서울특별시,11,광진구,11215,서울특별시,11,중랑구,11260,0,4,0,3,0,0,0,0,11,0,0
20230304,서울특별시,11,광진구,11215,서울특별시,11,동대문구,11230,0,0,3,0,0,0,0,0,14,0,0
20230304,서울특별시,11,광진구,11215,서울특별시,11,광진구,11215,0,0,9,5,0,0,5,0,8,0,0
20230304,서울특별시,11,광진구,11215,서울특별시,11,성동구,11200,0,20,9,5,0,0,0,0,41,24,0
20230304,서울특별시,11,광진구,11215,서울특별시,11,용산구,11170,0,3,4,7,0,0,0,0,13,0,0
20230304,서울특별시,11,광진구,11215,서울특별시,11,중구,11140,0,3,0,3,0,0,0,0,14,3,0
20230304,서울특별시,11,광진구,11215,서울특별시,11,종로구,11110,0,0,4,3,0,0,0,0,7,5,0
20230304,서울특별시,11,강북구,11305,서울특별시,11,강동구,11740,0,0,0,0,0,0,0,0,5,4,0
20230304,서울특별시,11,강북구,11305,서울특별시,11,송파구,11710,0,0,0,3,0,0,0,0,5,0,0
20230304,서울특별시,11,강북구,11305,서울특별시,11,강남구,11680,0,8,4,3,4,0,3,0,7,0,0
20230304,서울특별시,11,강북구,11305,서울특별시,11,서초구,11650,0,0,4,0,0,0,3,0,0,0,0
20230304,서울특별시,11,강북구,11305,서울특별시,11,관악구,11620,0,4,0,0,0,0,0,0,3,3,0
20230304,서울특별시,11,강북구,11305,서울특별시,11,동작구,11590,0,0,4,0,0,0,0,0,0,0,0
20230304,서울특별시,11,강북구,11305,서울특별시,11,영등포구,11560,0,8,0,0,0,0,0,0,0,0,0
20230304,서울특별시,11,강북구,11305,서울특별시,11,금천구,11545,0,0,0,0,3,0,3,0,15,4,3
20230304,서울특별시,11,강북구,11305,서울특별시,11,구로구,11530,0,0,0,0,0,0,0,0,0,0,0
20230304,서울특별시,11,강북구,11305,서울특별시,11,강서구,11500,0,5,0,0,0,0,0,0,12,0,0
20230304,서울특별시,11,강북구,11305,서울특별시,11,양천구,11470,0,3,0,0,0,0,0,0,0,0,0
20230305,서울특별시,11,동대문구,11230,서울특별시,11,동작구,11590,0,0,0,0,0,0,0,0,0,0,0
20230305,서울특별시,11,동대문구,11230,서울특별시,11,관악구,11620,0,0,0,0,0,0,0,0,0,0,0
20230305,서울특별시,11,동대문구,11230,서울특별시,11,서초구,11650,0,0,0,0,3,0,0,0,0,0,0
20230305,서울특별시,11,동대문구,11230,서울특별시,11,강남구,11680,0,0,0,0,0,0,9,0,0,0,0
20230305,서울특별시,11,동대문구,11230,서울특별시,11,송파구,11710,0,0,0,0,0,0,7,0,0,0,0
20230305,서울특별시,11,동대문구,11230,서울특별시,11,강동구,11740,0,0,0,0,0,0,0,0,0,0,0
20230305,서울특별시,11,도봉구,11320,서울특별시,11,노원구,11350,0,0,0,0,0,0,0,0,0,0,0
20230305,서울특별시,11,중구,11140,서울특별시,11,은평구,11380,0,0,0,0,0,0,0,0,0,0,0
20230305,서울특별시,11,중구,11140,서울특별시,11,노원구,11350,0,0,0,0,0,0,0,0,0,0,0
20230305,서울특별시,11,중구,11140,서울특별시,11,성북구,11290,0,0,0,0,0,0,0,0,0,0,0
20230305,서울특별시,11,중구,11140,서울특별시,11,광진구,11215,0,0,0,0,0,0,0,0,0,0,0
20230305,서울특별시,11,중구,11140,서울특별시,11,성동구,11200,0,3,0,0,0,0,0,0,0,0,0
20230305,서울특별시,11,중구,11140,서울특별시,11,용산구,11170,0,14,0,0,3,0,0,0,0,0,0
20230305,서울특별시,11,중구,11140,서울특별시,11,중구,11140,0,20,0,0,0,0,0,0,0,0,0
20230305,서울특별시,11,중구,11140,서울특별시,11,종로구,11110,0,16,0,0,0,0,0,0,0,0,0
20230305,서울특별시,11,광진구,11215,서울특별시,11,중랑구,11260,0,0,0,0,0,0,0,0,0,0,0
20230305,서울특별시,11,서대문구,11410,서울특별시,11,종로구,11110,0,0,0,0,0,0,0,0,0,0,0
20230305,서울특별시,11,서대문구,11410,서울특별시,11,중구,11140,0,0,0,0,0,0,0,0,0,0,0
20230305,서울특별시,11,서대문구,11410,서울특별시,11,용산구,11170,0,0,0,0,0,0,0,0,0,0,0
20230305,서울특별시,11,서대문구,11410,서울특별시,11,동대문구,11230,0,0,0,0,0,0,0,0,0,0,0
20230305,서울특별시,11,서대문구,11410,서울특별시,11,중랑구,11260,0,0,0,0,0,0,0,0,0,0,0
20230305,서울특별시,11,서대문구,11410,서울특별시,11,성북구,11290,0,0,0,0,0,0,0,0,0,0,0
20230305,서울특별시,11,서대문구,11410,서울특별시,11,도봉구,11320,0,0,0,0,0,0,0,0,0,0,0
20230305,서울특별시,11,서대문구,11410,서울특별시,11,노원구,11350,0,3,0,0,0,0,0,9,0,0,0
20230305,서울특별시,11,서대문구,11410,서울특별시,11,은평구,11380,0,0,0,0,0,0,0,0,3,0,0
20230305,서울특별시,11,서대문구,11410,서울특별시,11,서대문구,11410,0,0,0,0,0,0,0,0,0,0,0
20230305,서울특별시,11,서대문구,11410,서울특별시,11,마포구,11440,0,0,0,0,0,0,0,0,4,0,0
20230305,서울특별시,11,서대문구,11410,서울특별시,11,양천구,11470,0,0,0,0,0,0,0,0,0,0,0
20230305,서울특별시,11,서대문구,11410,서울특별시,11,강서구,11500,0,0,0,0,0,0,0,0,0,0,0
20230305,서울특별시,11,서대문구,11410,서울특별시,11,구로구,11530,0,0,0,0,0,0,0,13,0,0,0
20230305,서울특별시,11,도봉구,11320,서울특별시,11,양천구,11470,0,0,0,0,0,0,0,0,0,0,0
20230305,서울특별시,11,도봉구,11320,서울특별시,11,영등포구,11560,0,0,0,0,0,0,0,0,0,0,0
20230305,서울특별시,11,도봉구,11320,서울특별시,11,강남구,11680,0,0,0,0,0,0,0,0,0,0,0
20230305,서울특별시,11,도봉구,11320,서울특별시,11,강동구,11740,0,0,0,0,0,0,0,0,0,0,0
20230305,서울특별시,11,강서구,11500,서울특별시,11,강동구,11740,0,0,0,0,0,0,0,0,3,5,0
20230305,서울특별시,11,관악구,11620,서울특별시,11,금천구,11545,3,0,0,0,11,0,10,0,0,0,146
20230305,서울특별시,11,관악구,11620,서울특별시,11,동작구,11590,0,0,0,0,26,0,20,0,0,0,307
20230305,서울특별시,11,관악구,11620,서울특별시,11,관악구,11620,0,0,0,0,39,0,25,0,0,0,353
20230305,서울특별시,11,동대문구,11230,서울특별시,11,서대문구,11410,0,0,0,0,0,0,0,0,0,0,0
20230305,서울특별시,11,동대문구,11230,서울특별시,11,은평구,11380,0,0,0,0,0,0,0,0,0,0,0
20230305,서울특별시,11,동대문구,11230,서울특별시,11,노원구,11350,0,0,0,0,0,0,0,0,0,0,0
20230305,서울특별시,11,동대문구,11230,서울특별시,11,도봉구,11320,0,0,0,0,0,0,3,0,0,0,0
20230305,서울특별시,11,동대문구,11230,서울특별시,11,강북구,11305,0,0,0,0,0,0,3,0,0,0,0
20230305,서울특별시,11,동대문구,11230,서울특별시,11,성북구,11290,0,0,0,0,0,0,3,0,0,0,0
20230305,서울특별시,11,동대문구,11230,서울특별시,11,중랑구,11260,0,0,0,0,0,0,0,0,0,0,0
20230305,서울특별시,11,동대문구,11230,서울특별시,11,동대문구,11230,0,0,0,0,0,0,0,0,0,0,0
20230305,서울특별시,11,동대문구,11230,서울특별시,11,광진구,11215,0,0,0,0,0,0,0,0,0,0,0
20230305,서울특별시,11,동대문구,11230,서울특별시,11,용산구,11170,0,0,0,0,0,0,3,0,0,0,0
20230305,서울특별시,11,동대문구,11230,서울특별시,11,중구,11140,0,0,0,0,0,0,0,0,0,0,0
20230305,서울특별시,11,동대문구,11230,서울특별시,11,종로구,11110,0,0,0,0,0,0,0,0,0,0,0
20230305,서울특별시,11,성북구,11290,서울특별시,11,종로구,11110,0,0,0,0,3,0,0,0,0,5,0
20230305,서울특별시,11,성북구,11290,서울특별시,11,중구,11140,0,0,0,0,0,0,0,0,3,3,0
20230305,서울특별시,11,성북구,11290,서울특별시,11,용산구,11170,0,5,0,0,0,0,0,0,0,5,0
20230305,서울특별시,11,성북구,11290,서울특별시,11,성동구,11200,0,0,0,0,0,0,0,0,3,6,0
20230305,서울특별시,11,성북구,11290,서울특별시,11,광진구,11215,0,4,0,0,0,0,0,0,0,8,0
20230305,서울특별시,11,강남구,11680,서울특별시,11,동작구,11590,0,0,0,0,0,0,0,0,0,3,0
20230305,서울특별시,11,강남구,11680,서울특별시,11,관악구,11620,0,0,0,0,0,0,3,0,0,0,0
20230305,서울특별시,11,강남구,11680,서울특별시,11,서초구,11650,0,0,0,0,19,0,24,0,0,3,314
20230305,서울특별시,11,강남구,11680,서울특별시,11,강남구,11680,0,0,0,6,24,0,42,0,4,0,371
20230305,서울특별시,11,강남구,11680,서울특별시,11,송파구,11710,0,0,0,9,53,0,49,0,4,0,541
20230305,서울특별시,11,강남구,11680,서울특별시,11,강동구,11740,0,0,0,0,0,0,7,0,4,0,0
20230305,서울특별시,11,서대문구,11410,서울특별시,11,금천구,11545,0,0,0,0,0,0,0,0,3,0,0
20230305,서울특별시,11,서대문구,11410,서울특별시,11,영등포구,11560,0,0,0,0,0,0,0,3,3,0,0
20230305,서울특별시,11,용산구,11170,서울특별시,11,서초구,11650,0,0,0,0,0,0,0,0,0,0,0
20230305,서울특별시,11,용산구,11170,서울특별시,11,강남구,11680,0,0,0,0,0,0,0,0,0,0,0
20230305,서울특별시,11,용산구,11170,서울특별시,11,송파구,11710,0,0,0,3,0,0,0,0,0,0,0
20230305,서울특별시,11,중랑구,11260,서울특별시,11,강서구,11500,0,0,0,0,0,4,0,0,0,0,0
20230305,서울특별시,11,중랑구,11260,서울특별시,11,양천구,11470,0,0,0,0,0,0,0,0,0,0,0
20230305,서울특별시,11,금천구,11545,서울특별시,11,강동구,11740,0,0,0,0,0,4,4,9,30,16,11
20230305,서울특별시,11,금천구,11545,서울특별시,11,송파구,11710,0,0,0,0,3,6,9,14,41,17,9
20230305,서울특별시,11,금천구,11545,서울특별시,11,강남구,11680,0,0,0,0,4,6,5,6,46,19,13
20230305,서울특별시,11,금천구,11545,서울특별시,11,서초구,11650,0,0,0,0,0,3,3,4,33,11,20
20230305,서울특별시,11,금천구,11545,서울특별시,11,관악구,11620,0,0,0,0,0,0,0,3,24,12,3
20230305,서울특별시,11,금천구,11545,서울특별시,11,동작구,11590,0,0,0,0,0,0,0,0,20,12,3
20230305,서울특별시,11,금천구,11545,서울특별시,11,영등포구,11560,0,0,0,0,0,3,4,5,28,20,10
20230305,서울특별시,11,금천구,11545,서울특별시,11,금천구,11545,0,0,0,0,0,0,0,0,10,6,4
20230305,서울특별시,11,금천구,11545,서울특별시,11,구로구,11530,0,0,0,0,0,0,0,12,24,11,0
20230305,서울특별시,11,금천구,11545,서울특별시,11,강서구,11500,0,0,0,0,0,5,3,5,39,24,5
20230305,서울특별시,11,금천구,11545,서울특별시,11,양천구,11470,0,0,0,0,0,3,0,3,32,16,5
20230305,서울특별시,11,서초구,11650,서울특별시,11,구로구,11530,0,19,3,0,3,0,0,0,0,0,0
20230305,서울특별시,11,서초구,11650,서울특별시,11,강서구,11500,0,41,5,0,9,0,0,0,0,0,0
20230305,서울특별시,11,서초구,11650,서울특별시,11,양천구,11470,0,46,9,0,11,0,0,0,0,0,0
20230305,서울특별시,11,서초구,11650,서울특별시,11,마포구,11440,0,24,0,0,9,0,0,0,0,0,0
20230305,서울특별시,11,서초구,11650,서울특별시,11,서대문구,11410,0,20,0,0,4,0,0,0,0,0,0
20230305,서울특별시,11,서초구,11650,서울특별시,11,은평구,11380,0,28,5,0,9,0,0,0,0,0,0
20230305,서울특별시,11,서초구,11650,서울특별시,11,노원구,11350,0,47,5,0,7,0,0,0,0,0,0
20230305,서울특별시,11,서대문구,11410,서울특별시,11,동작구,11590,0,0,0,0,0,0,0,4,0,0,0
20230305,서울특별시,11,강서구,11500,서울특별시,11,종로구,11110,15,0,0,4,0,0,39,0,136,14,33
20230305,서울특별시,11,강서구,11500,서울특별시,11,중구,11140,0,0,0,0,7,0,0,0,12,58,0
20230305,서울특별시,11,강서구,11500,서울특별시,11,용산구,11170,0,0,0,0,0,0,0,0,7,4,5
20230305,서울특별시,11,강서구,11500,서울특별시,11,성동구,11200,0,3,0,0,4,0,0,0,3,6,5
20230305,서울특별시,11,서대문구,11410,서울특별시,11,강동구,11740,0,0,0,0,0,0,0,0,0,0,0
20230305,서울특별시,11,서대문구,11410,서울특별시,11,송파구,11710,0,0,0,0,0,0,0,0,0,0,0
20230305,서울특별시,11,서대문구,11410,서울특별시,11,강남구,11680,0,3,0,0,0,0,0,0,0,0,0
20230305,서울특별시,11,서대문구,11410,서울특별시,11,서초구,11650,0,0,0,0,0,0,0,0,0,0,0
20230305,서울특별시,11,서대문구,11410,서울특별시,11,관악구,11620,0,0,0,0,0,0,0,5,0,0,0
20230305,서울특별시,11,동작구,11590,서울특별시,11,용산구,11170,0,0,0,0,0,0,0,0,0,0,0
20230305,서울특별시,11,동작구,11590,서울특별시,11,성동구,11200,0,0,0,0,0,0,0,0,0,0,0
20230305,서울특별시,11,동작구,11590,서울특별시,11,마포구,11440,0,0,0,0,0,0,0,0,0,0,0
20230305,서울특별시,11,동작구,11590,서울특별시,11,강서구,11500,0,0,0,0,0,0,0,0,0,0,0
20230305,서울특별시,11,동작구,11590,서울특별시,11,동작구,11590,0,0,0,0,0,0,0,0,0,0,0
20230305,서울특별시,11,동작구,11590,서울특별시,11,송파구,11710,0,0,0,0,0,0,0,0,0,0,0
20230305,서울특별시,11,영등포구,11560,서울특별시,11,강동구,11740,0,4,0,0,0,0,3,0,0,0,0
20230305,서울특별시,11,영등포구,11560,서울특별시,11,송파구,11710,0,0,0,0,0,0,4,0,0,0,0
20230305,서울특별시,11,영등포구,11560,서울특별시,11,강남구,11680,0,0,0,0,0,0,0,0,0,0,0
20230305,서울특별시,11,영등포구,11560,서울특별시,11,서초구,11650,0,4,0,0,4,0,0,0,0,0,0
20230305,서울특별시,11,성북구,11290,서울특별시,11,동대문구,11230,0,5,0,0,0,0,0,0,5,8,0
20230305,서울특별시,11,성북구,11290,서울특별시,11,중랑구,11260,0,0,0,0,0,0,0,0,3,8,0
20230305,서울특별시,11,성북구,11290,서울특별시,11,성북구,11290,0,4,0,0,0,0,0,0,3,16,0
20230305,서울특별시,11,성북구,11290,서울특별시,11,강북구,11305,0,0,0,0,0,0,0,0,0,7,0
20230305,서울특별시,11,성북구,11290,서울특별시,11,도봉구,11320,0,0,0,0,0,0,0,0,0,8,0
20230305,서울특별시,11,금천구,11545,서울특별시,11,마포구,11440,0,0,0,0,0,5,3,6,24,20,12
20230305,서울특별시,11,금천구,11545,서울특별시,11,서대문구,11410,0,0,0,0,0,0,3,5,13,8,3
20230305,서울특별시,11,금천구,11545,서울특별시,11,은평구,11380,0,0,0,0,0,6,0,8,18,9,7
20230305,서울특별시,11,금천구,11545,서울특별시,11,노원구,11350,0,0,0,0,0,4,3,7,36,10,3
20230305,서울특별시,11,금천구,11545,서울특별시,11,도봉구,11320,0,0,0,0,0,0,0,0,16,9,0
20230305,서울특별시,11,금천구,11545,서울특별시,11,강북구,11305,0,0,0,0,0,0,0,0,15,10,0
20230305,서울특별시,11,금천구,11545,서울특별시,11,성북구,11290,0,0,0,0,3,0,3,11,26,16,5
20230305,서울특별시,11,금천구,11545,서울특별시,11,중랑구,11260,0,0,0,0,0,0,0,5,15,9,0
20230305,서울특별시,11,금천구,11545,서울특별시,11,동대문구,11230,0,0,0,0,0,0,0,3,16,7,0
20230305,서울특별시,11,금천구,11545,서울특별시,11,광진구,11215,0,0,0,0,0,7,0,4,21,11,3
20230305,서울특별시,11,광진구,11215,서울특별시,11,은평구,11380,0,0,0,0,0,0,0,0,0,0,0
20230305,서울특별시,11,광진구,11215,서울특별시,11,서대문구,11410,0,0,0,0,0,0,0,0,0,0,0
20230305,서울특별시,11,광진구,11215,서울특별시,11,양천구,11470,0,0,0,0,0,0,0,0,0,0,0
20230305,서울특별시,11,광진구,11215,서울특별시,11,강서구,11500,0,0,0,0,0,0,0,0,0,0,0
20230305,서울특별시,11,광진구,11215,서울특별시,11,동작구,11590,0,0,0,0,0,0,0,0,3,0,0
20230305,서울특별시,11,광진구,11215,서울특별시,11,관악구,11620,0,0,0,0,0,0,0,0,0,0,0
20230305,서울특별시,11,광진구,11215,서울특별시,11,강남구,11680,0,0,0,0,0,0,0,0,0,0,0
20230305,서울특별시,11,광진구,11215,서울특별시,11,송파구,11710,0,0,0,0,0,0,0,0,4,0,0
20230305,서울특별시,11,광진구,11215,서울특별시,11,강동구,11740,0,0,0,0,0,0,0,0,0,0,0
20230305,서울특별시,11,마포구,11440,서울특별시,11,종로구,11110,0,0,0,0,24,0,0,0,0,0,0
20230305,서울특별시,11,마포구,11440,서울특별시,11,중구,11140,0,0,0,0,36,0,0,0,0,0,0
20230305,서울특별시,11,마포구,11440,서울특별시,11,용산구,11170,0,0,0,0,21,0,0,0,0,0,0
20230305,서울특별시,11,마포구,11440,서울특별시,11,성동구,11200,0,0,0,0,18,0,0,0,0,0,0
20230305,서울특별시,11,마포구,11440,서울특별시,11,광진구,11215,0,0,3,0,0,0,0,0,0,0,0
20230305,서울특별시,11,마포구,11440,서울특별시,11,동대문구,11230,0,0,0,0,14,0,0,0,0,0,0
20230305,서울특별시,11,마포구,11440,서울특별시,11,중랑구,11260,0,0,0,0,6,0,0,0,0,0,0
20230305,서울특별시,11,마포구,11440,서울특별시,11,성북구,11290,0,0,0,0,9,0,0,0,0,0,0
20230305,서울특별시,11,마포구,11440,서울특별시,11,강북구,11305,0,0,0,0,8,0,0,0,0,0,0
20230305,서울특별시,11,마포구,11440,서울특별시,11,도봉구,11320,0,0,0,0,6,0,0,0,0,0,0
20230305,서울특별시,11,마포구,11440,서울특별시,11,노원구,11350,0,0,0,0,11,0,0,0,0,0,0
20230305,서울특별시,11,마포구,11440,서울특별시,11,은평구,11380,0,0,0,0,10,0,0,0,0,0,0
20230305,서울특별시,11,은평구,11380,서울특별시,11,마포구,11440,0,0,0,0,0,0,0,0,0,0,0
20230305,서울특별시,11,은평구,11380,서울특별시,11,성북구,11290,0,0,0,0,0,0,0,0,0,0,0
20230305,서울특별시,11,마포구,11440,서울특별시,11,서대문구,11410,0,0,0,0,14,0,0,0,0,0,0
20230305,서울특별시,11,마포구,11440,서울특별시,11,마포구,11440,0,0,0,0,3,0,0,0,0,0,0
20230305,서울특별시,11,금천구,11545,서울특별시,11,성동구,11200,0,0,0,0,0,0,0,4,14,12,0
20230305,서울특별시,11,금천구,11545,서울특별시,11,용산구,11170,0,0,0,0,0,0,3,3,14,5,6
20230305,서울특별시,11,금천구,11545,서울특별시,11,중구,11140,0,0,0,0,0,0,0,4,12,11,5
20230305,서울특별시,11,성북구,11290,서울특별시,11,노원구,11350,0,4,0,0,0,0,0,0,3,11,0
20230305,서울특별시,11,금천구,11545,서울특별시,11,종로구,11110,0,0,0,0,0,0,0,3,10,4,0
20230305,서울특별시,11,중랑구,11260,서울특별시,11,마포구,11440,0,0,0,0,0,0,0,0,0,0,0
20230305,서울특별시,11,중랑구,11260,서울특별시,11,서대문구,11410,0,0,0,0,0,0,0,0,0,0,0
20230305,서울특별시,11,중랑구,11260,서울특별시,11,은평구,11380,0,4,0,0,0,0,0,0,0,0,0
20230305,서울특별시,11,중랑구,11260,서울특별시,11,노원구,11350,0,0,0,0,0,0,0,0,0,0,0
20230305,서울특별시,11,중랑구,11260,서울특별시,11,도봉구,11320,0,0,0,0,0,0,0,0,0,0,0
20230305,서울특별시,11,중랑구,11260,서울특별시,11,강북구,11305,0,0,0,0,0,0,0,0,0,0,0
20230305,서울특별시,11,중랑구,11260,서울특별시,11,성북구,11290,0,0,0,0,0,0,0,0,0,0,0
20230305,서울특별시,11,중랑구,11260,서울특별시,11,동대문구,11230,0,0,0,0,0,0,0,0,0,0,0
20230305,서울특별시,11,중랑구,11260,서울특별시,11,광진구,11215,0,0,0,0,0,0,0,0,0,0,0
20230305,서울특별시,11,중랑구,11260,서울특별시,11,성동구,11200,0,0,0,0,0,0,0,0,0,0,0
20230305,서울특별시,11,성북구,11290,서울특별시,11,은평구,11380,0,0,0,0,0,0,0,0,5,13,0
20230305,서울특별시,11,성북구,11290,서울특별시,11,서대문구,11410,0,3,0,0,0,0,0,0,4,6,0
20230305,서울특별시,11,성북구,11290,서울특별시,11,마포구,11440,0,0,0,0,0,0,0,0,3,5,0
20230305,서울특별시,11,성북구,11290,서울특별시,11,양천구,11470,0,3,0,0,3,0,0,0,0,12,0
20230305,서울특별시,11,성북구,11290,서울특별시,11,강서구,11500,0,0,0,0,0,0,0,0,6,10,0
20230305,서울특별시,11,성북구,11290,서울특별시,11,구로구,11530,0,0,0,0,0,0,0,0,0,12,0
20230305,서울특별시,11,성북구,11290,서울특별시,11,금천구,11545,0,0,0,0,0,0,0,0,0,0,0
20230305,서울특별시,11,서초구,11650,서울특별시,11,도봉구,11320,0,15,4,0,3,0,0,0,0,0,0
20230305,서울특별시,11,서초구,11650,서울특별시,11,강북구,11305,0,11,0,0,4,0,0,0,0,0,0
20230305,서울특별시,11,성북구,11290,서울특별시,11,영등포구,11560,0,4,0,0,3,0,0,0,0,11,0
20230305,서울특별시,11,성북구,11290,서울특별시,11,동작구,11590,0,0,0,0,5,0,0,0,7,0,0
20230305,서울특별시,11,성북구,11290,서울특별시,11,관악구,11620,0,4,0,0,0,0,3,0,4,12,0
20230305,서울특별시,11,성북구,11290,서울특별시,11,서초구,11650,3,5,0,0,0,0,0,0,3,14,0
20230305,서울특별시,11,성북구,11290,서울특별시,11,강남구,11680,0,7,0,0,0,0,0,0,5,19,0
20230305,서울특별시,11,성북구,11290,서울특별시,11,송파구,11710,0,5,0,0,4,0,0,0,3,17,0
20230305,서울특별시,11,성북구,11290,서울특별시,11,강동구,11740,0,3,0,0,0,0,0,0,4,10,0
20230305,서울특별시,11,영등포구,11560,서울특별시,11,관악구,11620,0,0,0,0,0,0,0,0,0,0,0
20230305,서울특별시,11,영등포구,11560,서울특별시,11,영등포구,11560,0,0,0,0,0,0,0,0,0,0,0
20230305,서울특별시,11,영등포구,11560,서울특별시,11,금천구,11545,0,0,0,0,0,0,0,0,0,0,0
20230305,서울특별시,11,영등포구,11560,서울특별시,11,구로구,11530,0,0,0,0,3,0,0,0,0,0,0
20230305,서울특별시,11,영등포구,11560,서울특별시,11,강서구,11500,0,0,0,0,0,0,0,0,0,0,0
20230305,서울특별시,11,영등포구,11560,서울특별시,11,양천구,11470,0,0,0,0,0,0,0,0,0,0,0
20230305,서울특별시,11,영등포구,11560,서울특별시,11,마포구,11440,0,0,0,0,4,0,5,0,0,0,0
20230305,서울특별시,11,영등포구,11560,서울특별시,11,서대문구,11410,0,0,0,0,0,0,4,0,0,0,0
20230305,서울특별시,11,영등포구,11560,서울특별시,11,은평구,11380,0,0,0,0,3,0,0,0,0,0,0
20230305,서울특별시,11,영등포구,11560,서울특별시,11,노원구,11350,0,0,0,0,0,0,0,0,0,0,0
20230305,서울특별시,11,강서구,11500,서울특별시,11,광진구,11215,0,0,0,0,0,0,0,0,3,31,0
20230305,서울특별시,11,강서구,11500,서울특별시,11,동대문구,11230,0,0,0,0,5,0,0,0,7,51,4
20230305,서울특별시,11,강서구,11500,서울특별시,11,중랑구,11260,0,0,0,0,0,0,0,0,3,4,3
20230305,서울특별시,11,강서구,11500,서울특별시,11,성북구,11290,0,0,0,0,3,0,0,0,3,14,0
20230305,서울특별시,11,강서구,11500,서울특별시,11,강북구,11305,0,0,0,0,5,0,0,0,3,49,0
20230305,서울특별시,11,강서구,11500,서울특별시,11,도봉구,11320,0,0,0,0,0,0,0,0,0,3,0
20230305,서울특별시,11,강서구,11500,서울특별시,11,노원구,11350,0,0,0,0,0,0,0,0,0,6,5
20230305,서울특별시,11,강서구,11500,서울특별시,11,은평구,11380,0,0,0,3,0,0,0,0,4,8,0
20230305,서울특별시,11,강서구,11500,서울특별시,11,서대문구,11410,3,0,0,0,0,0,3,0,60,8,9
20230305,서울특별시,11,강서구,11500,서울특별시,11,마포구,11440,0,0,0,0,0,0,0,0,7,14,4
20230305,서울특별시,11,강서구,11500,서울특별시,11,양천구,11470,0,0,0,0,4,0,0,0,0,7,0
20230305,서울특별시,11,강서구,11500,서울특별시,11,강서구,11500,0,3,0,0,0,0,3,0,6,13,0
20230305,서울특별시,11,강서구,11500,서울특별시,11,구로구,11530,0,0,0,0,0,0,0,0,3,8,0
20230305,서울특별시,11,강서구,11500,서울특별시,11,금천구,11545,0,0,0,0,0,0,0,0,7,5,0
20230305,서울특별시,11,강서구,11500,서울특별시,11,영등포구,11560,0,0,0,0,5,0,0,0,6,10,6
20230305,서울특별시,11,강서구,11500,서울특별시,11,동작구,11590,0,0,0,0,0,0,0,0,0,126,0
20230305,서울특별시,11,강서구,11500,서울특별시,11,관악구,11620,0,0,0,3,3,0,0,0,8,21,0
20230305,서울특별시,11,강서구,11500,서울특별시,11,서초구,11650,0,3,0,0,3,0,3,0,11,14,10
20230305,서울특별시,11,강서구,11500,서울특별시,11,강남구,11680,0,0,0,0,3,0,0,0,12,41,10
20230305,서울특별시,11,강서구,11500,서울특별시,11,송파구,11710,0,4,0,0,0,0,0,0,9,16,8
20230305,서울특별시,11,서초구,11650,서울특별시,11,성북구,11290,0,35,4,0,4,0,0,0,0,0,0
20230305,서울특별시,11,서초구,11650,서울특별시,11,중랑구,11260,0,13,0,0,0,0,0,3,0,0,0
20230305,서울특별시,11,서초구,11650,서울특별시,11,동대문구,11230,0,20,0,0,0,0,0,0,0,0,0
20230305,서울특별시,11,서초구,11650,서울특별시,11,광진구,11215,0,28,8,0,3,0,0,0,0,0,0
20230305,서울특별시,11,서초구,11650,서울특별시,11,성동구,11200,0,19,0,0,9,0,0,0,0,0,0
20230305,서울특별시,11,서초구,11650,서울특별시,11,용산구,11170,0,8,0,0,4,0,10,0,0,0,0
20230305,서울특별시,11,서초구,11650,서울특별시,11,중구,11140,0,0,0,0,0,0,0,0,0,0,0
20230305,서울특별시,11,서초구,11650,서울특별시,11,종로구,11110,0,7,0,0,0,0,0,0,0,0,0
20230305,서울특별시,11,영등포구,11560,서울특별시,11,도봉구,11320,0,0,0,0,0,0,0,0,0,0,0
20230305,서울특별시,11,영등포구,11560,서울특별시,11,강북구,11305,0,0,0,0,0,0,0,0,0,0,0
20230305,서울특별시,11,영등포구,11560,서울특별시,11,성북구,11290,0,4,0,0,0,0,7,0,0,0,0
20230305,서울특별시,11,영등포구,11560,서울특별시,11,중랑구,11260,0,0,0,0,0,0,0,0,0,0,0
20230305,서울특별시,11,영등포구,11560,서울특별시,11,동대문구,11230,0,0,0,0,0,0,0,0,0,0,0
20230305,서울특별시,11,영등포구,11560,서울특별시,11,광진구,11215,0,0,0,0,0,0,0,0,0,0,0
20230305,서울특별시,11,영등포구,11560,서울특별시,11,성동구,11200,0,4,0,0,0,0,0,0,0,0,0
20230305,서울특별시,11,영등포구,11560,서울특별시,11,용산구,11170,0,0,0,0,4,0,6,0,0,0,0
20230305,서울특별시,11,영등포구,11560,서울특별시,11,중구,11140,0,0,0,0,0,0,0,0,0,0,0
20230305,서울특별시,11,영등포구,11560,서울특별시,11,종로구,11110,0,0,0,0,0,0,0,0,0,0,0
20230305,서울특별시,11,중랑구,11260,서울특별시,11,용산구,11170,0,0,0,0,0,0,0,0,0,0,0
20230305,서울특별시,11,중랑구,11260,서울특별시,11,중구,11140,0,0,0,0,0,0,0,0,0,0,0
20230305,서울특별시,11,중랑구,11260,서울특별시,11,종로구,11110,0,0,0,0,0,0,0,0,0,0,0
20230305,서울특별시,11,송파구,11710,서울특별시,11,종로구,11110,0,0,0,0,3,0,0,0,0,0,0
20230305,서울특별시,11,송파구,11710,서울특별시,11,중구,11140,0,0,0,0,0,0,0,0,0,0,0
20230305,서울특별시,11,송파구,11710,서울특별시,11,용산구,11170,0,0,0,0,0,0,0,0,0,0,0
20230305,서울특별시,11,송파구,11710,서울특별시,11,성동구,11200,0,3,0,0,0,0,0,0,0,0,0
20230305,서울특별시,11,송파구,11710,서울특별시,11,광진구,11215,0,6,0,0,0,0,0,0,0,0,0
20230305,서울특별시,11,송파구,11710,서울특별시,11,동대문구,11230,0,0,0,0,0,0,0,0,0,0,0
20230305,서울특별시,11,송파구,11710,서울특별시,11,중랑구,11260,0,0,0,0,0,0,0,0,0,0,0
20230305,서울특별시,11,구로구,11530,서울특별시,11,은평구,11380,0,0,0,0,0,0,0,0,3,0,0
20230305,서울특별시,11,구로구,11530,서울특별시,11,서대문구,11410,0,0,0,0,0,0,0,0,0,0,0
20230305,서울특별시,11,구로구,11530,서울특별시,11,마포구,11440,0,0,0,0,0,0,0,0,3,0,0
20230305,서울특별시,11,구로구,11530,서울특별시,11,양천구,11470,0,0,0,0,0,0,0,0,3,0,0
20230305,서울특별시,11,구로구,11530,서울특별시,11,강서구,11500,0,0,0,0,0,0,0,0,0,0,0
20230305,서울특별시,11,구로구,11530,서울특별시,11,구로구,11530,0,0,0,0,0,0,0,0,0,0,0
20230305,서울특별시,11,구로구,11530,서울특별시,11,금천구,11545,0,0,0,0,0,0,0,0,0,0,0
20230305,서울특별시,11,구로구,11530,서울특별시,11,동작구,11590,0,0,0,0,0,0,0,0,0,0,0
20230305,서울특별시,11,구로구,11530,서울특별시,11,관악구,11620,0,0,0,0,0,0,0,0,0,0,0
20230305,서울특별시,11,구로구,11530,서울특별시,11,서초구,11650,0,0,0,0,0,0,0,0,0,0,0
20230305,서울특별시,11,구로구,11530,서울특별시,11,강남구,11680,0,0,0,0,0,0,0,0,5,0,0
20230305,서울특별시,11,구로구,11530,서울특별시,11,송파구,11710,0,0,0,0,0,0,0,0,7,0,0
20230305,서울특별시,11,구로구,11530,서울특별시,11,중구,11140,0,0,0,0,0,0,0,0,0,0,0
20230305,서울특별시,11,서초구,11650,서울특별시,11,강동구,11740,0,27,3,0,11,0,0,0,0,0,0
20230305,서울특별시,11,서초구,11650,서울특별시,11,송파구,11710,0,64,6,0,8,0,0,0,0,0,0
20230305,서울특별시,11,서초구,11650,서울특별시,11,강남구,11680,0,61,11,0,15,0,10,0,0,0,0
20230305,서울특별시,11,서초구,11650,서울특별시,11,서초구,11650,0,36,5,0,26,0,188,0,0,0,0
20230305,서울특별시,11,서초구,11650,서울특별시,11,관악구,11620,0,25,0,0,4,0,0,0,0,0,0
20230305,서울특별시,11,서초구,11650,서울특별시,11,동작구,11590,0,27,0,0,8,0,12,0,0,0,0
20230305,서울특별시,11,서초구,11650,서울특별시,11,영등포구,11560,0,11,0,0,6,0,0,0,0,0,0
20230305,서울특별시,11,서초구,11650,서울특별시,11,금천구,11545,0,5,0,0,0,0,0,0,0,0,0
20230305,서울특별시,11,구로구,11530,서울특별시,11,용산구,11170,0,0,0,0,0,0,0,0,0,0,0
20230305,서울특별시,11,구로구,11530,서울특별시,11,광진구,11215,0,0,0,0,0,0,0,0,0,0,0
20230305,서울특별시,11,구로구,11530,서울특별시,11,동대문구,11230,0,0,0,0,0,0,0,0,5,0,0
20230305,서울특별시,11,구로구,11530,서울특별시,11,성북구,11290,0,0,0,0,0,0,0,0,0,0,0
20230305,서울특별시,11,구로구,11530,서울특별시,11,도봉구,11320,0,0,0,0,0,0,0,0,0,0,0
20230305,서울특별시,11,구로구,11530,서울특별시,11,강동구,11740,0,0,0,0,0,0,0,0,3,0,0
20230305,서울특별시,11,중랑구,11260,서울특별시,11,강동구,11740,0,0,0,0,0,0,0,0,0,0,0
20230305,서울특별시,11,중랑구,11260,서울특별시,11,송파구,11710,0,0,0,0,0,0,0,0,0,0,0
20230305,서울특별시,11,중랑구,11260,서울특별시,11,강남구,11680,0,0,0,0,0,0,0,0,0,0,0
20230305,서울특별시,11,중랑구,11260,서울특별시,11,서초구,11650,0,0,0,0,0,3,0,0,0,0,0
20230305,서울특별시,11,중랑구,11260,서울특별시,11,관악구,11620,0,0,0,0,0,0,0,0,0,0,0
20230305,서울특별시,11,중랑구,11260,서울특별시,11,동작구,11590,0,0,0,0,0,0,0,0,0,0,0
20230305,서울특별시,11,중랑구,11260,서울특별시,11,금천구,11545,0,0,0,0,0,0,0,0,0,0,0
20230305,서울특별시,11,중랑구,11260,서울특별시,11,구로구,11530,0,0,0,0,0,0,0,0,0,0,0
20230305,서울특별시,11,용산구,11170,서울특별시,11,종로구,11110,0,0,0,0,0,0,0,0,0,0,0
20230305,서울특별시,11,송파구,11710,서울특별시,11,성북구,11290,0,0,0,0,4,0,0,0,0,0,0
20230305,서울특별시,11,송파구,11710,서울특별시,11,강북구,11305,0,3,0,0,0,0,0,0,0,0,0
20230305,서울특별시,11,송파구,11710,서울특별시,11,도봉구,11320,0,0,0,0,0,0,0,0,0,0,0
20230305,서울특별시,11,송파구,11710,서울특별시,11,노원구,11350,0,3,0,0,4,0,0,0,0,0,0
20230305,서울특별시,11,송파구,11710,서울특별시,11,은평구,11380,0,0,0,0,4,0,0,0,0,0,0
20230305,서울특별시,11,송파구,11710,서울특별시,11,서대문구,11410,0,0,0,0,0,0,0,0,0,0,0
20230305,서울특별시,11,송파구,11710,서울특별시,11,마포구,11440,0,0,0,0,4,0,0,0,0,0,0
20230305,서울특별시,11,송파구,11710,서울특별시,11,양천구,11470,0,0,0,3,0,0,0,0,0,0,0
20230305,서울특별시,11,송파구,11710,서울특별시,11,강서구,11500,0,0,0,0,0,0,0,0,0,0,0
20230305,서울특별시,11,송파구,11710,서울특별시,11,구로구,11530,0,0,0,0,0,0,0,0,0,0,0
20230305,서울특별시,11,송파구,11710,서울특별시,11,금천구,11545,0,0,0,0,0,0,0,0,0,0,0
20230305,서울특별시,11,송파구,11710,서울특별시,11,영등포구,11560,0,0,0,0,5,0,0,0,0,0,0
20230305,서울특별시,11,송파구,11710,서울특별시,11,동작구,11590,0,0,0,0,4,0,0,0,0,0,0
20230305,서울특별시,11,송파구,11710,서울특별시,11,관악구,11620,0,0,0,0,5,0,0,0,0,0,0
20230305,서울특별시,11,송파구,11710,서울특별시,11,서초구,11650,0,4,0,0,3,0,0,0,0,0,0
20230305,서울특별시,11,송파구,11710,서울특별시,11,강남구,11680,0,13,0,0,0,0,0,0,0,0,0
20230305,서울특별시,11,송파구,11710,서울특별시,11,송파구,11710,0,18,0,11,3,0,0,0,0,0,0
20230305,서울특별시,11,송파구,11710,서울특별시,11,강동구,11740,0,7,0,0,0,0,0,0,0,0,0
20230305,서울특별시,11,광진구,11215,서울특별시,11,광진구,11215,0,0,0,0,0,0,0,0,0,0,0
20230305,서울특별시,11,광진구,11215,서울특별시,11,동대문구,11230,0,0,0,0,0,0,0,0,0,0,0
20230305,서울특별시,11,중구,11140,서울특별시,11,강남구,11680,0,0,0,0,0,0,0,0,0,0,0
20230305,서울특별시,11,중구,11140,서울특별시,11,서초구,11650,0,0,0,0,0,0,0,0,0,0,0
20230305,서울특별시,11,중구,11140,서울특별시,11,관악구,11620,0,0,0,0,0,0,0,0,0,0,0
20230305,서울특별시,11,중구,11140,서울특별시,11,마포구,11440,0,5,0,0,0,0,0,0,0,0,0
20230305,서울특별시,11,중구,11140,서울특별시,11,서대문구,11410,0,0,0,0,0,0,0,0,0,0,0
20230305,서울특별시,11,용산구,11170,서울특별시,11,중구,11140,0,0,0,0,0,0,0,0,0,0,0
20230305,서울특별시,11,용산구,11170,서울특별시,11,광진구,11215,0,0,0,0,0,0,0,0,0,0,0
20230305,서울특별시,11,용산구,11170,서울특별시,11,성북구,11290,0,0,0,0,0,0,0,0,0,0,0
20230305,서울특별시,11,용산구,11170,서울특별시,11,강북구,11305,0,0,0,0,0,0,0,0,0,0,0
20230305,서울특별시,11,용산구,11170,서울특별시,11,도봉구,11320,0,0,0,0,0,0,0,0,0,0,0
20230305,서울특별시,11,마포구,11440,서울특별시,11,양천구,11470,0,0,0,0,12,0,0,0,0,0,0
20230305,서울특별시,11,마포구,11440,서울특별시,11,강동구,11740,0,0,0,0,7,0,0,0,0,0,0
20230305,서울특별시,11,마포구,11440,서울특별시,11,송파구,11710,0,3,3,0,30,0,0,0,0,0,0
20230305,서울특별시,11,마포구,11440,서울특별시,11,강남구,11680,0,0,0,0,54,0,0,0,0,0,0
20230305,서울특별시,11,마포구,11440,서울특별시,11,서초구,11650,0,0,0,0,23,0,0,0,0,0,0
20230305,서울특별시,11,마포구,11440,서울특별시,11,관악구,11620,0,0,8,0,0,0,0,0,0,0,0
20230305,서울특별시,11,마포구,11440,서울특별시,11,동작구,11590,0,0,3,0,10,0,0,0,0,0,0
20230305,서울특별시,11,마포구,11440,서울특별시,11,영등포구,11560,0,0,0,0,29,0,0,0,0,0,0
20230305,서울특별시,11,마포구,11440,서울특별시,11,금천구,11545,0,0,0,0,10,0,0,0,0,0,0
20230305,서울특별시,11,마포구,11440,서울특별시,11,구로구,11530,0,0,0,0,5,0,0,0,0,0,0
20230305,서울특별시,11,용산구,11170,서울특별시,11,은평구,11380,0,0,0,0,0,0,0,0,0,0,0
20230305,서울특별시,11,노원구,11350,서울특별시,11,종로구,11110,0,0,0,0,0,0,0,0,3,0,0
20230305,서울특별시,11,노원구,11350,서울특별시,11,중구,11140,4,0,0,0,0,0,0,0,4,0,0
20230305,서울특별시,11,노원구,11350,서울특별시,11,용산구,11170,0,0,0,0,0,0,0,0,4,0,0
20230305,서울특별시,11,노원구,11350,서울특별시,11,성동구,11200,0,0,0,0,0,0,0,0,8,0,0
20230305,서울특별시,11,노원구,11350,서울특별시,11,광진구,11215,0,0,0,0,0,0,0,0,6,0,0
20230305,서울특별시,11,노원구,11350,서울특별시,11,동대문구,11230,0,0,0,0,0,0,0,0,13,0,0
20230305,서울특별시,11,노원구,11350,서울특별시,11,중랑구,11260,0,0,0,0,0,0,0,0,16,0,0
20230305,서울특별시,11,노원구,11350,서울특별시,11,성북구,11290,0,0,0,0,0,0,0,0,11,0,0
20230305,서울특별시,11,노원구,11350,서울특별시,11,강북구,11305,0,0,0,0,0,0,0,0,17,0,0
20230305,서울특별시,11,노원구,11350,서울특별시,11,도봉구,11320,0,0,0,0,0,0,0,0,10,0,0
20230305,서울특별시,11,노원구,11350,서울특별시,11,노원구,11350,0,0,0,0,0,0,0,0,19,0,0
20230305,서울특별시,11,노원구,11350,서울특별시,11,은평구,11380,0,0,0,0,0,0,0,0,16,0,0
20230305,서울특별시,11,노원구,11350,서울특별시,11,서대문구,11410,0,0,0,0,0,0,0,0,11,0,0
20230305,서울특별시,11,노원구,11350,서울특별시,11,마포구,11440,0,0,0,0,0,0,0,0,5,0,0
20230305,서울특별시,11,노원구,11350,서울특별시,11,양천구,11470,0,0,0,0,0,0,0,0,9,0,0
20230305,서울특별시,11,노원구,11350,서울특별시,11,강서구,11500,3,0,0,0,0,0,0,0,17,0,0
20230305,서울특별시,11,노원구,11350,서울특별시,11,구로구,11530,0,0,0,0,0,0,0,0,10,0,0
20230305,서울특별시,11,노원구,11350,서울특별시,11,금천구,11545,0,0,0,0,0,0,0,0,8,0,0
20230305,서울특별시,11,노원구,11350,서울특별시,11,영등포구,11560,0,0,0,0,0,0,0,0,10,0,0
20230305,서울특별시,11,노원구,11350,서울특별시,11,동작구,11590,0,0,0,0,0,0,0,0,8,0,0
20230305,서울특별시,11,노원구,11350,서울특별시,11,관악구,11620,0,0,0,0,0,0,0,0,6,0,0
20230305,서울특별시,11,노원구,11350,서울특별시,11,서초구,11650,0,0,0,0,0,0,0,0,8,0,0
20230305,서울특별시,11,노원구,11350,서울특별시,11,강남구,11680,0,0,0,0,0,0,0,0,14,0,0
20230305,서울특별시,11,노원구,11350,서울특별시,11,송파구,11710,0,0,0,0,0,0,0,0,13,0,0
20230305,서울특별시,11,용산구,11170,서울특별시,11,마포구,11440,0,0,0,0,0,0,0,0,0,0,0
20230305,서울특별시,11,용산구,11170,서울특별시,11,강서구,11500,0,0,0,0,0,0,0,0,0,0,0
20230305,서울특별시,11,용산구,11170,서울특별시,11,구로구,11530,0,0,0,0,0,0,0,0,0,0,0
20230305,서울특별시,11,용산구,11170,서울특별시,11,금천구,11545,0,0,0,4,0,0,0,0,0,0,0
20230305,서울특별시,11,용산구,11170,서울특별시,11,관악구,11620,0,0,0,0,0,0,0,0,0,0,0
20230305,서울특별시,11,마포구,11440,서울특별시,11,강서구,11500,0,0,0,0,8,0,0,0,0,0,0
20230305,서울특별시,11,은평구,11380,서울특별시,11,구로구,11530,0,0,0,0,0,0,0,0,0,0,0
20230305,서울특별시,11,은평구,11380,서울특별시,11,금천구,11545,0,0,0,0,0,0,0,0,0,0,0
20230305,서울특별시,11,은평구,11380,서울특별시,11,강남구,11680,0,0,0,0,0,0,0,0,0,0,0
20230305,서울특별시,11,성동구,11200,서울특별시,11,강동구,11740,0,0,0,0,0,0,0,0,5,0,0
20230305,서울특별시,11,성동구,11200,서울특별시,11,송파구,11710,0,0,0,0,0,0,0,0,7,0,0
20230305,서울특별시,11,성동구,11200,서울특별시,11,강남구,11680,0,0,0,0,0,0,0,0,14,0,0
20230305,서울특별시,11,성동구,11200,서울특별시,11,서초구,11650,0,0,0,0,0,0,0,0,10,0,0
20230305,서울특별시,11,성동구,11200,서울특별시,11,관악구,11620,0,0,0,0,0,0,0,0,5,0,0
20230305,서울특별시,11,성동구,11200,서울특별시,11,동작구,11590,0,0,0,0,0,0,0,0,7,0,0
20230305,서울특별시,11,성동구,11200,서울특별시,11,영등포구,11560,0,0,0,0,0,0,0,0,6,0,0
20230305,서울특별시,11,성동구,11200,서울특별시,11,금천구,11545,0,0,0,0,0,0,0,0,0,0,0
20230305,서울특별시,11,성동구,11200,서울특별시,11,구로구,11530,0,0,0,0,0,0,0,0,0,0,0
20230305,서울특별시,11,성동구,11200,서울특별시,11,강서구,11500,0,0,0,0,0,0,0,0,0,0,0
20230305,서울특별시,11,성동구,11200,서울특별시,11,양천구,11470,0,0,0,0,0,0,0,0,7,0,0
20230305,서울특별시,11,성동구,11200,서울특별시,11,마포구,11440,0,0,0,0,0,0,0,0,9,0,0
20230305,서울특별시,11,성동구,11200,서울특별시,11,서대문구,11410,0,0,0,0,0,0,0,0,4,0,0
20230305,서울특별시,11,성동구,11200,서울특별시,11,은평구,11380,0,0,0,0,0,0,0,0,3,0,0
20230305,서울특별시,11,성동구,11200,서울특별시,11,노원구,11350,0,0,0,0,0,0,0,0,5,0,0
20230305,서울특별시,11,성동구,11200,서울특별시,11,도봉구,11320,0,0,0,0,0,0,0,0,0,0,0
20230305,서울특별시,11,성동구,11200,서울특별시,11,강북구,11305,0,0,0,0,0,0,0,0,0,0,0
20230305,서울특별시,11,성동구,11200,서울특별시,11,성북구,11290,0,0,0,0,28,0,16,0,8,0,361
20230305,서울특별시,11,성동구,11200,서울특별시,11,중랑구,11260,0,0,0,0,0,0,0,0,0,0,0
20230305,서울특별시,11,성동구,11200,서울특별시,11,동대문구,11230,0,0,0,0,19,0,18,0,0,0,265
20230305,서울특별시,11,성동구,11200,서울특별시,11,광진구,11215,0,0,0,0,0,0,0,0,3,0,0
20230305,서울특별시,11,성동구,11200,서울특별시,11,성동구,11200,0,0,0,0,0,0,0,0,7,0,0
20230305,서울특별시,11,성동구,11200,서울특별시,11,용산구,11170,0,0,0,0,0,0,0,0,5,0,0
20230305,서울특별시,11,성동구,11200,서울특별시,11,중구,11140,0,0,0,0,16,0,9,0,0,0,153
20230305,서울특별시,11,성동구,11200,서울특별시,11,종로구,11110,0,0,0,0,14,0,14,0,0,0,125
20230305,서울특별시,11,동대문구,11230,서울특별시,11,마포구,11440,0,0,0,0,0,0,4,0,0,0,0
20230305,서울특별시,11,강북구,11305,서울특별시,11,송파구,11710,0,0,0,0,0,0,0,0,0,0,0
20230305,서울특별시,11,강북구,11305,서울특별시,11,용산구,11170,0,0,0,0,0,0,0,0,0,0,0
20230305,서울특별시,11,강북구,11305,서울특별시,11,중구,11140,0,0,0,0,0,0,0,0,0,0,0
20230305,서울특별시,11,은평구,11380,서울특별시,11,양천구,11470,0,0,0,0,0,0,0,0,0,0,0
20230305,서울특별시,11,은평구,11380,서울특별시,11,광진구,11215,0,0,0,0,0,0,0,0,0,0,0
20230305,서울특별시,11,강남구,11680,서울특별시,11,동대문구,11230,0,0,0,0,0,0,3,0,0,0,0
20230305,서울특별시,11,강남구,11680,서울특별시,11,광진구,11215,0,0,0,0,0,0,7,0,0,0,0
20230305,서울특별시,11,강남구,11680,서울특별시,11,성동구,11200,0,0,0,0,0,0,9,0,4,0,0
20230305,서울특별시,11,강남구,11680,서울특별시,11,용산구,11170,0,0,0,0,0,0,4,0,0,0,0
20230305,서울특별시,11,강남구,11680,서울특별시,11,중구,11140,0,0,0,0,0,0,5,0,3,0,0
20230305,서울특별시,11,강남구,11680,서울특별시,11,종로구,11110,0,0,0,0,0,0,3,0,0,0,0
20230305,서울특별시,11,강남구,11680,서울특별시,11,중랑구,11260,0,0,0,0,0,0,5,0,0,0,0
20230305,서울특별시,11,강남구,11680,서울특별시,11,성북구,11290,0,0,0,0,0,0,7,0,0,0,0
20230305,서울특별시,11,강남구,11680,서울특별시,11,강북구,11305,0,0,0,0,0,0,0,0,0,0,0
20230305,서울특별시,11,강남구,11680,서울특별시,11,도봉구,11320,0,0,0,0,0,0,4,0,0,0,0
20230305,서울특별시,11,강남구,11680,서울특별시,11,노원구,11350,0,0,0,0,0,0,6,0,0,0,0
20230305,서울특별시,11,강남구,11680,서울특별시,11,은평구,11380,0,0,0,0,0,0,3,0,0,0,0
20230305,서울특별시,11,강동구,11740,서울특별시,11,강동구,11740,0,0,0,0,0,0,10,0,0,0,0
20230305,서울특별시,11,강동구,11740,서울특별시,11,송파구,11710,0,0,0,0,0,0,19,0,0,0,0
20230305,서울특별시,11,강동구,11740,서울특별시,11,강남구,11680,0,0,0,0,0,0,31,0,4,0,0
20230305,서울특별시,11,강동구,11740,서울특별시,11,서초구,11650,0,0,0,0,0,0,10,0,0,0,0
20230305,서울특별시,11,강동구,11740,서울특별시,11,관악구,11620,0,0,0,0,0,0,17,0,4,0,0
20230305,서울특별시,11,강동구,11740,서울특별시,11,동작구,11590,0,0,0,0,0,0,21,0,4,0,0
20230305,서울특별시,11,강동구,11740,서울특별시,11,영등포구,11560,0,0,0,0,0,0,14,0,0,0,0
20230305,서울특별시,11,강동구,11740,서울특별시,11,금천구,11545,0,3,0,0,0,0,16,0,0,0,0
20230305,서울특별시,11,강동구,11740,서울특별시,11,구로구,11530,0,0,0,0,0,0,9,0,4,0,0
20230305,서울특별시,11,강동구,11740,서울특별시,11,강서구,11500,0,0,0,0,0,0,14,0,0,0,0
20230305,서울특별시,11,강동구,11740,서울특별시,11,양천구,11470,0,0,0,0,0,0,15,0,3,0,0
20230305,서울특별시,11,강동구,11740,서울특별시,11,마포구,11440,0,0,0,0,0,0,25,0,3,0,0
20230305,서울특별시,11,강동구,11740,서울특별시,11,서대문구,11410,0,0,0,0,0,0,19,0,0,0,0
20230305,서울특별시,11,강동구,11740,서울특별시,11,은평구,11380,0,0,0,0,0,0,9,0,3,0,0
20230305,서울특별시,11,강동구,11740,서울특별시,11,노원구,11350,0,0,0,0,0,0,4,0,3,0,0
20230305,서울특별시,11,강동구,11740,서울특별시,11,도봉구,11320,0,0,0,0,0,0,7,0,4,0,0
20230305,서울특별시,11,강동구,11740,서울특별시,11,강북구,11305,0,0,0,0,0,0,8,0,0,0,0
20230305,서울특별시,11,강동구,11740,서울특별시,11,성북구,11290,0,0,0,0,0,0,7,0,4,0,0
20230305,서울특별시,11,강동구,11740,서울특별시,11,중랑구,11260,0,0,0,0,0,0,10,0,0,0,0
20230305,서울특별시,11,강동구,11740,서울특별시,11,동대문구,11230,0,0,0,0,0,0,12,0,0,0,0
20230305,서울특별시,11,강동구,11740,서울특별시,11,광진구,11215,0,0,0,0,0,0,11,0,3,0,0
20230305,서울특별시,11,강동구,11740,서울특별시,11,성동구,11200,0,0,0,0,0,0,12,0,0,0,0
20230305,서울특별시,11,강동구,11740,서울특별시,11,용산구,11170,0,0,0,0,13,0,15,0,0,0,0
20230305,서울특별시,11,노원구,11350,서울특별시,11,강동구,11740,0,0,0,0,0,0,0,0,11,0,0
20230305,서울특별시,11,강동구,11740,서울특별시,11,중구,11140,0,0,0,0,10,0,10,0,0,0,0
20230305,서울특별시,11,강동구,11740,서울특별시,11,종로구,11110,0,0,0,0,5,0,13,0,0,0,0
20230305,서울특별시,11,강남구,11680,서울특별시,11,서대문구,11410,0,0,0,0,0,0,0,0,0,0,0
20230305,서울특별시,11,강남구,11680,서울특별시,11,마포구,11440,0,0,0,0,0,0,9,0,0,0,0
20230305,서울특별시,11,강남구,11680,서울특별시,11,양천구,11470,0,0,0,0,0,0,5,0,3,0,0
20230305,서울특별시,11,강남구,11680,서울특별시,11,강서구,11500,0,0,0,0,0,0,4,0,4,0,0
20230305,서울특별시,11,강남구,11680,서울특별시,11,구로구,11530,0,0,0,0,0,0,6,0,0,0,0
20230305,서울특별시,11,강남구,11680,서울특별시,11,금천구,11545,0,0,0,0,0,0,6,0,0,0,0
20230305,서울특별시,11,강남구,11680,서울특별시,11,영등포구,11560,0,0,0,0,0,0,8,0,4,0,0
20230305,서울특별시,11,동대문구,11230,서울특별시,11,강서구,11500,0,0,0,0,0,0,0,0,0,0,0
20230305,서울특별시,11,동대문구,11230,서울특별시,11,구로구,11530,0,0,0,0,0,0,0,0,0,0,0
20230305,서울특별시,11,동대문구,11230,서울특별시,11,금천구,11545,0,0,0,0,0,0,0,0,0,0,0
20230305,서울특별시,11,동대문구,11230,서울특별시,11,영등포구,11560,0,0,0,0,0,0,3,0,0,0,0
20230306,서울특별시,11,서초구,11650,서울특별시,11,마포구,11440,19,93,75,30,96,16,79,15,77,37,51
20230306,서울특별시,11,동작구,11590,서울특별시,11,강동구,11740,15,23,31,25,58,11,55,26,65,33,26
20230306,서울특별시,11,동작구,11590,서울특별시,11,송파구,11710,16,37,74,43,84,12,80,40,105,55,55
20230306,서울특별시,11,동작구,11590,서울특별시,11,강남구,11680,25,47,86,38,79,19,88,26,129,55,52
20230306,서울특별시,11,동작구,11590,서울특별시,11,서초구,11650,15,36,55,24,55,14,70,17,100,24,37
20230306,서울특별시,11,동작구,11590,서울특별시,11,관악구,11620,12,16,58,30,73,16,61,18,102,28,48
20230306,서울특별시,11,동작구,11590,서울특별시,11,동작구,11590,14,30,59,17,50,6,70,16,98,14,21
20230306,서울특별시,11,동작구,11590,서울특별시,11,영등포구,11560,7,27,57,27,63,12,68,23,57,30,21
20230306,서울특별시,11,동작구,11590,서울특별시,11,금천구,11545,0,9,19,16,29,5,38,9,51,24,16
20230306,서울특별시,11,동작구,11590,서울특별시,11,구로구,11530,6,18,32,20,54,15,49,21,53,13,29
20230306,서울특별시,11,송파구,11710,서울특별시,11,종로구,11110,5,27,21,14,42,7,32,0,75,22,17
20230306,서울특별시,11,송파구,11710,서울특별시,11,중구,11140,6,49,28,10,45,15,48,0,123,28,20
20230306,서울특별시,11,송파구,11710,서울특별시,11,용산구,11170,9,40,13,33,46,7,43,4,91,28,30
20230306,서울특별시,11,송파구,11710,서울특별시,11,성동구,11200,9,83,42,27,51,21,47,6,264,115,21
20230306,서울특별시,11,송파구,11710,서울특별시,11,광진구,11215,0,67,17,21,74,24,48,9,159,41,30
20230306,서울특별시,11,송파구,11710,서울특별시,11,동대문구,11230,5,69,28,24,49,21,60,4,172,43,28
20230306,서울특별시,11,송파구,11710,서울특별시,11,중랑구,11260,5,44,21,22,50,15,42,0,136,27,21
20230306,서울특별시,11,송파구,11710,서울특별시,11,성북구,11290,12,59,16,30,59,34,53,7,186,46,23
20230306,서울특별시,11,송파구,11710,서울특별시,11,강북구,11305,6,37,11,16,34,8,45,6,89,22,25
20230306,서울특별시,11,송파구,11710,서울특별시,11,도봉구,11320,5,32,10,10,37,17,49,3,95,21,16
20230306,서울특별시,11,송파구,11710,서울특별시,11,노원구,11350,14,96,19,29,56,26,79,4,160,47,19
20230306,서울특별시,11,송파구,11710,서울특별시,11,은평구,11380,8,56,13,18,58,25,68,0,146,40,28
20230306,서울특별시,11,송파구,11710,서울특별시,11,서대문구,11410,10,52,19,26,47,23,56,4,167,27,30
20230306,서울특별시,11,송파구,11710,서울특별시,11,마포구,11440,8,82,21,23,70,33,80,8,178,58,34
20230306,서울특별시,11,송파구,11710,서울특별시,11,양천구,11470,4,68,23,30,58,25,61,3,136,37,27
20230306,서울특별시,11,송파구,11710,서울특별시,11,강서구,11500,16,85,39,41,99,38,97,5,237,61,43
20230306,서울특별시,11,송파구,11710,서울특별시,11,구로구,11530,11,65,24,18,70,19,44,4,149,27,24
20230306,서울특별시,11,송파구,11710,서울특별시,11,금천구,11545,8,32,11,24,41,11,28,0,136,36,27
20230306,서울특별시,11,송파구,11710,서울특별시,11,영등포구,11560,12,65,26,38,70,31,87,5,158,49,21
20230306,서울특별시,11,송파구,11710,서울특별시,11,동작구,11590,6,50,12,21,45,20,69,4,168,42,26
20230306,서울특별시,11,송파구,11710,서울특별시,11,관악구,11620,11,60,18,23,64,24,84,4,218,52,35
20230306,서울특별시,11,송파구,11710,서울특별시,11,서초구,11650,16,80,41,33,85,34,90,5,175,53,42
20230306,서울특별시,11,송파구,11710,서울특별시,11,강남구,11680,23,139,56,45,132,45,140,9,275,60,68
20230306,서울특별시,11,송파구,11710,서울특별시,11,송파구,11710,22,140,63,36,128,51,220,13,312,75,77
20230306,서울특별시,11,송파구,11710,서울특별시,11,강동구,11740,7,69,34,24,71,20,84,9,178,51,28
20230306,서울특별시,11,동작구,11590,서울특별시,11,강서구,11500,7,20,45,34,90,11,72,32,103,39,45
20230306,서울특별시,11,동작구,11590,서울특별시,11,양천구,11470,15,23,37,15,47,10,49,11,57,33,22
20230306,서울특별시,11,동작구,11590,서울특별시,11,마포구,11440,18,14,56,31,45,16,52,13,88,33,37
20230306,서울특별시,11,동작구,11590,서울특별시,11,서대문구,11410,5,11,51,14,44,4,39,17,56,16,15
20230306,서울특별시,11,동작구,11590,서울특별시,11,은평구,11380,10,14,30,22,63,7,62,20,61,24,36
20230306,서울특별시,11,동작구,11590,서울특별시,11,노원구,11350,0,17,51,25,39,12,50,20,64,17,35
20230306,서울특별시,11,동작구,11590,서울특별시,11,도봉구,11320,6,13,22,20,31,4,38,10,44,14,19
20230306,서울특별시,11,동작구,11590,서울특별시,11,강북구,11305,6,14,15,7,26,6,44,7,46,16,22
20230306,서울특별시,11,동작구,11590,서울특별시,11,성북구,11290,6,26,60,18,44,8,58,22,83,32,34
20230306,서울특별시,11,동작구,11590,서울특별시,11,중랑구,11260,8,19,17,13,36,10,30,13,68,14,19
20230306,서울특별시,11,동작구,11590,서울특별시,11,동대문구,11230,7,10,55,19,50,7,42,17,62,24,32
20230306,서울특별시,11,동작구,11590,서울특별시,11,광진구,11215,9,21,36,21,43,11,31,8,61,36,24
20230306,서울특별시,11,동작구,11590,서울특별시,11,성동구,11200,5,31,48,14,39,6,50,17,129,51,17
20230306,서울특별시,11,동작구,11590,서울특별시,11,용산구,11170,9,15,18,20,23,10,30,3,48,14,26
20230306,서울특별시,11,동작구,11590,서울특별시,11,중구,11140,0,22,25,15,20,4,28,5,39,21,20
20230306,서울특별시,11,동작구,11590,서울특별시,11,종로구,11110,7,10,44,6,23,0,41,5,42,21,19
20230306,서울특별시,11,마포구,11440,서울특별시,11,강동구,11740,25,96,52,181,150,12,146,13,156,85,104
20230306,서울특별시,11,마포구,11440,서울특별시,11,송파구,11710,51,193,89,286,266,21,264,21,291,131,186
20230306,서울특별시,11,마포구,11440,서울특별시,11,강남구,11680,44,240,152,320,284,33,311,24,299,118,206
20230306,서울특별시,11,마포구,11440,서울특별시,11,서초구,11650,32,147,90,211,166,8,188,22,185,89,133
20230306,서울특별시,11,마포구,11440,서울특별시,11,관악구,11620,44,122,63,264,173,16,161,16,290,125,153
20230306,서울특별시,11,마포구,11440,서울특별시,11,동작구,11590,26,113,49,171,112,6,123,9,183,91,92
20230306,서울특별시,11,마포구,11440,서울특별시,11,영등포구,11560,33,144,80,236,145,18,135,12,170,84,106
20230306,서울특별시,11,마포구,11440,서울특별시,11,금천구,11545,21,99,27,116,86,5,87,12,136,55,51
20230306,서울특별시,11,마포구,11440,서울특별시,11,구로구,11530,23,119,42,140,141,18,131,16,157,65,93
20230306,서울특별시,11,마포구,11440,서울특별시,11,강서구,11500,29,170,74,270,207,20,225,19,232,109,143
20230306,서울특별시,11,마포구,11440,서울특별시,11,양천구,11470,28,112,37,173,128,11,133,11,131,61,108
20230306,서울특별시,11,마포구,11440,서울특별시,11,마포구,11440,36,209,114,262,193,22,198,13,259,115,105
20230306,서울특별시,11,마포구,11440,서울특별시,11,서대문구,11410,12,122,62,160,131,10,132,9,165,71,109
20230306,서울특별시,11,마포구,11440,서울특별시,11,은평구,11380,27,119,44,179,153,12,138,9,189,82,107
20230306,서울특별시,11,마포구,11440,서울특별시,11,노원구,11350,20,121,42,211,145,12,137,10,188,82,111
20230306,서울특별시,11,마포구,11440,서울특별시,11,도봉구,11320,9,56,27,99,87,7,85,11,102,48,59
20230306,서울특별시,11,마포구,11440,서울특별시,11,강북구,11305,11,56,16,93,78,0,76,5,142,44,61
20230306,서울특별시,11,마포구,11440,서울특별시,11,성북구,11290,22,108,55,211,164,12,126,15,258,103,104
20230306,서울특별시,11,마포구,11440,서울특별시,11,중랑구,11260,16,81,30,117,111,12,107,13,143,63,88
20230306,서울특별시,11,마포구,11440,서울특별시,11,동대문구,11230,33,100,29,141,111,8,113,9,177,72,101
20230306,서울특별시,11,성동구,11200,서울특별시,11,종로구,11110,15,43,24,31,40,0,34,7,122,54,145
20230306,서울특별시,11,성동구,11200,서울특별시,11,중구,11140,9,91,13,33,48,12,32,5,169,68,182
20230306,서울특별시,11,성동구,11200,서울특별시,11,용산구,11170,16,55,25,57,45,6,37,10,163,55,51
20230306,서울특별시,11,성동구,11200,서울특별시,11,성동구,11200,34,173,50,55,66,8,62,10,302,89,49
20230306,서울특별시,11,성동구,11200,서울특별시,11,광진구,11215,18,85,23,55,51,0,46,11,286,93,49
20230306,서울특별시,11,성동구,11200,서울특별시,11,동대문구,11230,14,68,26,30,67,6,69,5,247,89,290
20230306,서울특별시,11,성동구,11200,서울특별시,11,중랑구,11260,13,59,17,40,52,8,55,5,245,56,47
20230306,서울특별시,11,성동구,11200,서울특별시,11,성북구,11290,40,84,35,65,76,10,85,11,330,92,427
20230306,서울특별시,11,마포구,11440,서울특별시,11,광진구,11215,18,100,49,183,131,8,119,7,198,86,86
20230306,서울특별시,11,마포구,11440,서울특별시,11,성동구,11200,25,155,49,147,122,6,121,4,292,104,63
20230306,서울특별시,11,마포구,11440,서울특별시,11,용산구,11170,25,96,46,119,93,12,112,5,135,45,63
20230306,서울특별시,11,마포구,11440,서울특별시,11,중구,11140,16,78,61,96,103,10,86,8,147,54,56
20230306,서울특별시,11,마포구,11440,서울특별시,11,종로구,11110,14,76,45,95,68,9,74,10,115,39,46
20230306,서울특별시,11,성북구,11290,서울특별시,11,종로구,11110,8,38,17,28,25,6,57,14,157,52,9
20230306,서울특별시,11,성북구,11290,서울특별시,11,중구,11140,4,56,16,18,34,7,41,11,170,60,11
20230306,서울특별시,11,성북구,11290,서울특별시,11,용산구,11170,5,94,15,32,38,5,57,15,193,87,16
20230306,서울특별시,11,성북구,11290,서울특별시,11,성동구,11200,7,109,41,29,50,13,75,25,389,165,17
20230306,서울특별시,11,성북구,11290,서울특별시,11,광진구,11215,13,86,13,45,56,18,67,23,367,142,27
20230306,서울특별시,11,성북구,11290,서울특별시,11,동대문구,11230,9,85,21,29,44,11,79,20,355,128,13
20230306,서울특별시,11,도봉구,11320,서울특별시,11,종로구,11110,5,23,6,26,25,5,12,3,54,10,5
20230306,서울특별시,11,도봉구,11320,서울특별시,11,중구,11140,0,12,5,31,22,3,17,0,58,16,4
20230306,서울특별시,11,도봉구,11320,서울특별시,11,용산구,11170,10,14,4,32,37,5,18,0,61,27,10
20230306,서울특별시,11,도봉구,11320,서울특별시,11,성동구,11200,8,19,15,30,35,14,36,5,118,40,6
20230306,서울특별시,11,도봉구,11320,서울특별시,11,광진구,11215,6,23,6,45,37,15,22,4,111,31,11
20230306,서울특별시,11,도봉구,11320,서울특별시,11,동대문구,11230,8,15,5,46,35,13,21,4,114,22,5
20230306,서울특별시,11,도봉구,11320,서울특별시,11,중랑구,11260,0,14,8,48,35,4,30,8,116,45,16
20230306,서울특별시,11,도봉구,11320,서울특별시,11,성북구,11290,10,30,14,76,51,10,22,8,147,33,7
20230306,서울특별시,11,도봉구,11320,서울특별시,11,강북구,11305,3,22,6,42,34,9,24,4,94,27,11
20230306,서울특별시,11,도봉구,11320,서울특별시,11,도봉구,11320,6,15,7,36,30,11,38,3,78,18,6
20230306,서울특별시,11,도봉구,11320,서울특별시,11,노원구,11350,13,22,22,73,43,13,46,6,158,58,11
20230306,서울특별시,11,도봉구,11320,서울특별시,11,은평구,11380,3,19,10,63,51,8,21,0,129,33,7
20230306,서울특별시,11,도봉구,11320,서울특별시,11,서대문구,11410,8,20,8,43,39,7,26,4,103,36,9
20230306,서울특별시,11,도봉구,11320,서울특별시,11,마포구,11440,15,20,12,56,64,15,40,6,128,39,11
20230306,서울특별시,11,도봉구,11320,서울특별시,11,양천구,11470,9,25,14,49,42,11,26,6,114,36,8
20230306,서울특별시,11,도봉구,11320,서울특별시,11,강서구,11500,14,21,12,97,69,18,49,7,175,64,16
20230306,서울특별시,11,도봉구,11320,서울특별시,11,구로구,11530,9,24,6,63,44,12,26,7,126,32,9
20230306,서울특별시,11,도봉구,11320,서울특별시,11,금천구,11545,4,7,6,51,29,7,13,4,72,18,7
20230306,서울특별시,11,도봉구,11320,서울특별시,11,영등포구,11560,5,20,0,66,52,12,29,11,105,40,9
20230306,서울특별시,11,도봉구,11320,서울특별시,11,동작구,11590,14,14,8,41,40,15,25,7,117,34,8
20230306,서울특별시,11,도봉구,11320,서울특별시,11,관악구,11620,8,15,12,74,66,14,40,0,161,57,14
20230306,서울특별시,11,도봉구,11320,서울특별시,11,서초구,11650,9,19,9,61,79,16,53,4,108,38,10
20230306,서울특별시,11,도봉구,11320,서울특별시,11,강남구,11680,11,39,19,78,89,19,50,8,178,50,20
20230306,서울특별시,11,도봉구,11320,서울특별시,11,송파구,11710,15,37,15,114,81,13,59,4,174,60,10
20230306,서울특별시,11,도봉구,11320,서울특별시,11,강동구,11740,6,23,7,59,54,10,31,0,127,48,10
20230306,서울특별시,11,강동구,11740,서울특별시,11,종로구,11110,7,26,5,19,44,7,44,0,33,27,9
20230306,서울특별시,11,강동구,11740,서울특별시,11,중구,11140,5,18,12,16,30,0,35,3,41,18,10
20230306,서울특별시,11,강동구,11740,서울특별시,11,용산구,11170,12,32,9,34,48,0,42,0,21,21,10
20230306,서울특별시,11,강동구,11740,서울특별시,11,성동구,11200,4,70,28,17,42,8,42,0,92,44,11
20230306,서울특별시,11,강동구,11740,서울특별시,11,광진구,11215,6,52,17,29,54,15,60,0,41,40,14
20230306,서울특별시,11,강동구,11740,서울특별시,11,동대문구,11230,9,38,18,31,52,8,52,0,61,25,14
20230306,서울특별시,11,강동구,11740,서울특별시,11,중랑구,11260,8,32,9,25,49,6,54,5,46,25,11
20230306,서울특별시,11,강동구,11740,서울특별시,11,성북구,11290,17,44,12,47,58,14,70,6,57,39,22
20230306,서울특별시,11,강동구,11740,서울특별시,11,강북구,11305,8,29,4,18,58,4,36,5,27,23,11
20230306,서울특별시,11,강동구,11740,서울특별시,11,도봉구,11320,5,22,11,26,33,9,36,0,21,28,11
20230306,서울특별시,11,강동구,11740,서울특별시,11,노원구,11350,12,45,14,31,61,9,70,0,38,49,22
20230306,서울특별시,11,강동구,11740,서울특별시,11,은평구,11380,5,59,10,38,66,4,74,4,36,43,12
20230306,서울특별시,11,강동구,11740,서울특별시,11,서대문구,11410,9,35,8,32,46,8,71,8,30,33,14
20230306,서울특별시,11,강동구,11740,서울특별시,11,마포구,11440,8,59,10,36,63,12,98,0,43,52,17
20230306,서울특별시,11,성북구,11290,서울특별시,11,중랑구,11260,10,75,17,27,49,6,95,25,329,104,18
20230306,서울특별시,11,성북구,11290,서울특별시,11,성북구,11290,11,124,35,34,59,13,126,34,448,127,39
20230306,서울특별시,11,성북구,11290,서울특별시,11,강북구,11305,9,64,10,24,31,5,45,15,255,81,20
20230306,서울특별시,11,성북구,11290,서울특별시,11,도봉구,11320,12,72,10,24,32,8,58,15,234,68,17
20230306,서울특별시,11,성북구,11290,서울특별시,11,노원구,11350,9,122,17,49,65,20,128,27,377,135,21
20230306,서울특별시,11,성북구,11290,서울특별시,11,은평구,11380,16,86,7,38,45,13,112,39,387,130,22
20230306,서울특별시,11,성동구,11200,서울특별시,11,강북구,11305,25,44,8,55,25,6,40,4,157,56,31
20230306,서울특별시,11,성동구,11200,서울특별시,11,도봉구,11320,6,47,12,46,37,4,29,8,146,51,28
20230306,서울특별시,11,성동구,11200,서울특별시,11,노원구,11350,22,78,17,55,49,9,69,7,251,88,48
20230306,서울특별시,11,성동구,11200,서울특별시,11,은평구,11380,18,73,21,59,74,5,59,10,254,78,43
20230306,서울특별시,11,성동구,11200,서울특별시,11,서대문구,11410,19,62,23,48,43,10,43,7,229,89,33
20230306,서울특별시,11,성동구,11200,서울특별시,11,마포구,11440,26,120,31,75,99,12,58,7,294,137,49
20230306,서울특별시,11,성동구,11200,서울특별시,11,양천구,11470,21,70,20,48,56,9,45,12,234,76,41
20230306,서울특별시,11,성동구,11200,서울특별시,11,강서구,11500,26,126,35,61,95,18,79,23,397,128,75
20230306,서울특별시,11,성동구,11200,서울특별시,11,구로구,11530,15,86,13,66,32,9,67,7,232,75,32
20230306,서울특별시,11,성동구,11200,서울특별시,11,금천구,11545,10,68,11,45,30,4,41,6,160,56,26
20230306,서울특별시,11,성동구,11200,서울특별시,11,영등포구,11560,19,101,29,65,61,9,75,8,272,86,56
20230306,서울특별시,11,성동구,11200,서울특별시,11,동작구,11590,15,80,19,49,47,9,50,5,300,86,37
20230306,서울특별시,11,강동구,11740,서울특별시,11,양천구,11470,4,48,9,31,58,12,57,5,30,32,17
20230306,서울특별시,11,강동구,11740,서울특별시,11,강서구,11500,12,74,17,45,90,19,95,5,58,49,24
20230306,서울특별시,11,강동구,11740,서울특별시,11,구로구,11530,11,39,8,27,55,17,50,5,46,39,21
20230306,서울특별시,11,강동구,11740,서울특별시,11,금천구,11545,13,46,7,23,46,6,42,3,52,32,10
20230306,서울특별시,11,강동구,11740,서울특별시,11,영등포구,11560,13,59,10,46,66,9,52,4,33,33,14
20230306,서울특별시,11,강동구,11740,서울특별시,11,동작구,11590,13,40,11,30,54,4,43,0,32,40,21
20230306,서울특별시,11,강동구,11740,서울특별시,11,관악구,11620,8,54,12,54,71,8,78,6,52,50,16
20230306,서울특별시,11,강동구,11740,서울특별시,11,서초구,11650,8,92,15,39,63,22,80,7,47,41,32
20230306,서울특별시,11,강동구,11740,서울특별시,11,강남구,11680,14,108,18,62,120,16,136,10,84,47,45
20230306,서울특별시,11,강동구,11740,서울특별시,11,송파구,11710,27,141,25,69,135,23,93,0,64,53,33
20230306,서울특별시,11,강동구,11740,서울특별시,11,강동구,11740,10,61,22,33,64,18,85,6,69,44,19
20230306,서울특별시,11,성동구,11200,서울특별시,11,관악구,11620,35,87,22,62,54,11,72,12,400,110,65
20230306,서울특별시,11,성동구,11200,서울특별시,11,서초구,11650,24,115,37,48,86,13,71,5,287,114,76
20230306,서울특별시,11,성동구,11200,서울특별시,11,강남구,11680,32,194,58,70,143,17,137,18,497,167,109
20230306,서울특별시,11,성동구,11200,서울특별시,11,송파구,11710,36,135,40,108,105,21,88,10,426,153,89
20230306,서울특별시,11,성동구,11200,서울특별시,11,강동구,11740,13,87,24,62,65,18,59,9,266,90,41
20230306,서울특별시,11,성북구,11290,서울특별시,11,서대문구,11410,8,75,16,36,48,13,67,13,287,109,11
20230306,서울특별시,11,성북구,11290,서울특별시,11,마포구,11440,12,133,27,48,52,22,114,23,359,134,19
20230306,서울특별시,11,성북구,11290,서울특별시,11,양천구,11470,7,79,17,42,75,14,78,25,333,134,14
20230306,서울특별시,11,성북구,11290,서울특별시,11,강서구,11500,20,132,25,51,106,19,117,40,524,208,29
20230306,서울특별시,11,성북구,11290,서울특별시,11,구로구,11530,5,95,12,35,40,8,78,36,320,116,19
20230306,서울특별시,11,성북구,11290,서울특별시,11,금천구,11545,13,48,15,13,29,7,55,16,240,89,28
20230306,서울특별시,11,성북구,11290,서울특별시,11,영등포구,11560,12,98,12,53,63,16,97,31,355,152,28
20230306,서울특별시,11,성북구,11290,서울특별시,11,동작구,11590,10,90,18,40,55,18,67,21,321,118,20
20230306,서울특별시,11,성북구,11290,서울특별시,11,관악구,11620,20,118,23,46,70,17,98,29,530,164,19
20230306,서울특별시,11,성북구,11290,서울특별시,11,서초구,11650,10,128,35,43,72,36,90,42,319,135,36
20230306,서울특별시,11,성북구,11290,서울특별시,11,강남구,11680,36,200,35,78,103,24,152,34,515,198,34
20230306,서울특별시,11,성북구,11290,서울특별시,11,송파구,11710,27,161,24,51,92,24,150,51,564,224,24
20230306,서울특별시,11,성북구,11290,서울특별시,11,강동구,11740,18,100,21,45,58,19,107,41,370,142,15
20230306,서울특별시,11,영등포구,11560,서울특별시,11,종로구,11110,0,59,11,26,22,3,19,3,49,34,28
20230306,서울특별시,11,영등포구,11560,서울특별시,11,중구,11140,11,115,18,25,36,4,33,4,80,35,25
20230306,서울특별시,11,영등포구,11560,서울특별시,11,용산구,11170,3,84,13,51,45,7,35,12,53,46,28
20230306,서울특별시,11,영등포구,11560,서울특별시,11,성동구,11200,5,114,38,39,54,5,25,7,152,74,24
20230306,서울특별시,11,영등포구,11560,서울특별시,11,광진구,11215,15,81,19,26,63,6,34,4,102,42,36
20230306,서울특별시,11,영등포구,11560,서울특별시,11,동대문구,11230,15,116,30,34,66,5,29,6,81,64,47
20230306,서울특별시,11,영등포구,11560,서울특별시,11,중랑구,11260,9,143,19,26,63,5,36,5,62,39,48
20230306,서울특별시,11,영등포구,11560,서울특별시,11,성북구,11290,7,108,14,44,69,4,26,4,103,69,60
20230306,서울특별시,11,영등포구,11560,서울특별시,11,강북구,11305,5,80,12,14,36,3,29,3,46,42,45
20230306,서울특별시,11,영등포구,11560,서울특별시,11,도봉구,11320,7,65,4,19,31,3,29,3,37,36,37
20230306,서울특별시,11,영등포구,11560,서울특별시,11,노원구,11350,10,119,22,39,64,12,42,4,76,56,58
20230306,서울특별시,11,영등포구,11560,서울특별시,11,은평구,11380,23,96,18,31,70,7,36,3,64,57,54
20230306,서울특별시,11,영등포구,11560,서울특별시,11,서대문구,11410,11,92,14,29,62,6,32,0,62,63,36
20230306,서울특별시,11,영등포구,11560,서울특별시,11,마포구,11440,24,146,28,43,107,12,56,4,86,61,49
20230306,서울특별시,11,영등포구,11560,서울특별시,11,양천구,11470,15,107,25,33,58,9,35,10,73,49,59
20230306,서울특별시,11,영등포구,11560,서울특별시,11,강서구,11500,18,199,35,52,108,8,55,9,101,61,52
20230306,서울특별시,11,영등포구,11560,서울특별시,11,구로구,11530,8,115,29,40,73,11,43,6,85,50,47
20230306,서울특별시,11,영등포구,11560,서울특별시,11,금천구,11545,5,87,18,34,34,5,18,8,62,40,36
20230306,서울특별시,11,영등포구,11560,서울특별시,11,영등포구,11560,23,134,64,55,82,7,94,4,74,80,56
20230306,서울특별시,11,영등포구,11560,서울특별시,11,동작구,11590,9,108,27,32,62,7,31,5,86,54,35
20230306,서울특별시,11,영등포구,11560,서울특별시,11,관악구,11620,17,144,34,39,68,4,31,10,100,65,47
20230306,서울특별시,11,영등포구,11560,서울특별시,11,서초구,11650,16,113,29,58,103,3,42,7,91,53,39
20230306,서울특별시,11,영등포구,11560,서울특별시,11,강남구,11680,29,227,47,69,134,12,92,11,143,79,82
20230306,서울특별시,11,영등포구,11560,서울특별시,11,송파구,11710,22,180,30,84,117,10,69,6,115,99,67
20230306,서울특별시,11,영등포구,11560,서울특별시,11,강동구,11740,6,111,22,49,72,5,32,15,72,59,52
20230306,서울특별시,11,서초구,11650,서울특별시,11,종로구,11110,10,46,25,11,43,5,31,4,47,14,15
20230306,서울특별시,11,서초구,11650,서울특별시,11,중구,11140,12,56,37,26,34,7,28,4,82,19,14
20230306,서울특별시,11,서초구,11650,서울특별시,11,용산구,11170,5,53,52,26,75,12,107,5,73,23,29
20230306,서울특별시,11,서초구,11650,서울특별시,11,성동구,11200,20,91,76,24,91,12,61,7,131,49,33
20230306,서울특별시,11,서초구,11650,서울특별시,11,광진구,11215,11,65,32,24,74,10,47,6,55,31,35
20230306,서울특별시,11,서초구,11650,서울특별시,11,동대문구,11230,11,71,58,12,61,5,41,11,61,19,27
20230306,서울특별시,11,서초구,11650,서울특별시,11,중랑구,11260,6,49,33,23,58,6,42,3,61,30,16
20230306,서울특별시,11,서초구,11650,서울특별시,11,성북구,11290,12,84,67,29,86,10,68,6,87,37,30
20230306,서울특별시,11,서초구,11650,서울특별시,11,강북구,11305,0,32,37,11,38,3,38,0,35,11,30
20230306,서울특별시,11,서초구,11650,서울특별시,11,도봉구,11320,9,34,29,26,43,0,42,9,31,10,17
20230306,서울특별시,11,서초구,11650,서울특별시,11,노원구,11350,10,71,70,26,95,9,72,12,51,30,43
20230306,서울특별시,11,서초구,11650,서울특별시,11,은평구,11380,14,63,60,22,85,6,74,0,42,27,41
20230306,서울특별시,11,서초구,11650,서울특별시,11,서대문구,11410,7,50,66,24,92,7,47,6,42,25,31
20230306,서울특별시,11,서초구,11650,서울특별시,11,양천구,11470,14,63,51,25,78,13,62,8,66,29,36
20230306,서울특별시,11,서초구,11650,서울특별시,11,강서구,11500,11,104,71,42,129,11,74,15,108,36,55
20230306,서울특별시,11,서초구,11650,서울특별시,11,구로구,11530,18,63,48,32,72,13,61,8,58,20,32
20230306,서울특별시,11,서초구,11650,서울특별시,11,금천구,11545,8,41,28,25,52,6,36,4,68,34,18
20230306,서울특별시,11,서초구,11650,서울특별시,11,영등포구,11560,12,87,59,38,77,16,70,8,67,32,45
20230306,서울특별시,11,서초구,11650,서울특별시,11,동작구,11590,12,72,63,25,87,15,63,4,68,29,34
20230306,서울특별시,11,서초구,11650,서울특별시,11,관악구,11620,14,85,68,27,107,7,70,14,72,35,55
20230306,서울특별시,11,서초구,11650,서울특별시,11,서초구,11650,35,165,112,54,187,28,289,22,164,48,67
20230306,서울특별시,11,서초구,11650,서울특별시,11,강남구,11680,41,201,176,63,200,18,151,9,196,72,87
20230306,서울특별시,11,서초구,11650,서울특별시,11,송파구,11710,19,153,107,64,146,22,126,13,115,54,75
20230306,서울특별시,11,서초구,11650,서울특별시,11,강동구,11740,11,70,52,22,92,5,68,8,52,26,44
20230306,서울특별시,11,노원구,11350,서울특별시,11,강동구,11740,14,17,19,31,65,8,49,42,62,30,16
20230306,서울특별시,11,노원구,11350,서울특별시,11,송파구,11710,15,23,20,46,106,16,77,59,121,47,19
20230306,서울특별시,11,노원구,11350,서울특별시,11,강남구,11680,7,31,26,43,145,17,76,24,104,31,30
20230306,서울특별시,11,노원구,11350,서울특별시,11,서초구,11650,12,16,13,29,115,8,55,28,68,27,23
20230306,서울특별시,11,노원구,11350,서울특별시,11,관악구,11620,15,21,13,32,75,13,45,18,85,23,19
20230306,서울특별시,11,노원구,11350,서울특별시,11,동작구,11590,9,13,5,27,66,10,42,27,70,15,14
20230306,서울특별시,11,노원구,11350,서울특별시,11,영등포구,11560,6,17,14,30,62,12,37,39,59,9,26
20230306,서울특별시,11,노원구,11350,서울특별시,11,금천구,11545,5,56,6,24,49,4,25,12,47,21,19
20230306,서울특별시,11,노원구,11350,서울특별시,11,구로구,11530,8,15,9,17,71,7,27,28,81,23,17
20230306,서울특별시,11,노원구,11350,서울특별시,11,강서구,11500,11,28,8,38,80,11,56,57,110,29,20
20230306,서울특별시,11,노원구,11350,서울특별시,11,양천구,11470,4,15,8,27,51,11,28,27,68,15,20
20230306,서울특별시,11,노원구,11350,서울특별시,11,마포구,11440,7,22,15,26,88,9,44,25,66,28,15
20230306,서울특별시,11,노원구,11350,서울특별시,11,서대문구,11410,8,14,22,25,53,6,44,22,60,13,15
20230306,서울특별시,11,노원구,11350,서울특별시,11,은평구,11380,9,22,5,30,67,6,60,33,73,19,15
20230306,서울특별시,11,노원구,11350,서울특별시,11,노원구,11350,13,37,41,27,75,8,77,36,91,21,29
20230306,서울특별시,11,노원구,11350,서울특별시,11,도봉구,11320,4,6,22,20,38,6,27,15,54,14,7
20230306,서울특별시,11,노원구,11350,서울특별시,11,강북구,11305,9,13,18,16,47,4,50,15,46,8,7
20230306,서울특별시,11,노원구,11350,서울특별시,11,성북구,11290,7,16,18,30,64,7,50,43,96,30,22
20230306,서울특별시,11,노원구,11350,서울특별시,11,중랑구,11260,3,20,17,22,56,3,32,28,79,17,16
20230306,서울특별시,11,노원구,11350,서울특별시,11,동대문구,11230,8,16,14,24,51,5,40,31,60,26,12
20230306,서울특별시,11,노원구,11350,서울특별시,11,광진구,11215,10,18,23,22,55,4,32,24,70,6,8
20230306,서울특별시,11,노원구,11350,서울특별시,11,성동구,11200,5,30,21,24,48,6,31,28,102,43,20
20230306,서울특별시,11,노원구,11350,서울특별시,11,용산구,11170,5,11,9,26,58,0,23,6,32,9,7
20230306,서울특별시,11,노원구,11350,서울특별시,11,중구,11140,7,22,11,16,34,6,19,10,54,13,10
20230306,서울특별시,11,노원구,11350,서울특별시,11,종로구,11110,8,12,9,10,38,5,23,7,28,9,10
20230306,서울특별시,11,종로구,11110,서울특별시,11,종로구,11110,11,37,41,14,23,0,42,0,88,31,16
20230306,서울특별시,11,종로구,11110,서울특별시,11,중구,11140,4,44,24,11,34,3,12,4,93,31,10
20230306,서울특별시,11,종로구,11110,서울특별시,11,용산구,11170,9,48,28,20,43,0,17,3,129,41,19
20230306,서울특별시,11,종로구,11110,서울특별시,11,성동구,11200,14,74,37,21,41,5,13,7,221,65,17
20230306,서울특별시,11,종로구,11110,서울특별시,11,광진구,11215,10,66,31,25,48,5,15,6,200,50,22
20230306,서울특별시,11,종로구,11110,서울특별시,11,동대문구,11230,3,43,54,22,51,0,16,3,187,49,13
20230306,서울특별시,11,종로구,11110,서울특별시,11,중랑구,11260,7,57,23,21,31,4,12,8,153,61,12
20230306,서울특별시,11,종로구,11110,서울특별시,11,성북구,11290,13,72,43,23,68,3,21,6,200,65,25
20230306,서울특별시,11,중구,11140,서울특별시,11,강동구,11740,27,86,13,10,88,16,36,11,304,84,26
20230306,서울특별시,11,중구,11140,서울특별시,11,송파구,11710,35,160,34,22,139,24,77,15,517,135,36
20230306,서울특별시,11,은평구,11380,서울특별시,11,강동구,11740,0,9,12,6,36,15,71,0,24,21,46
20230306,서울특별시,11,은평구,11380,서울특별시,11,송파구,11710,7,25,18,12,72,30,106,5,46,19,65
20230306,서울특별시,11,은평구,11380,서울특별시,11,강남구,11680,7,25,22,15,56,34,84,6,40,24,62
20230306,서울특별시,11,은평구,11380,서울특별시,11,서초구,11650,4,13,17,11,58,17,58,3,25,20,41
20230306,서울특별시,11,은평구,11380,서울특별시,11,관악구,11620,6,7,13,7,36,22,94,5,32,17,54
20230306,서울특별시,11,은평구,11380,서울특별시,11,동작구,11590,0,11,9,8,41,18,55,3,23,12,35
20230306,서울특별시,11,은평구,11380,서울특별시,11,영등포구,11560,3,12,15,7,30,15,40,0,26,9,36
20230306,서울특별시,11,은평구,11380,서울특별시,11,금천구,11545,0,7,9,5,17,9,35,5,41,17,33
20230306,서울특별시,11,은평구,11380,서울특별시,11,구로구,11530,3,9,5,7,38,11,71,4,37,14,52
20230306,서울특별시,11,은평구,11380,서울특별시,11,강서구,11500,4,13,19,7,50,27,101,3,36,26,63
20230306,서울특별시,11,중구,11140,서울특별시,11,강남구,11680,40,195,54,29,233,21,83,13,543,153,43
20230306,서울특별시,11,중구,11140,서울특별시,11,서초구,11650,16,116,35,19,149,16,58,10,350,75,28
20230306,서울특별시,11,중구,11140,서울특별시,11,관악구,11620,18,94,26,18,82,14,45,5,477,84,23
20230306,서울특별시,11,중구,11140,서울특별시,11,동작구,11590,7,78,11,10,68,9,35,4,278,73,14
20230306,서울특별시,11,중구,11140,서울특별시,11,영등포구,11560,16,102,32,13,103,17,59,7,339,73,28
20230306,서울특별시,11,중구,11140,서울특별시,11,금천구,11545,9,53,11,11,40,7,33,5,187,49,8
20230306,서울특별시,11,중구,11140,서울특별시,11,구로구,11530,14,83,15,13,79,6,44,3,258,58,11
20230306,서울특별시,11,중구,11140,서울특별시,11,강서구,11500,23,137,26,16,101,26,73,12,452,124,31
20230306,서울특별시,11,중구,11140,서울특별시,11,양천구,11470,16,99,11,8,65,9,41,8,265,67,19
20230306,서울특별시,11,중구,11140,서울특별시,11,마포구,11440,27,116,35,22,135,16,63,5,375,92,16
20230306,서울특별시,11,중구,11140,서울특별시,11,서대문구,11410,14,87,10,12,68,14,62,5,275,74,15
20230306,서울특별시,11,중구,11140,서울특별시,11,은평구,11380,15,78,24,8,81,13,45,12,307,58,20
20230306,서울특별시,11,중구,11140,서울특별시,11,노원구,11350,13,91,16,12,77,13,32,12,304,81,16
20230306,서울특별시,11,중구,11140,서울특별시,11,도봉구,11320,3,44,8,0,45,6,28,3,154,44,9
20230306,서울특별시,11,중구,11140,서울특별시,11,강북구,11305,11,50,7,6,49,6,33,4,184,57,6
20230306,서울특별시,11,중구,11140,서울특별시,11,성북구,11290,16,92,21,18,90,12,47,8,351,108,20
20230306,서울특별시,11,중구,11140,서울특별시,11,중랑구,11260,15,74,11,10,55,6,27,5,233,70,12
20230306,서울특별시,11,중구,11140,서울특별시,11,동대문구,11230,12,76,17,9,70,7,45,4,285,80,16
20230306,서울특별시,11,중구,11140,서울특별시,11,광진구,11215,14,86,18,7,71,17,38,9,297,77,14
20230306,서울특별시,11,중구,11140,서울특별시,11,성동구,11200,14,118,35,6,73,10,47,5,359,91,18
20230306,서울특별시,11,중구,11140,서울특별시,11,용산구,11170,13,72,20,9,63,10,33,3,198,39,13
20230306,서울특별시,11,중구,11140,서울특별시,11,중구,11140,14,75,25,13,77,4,42,0,207,62,25
20230306,서울특별시,11,중구,11140,서울특별시,11,종로구,11110,15,74,15,11,66,5,26,0,128,37,8
20230306,서울특별시,11,종로구,11110,서울특별시,11,강북구,11305,0,33,28,15,36,0,13,4,118,27,12
20230306,서울특별시,11,종로구,11110,서울특별시,11,도봉구,11320,7,25,20,12,27,0,14,6,95,26,7
20230306,서울특별시,11,종로구,11110,서울특별시,11,노원구,11350,10,60,41,36,48,5,26,17,183,55,15
20230306,서울특별시,11,종로구,11110,서울특별시,11,은평구,11380,11,66,34,28,55,0,22,7,181,53,25
20230306,서울특별시,11,종로구,11110,서울특별시,11,서대문구,11410,12,39,39,24,41,5,18,3,149,32,23
20230306,서울특별시,11,종로구,11110,서울특별시,11,마포구,11440,22,60,55,33,63,6,19,8,222,73,22
20230306,서울특별시,11,종로구,11110,서울특별시,11,양천구,11470,8,52,39,21,69,3,16,0,147,53,14
20230306,서울특별시,11,종로구,11110,서울특별시,11,강서구,11500,17,92,43,36,83,5,28,9,235,106,43
20230306,서울특별시,11,종로구,11110,서울특별시,11,구로구,11530,11,51,20,26,51,3,16,5,148,40,18
20230306,서울특별시,11,종로구,11110,서울특별시,11,금천구,11545,4,38,15,13,33,0,15,5,108,30,17
20230306,서울특별시,11,종로구,11110,서울특별시,11,영등포구,11560,15,60,30,24,60,3,22,12,166,66,29
20230306,서울특별시,11,종로구,11110,서울특별시,11,동작구,11590,5,56,38,19,52,3,17,5,158,36,19
20230306,서울특별시,11,종로구,11110,서울특별시,11,관악구,11620,12,62,51,34,65,7,18,6,266,58,33
20230306,서울특별시,11,종로구,11110,서울특별시,11,서초구,11650,12,71,55,28,64,6,29,11,199,61,25
20230306,서울특별시,11,종로구,11110,서울특별시,11,강남구,11680,34,108,67,44,114,16,56,8,340,120,36
20230306,서울특별시,11,종로구,11110,서울특별시,11,송파구,11710,11,100,39,40,104,5,39,12,298,104,46
20230306,서울특별시,11,종로구,11110,서울특별시,11,강동구,11740,11,56,24,29,51,0,23,5,164,61,16
20230306,서울특별시,11,은평구,11380,서울특별시,11,양천구,11470,4,17,17,0,44,27,75,0,34,27,50
20230306,서울특별시,11,은평구,11380,서울특별시,11,마포구,11440,6,20,22,6,41,20,52,3,39,15,35
20230306,서울특별시,11,은평구,11380,서울특별시,11,서대문구,11410,0,11,11,3,28,7,56,3,41,6,30
20230306,서울특별시,11,은평구,11380,서울특별시,11,은평구,11380,4,17,23,9,41,13,104,4,48,20,35
20230306,서울특별시,11,은평구,11380,서울특별시,11,노원구,11350,5,12,7,4,45,17,72,5,25,11,49
20230306,서울특별시,11,은평구,11380,서울특별시,11,도봉구,11320,0,8,9,5,28,10,48,5,22,8,31
20230306,서울특별시,11,은평구,11380,서울특별시,11,강북구,11305,0,6,6,3,30,8,37,5,19,17,26
20230306,서울특별시,11,은평구,11380,서울특별시,11,성북구,11290,0,11,19,7,36,11,77,5,49,10,51
20230306,서울특별시,11,은평구,11380,서울특별시,11,중랑구,11260,5,8,7,5,33,13,57,5,28,20,41
20230306,서울특별시,11,은평구,11380,서울특별시,11,동대문구,11230,0,11,9,6,32,10,70,0,27,15,27
20230306,서울특별시,11,은평구,11380,서울특별시,11,광진구,11215,3,14,10,4,37,13,61,0,21,11,39
20230306,서울특별시,11,은평구,11380,서울특별시,11,성동구,11200,5,38,39,8,21,14,44,3,84,30,24
20230306,서울특별시,11,은평구,11380,서울특별시,11,용산구,11170,4,11,14,12,15,4,23,0,16,8,27
20230306,서울특별시,11,은평구,11380,서울특별시,11,중구,11140,0,5,10,6,15,8,20,0,20,7,9
20230306,서울특별시,11,은평구,11380,서울특별시,11,종로구,11110,0,10,8,9,15,4,28,0,34,5,36
20230306,서울특별시,11,광진구,11215,서울특별시,11,강동구,11740,12,41,17,29,99,9,31,13,111,58,18
20230306,서울특별시,11,광진구,11215,서울특별시,11,송파구,11710,24,61,27,76,171,16,43,12,206,109,28
20230306,서울특별시,11,광진구,11215,서울특별시,11,강남구,11680,22,75,23,85,149,8,47,6,206,108,39
20230306,서울특별시,11,광진구,11215,서울특별시,11,서초구,11650,13,62,25,29,112,13,39,9,132,66,24
20230306,서울특별시,11,광진구,11215,서울특별시,11,관악구,11620,31,45,17,26,117,7,26,9,176,97,20
20230306,서울특별시,11,광진구,11215,서울특별시,11,동작구,11590,18,27,14,29,96,9,26,7,147,66,16
20230306,서울특별시,11,광진구,11215,서울특별시,11,영등포구,11560,13,51,9,37,92,7,34,3,157,66,8
20230306,서울특별시,11,광진구,11215,서울특별시,11,금천구,11545,11,27,9,30,77,8,11,6,95,54,12
20230306,서울특별시,11,광진구,11215,서울특별시,11,구로구,11530,27,39,11,27,119,6,18,11,115,63,13
20230306,서울특별시,11,광진구,11215,서울특별시,11,강서구,11500,21,44,30,52,143,16,25,14,196,94,22
20230306,서울특별시,11,광진구,11215,서울특별시,11,양천구,11470,12,50,10,36,104,11,22,8,150,79,11
20230306,서울특별시,11,광진구,11215,서울특별시,11,마포구,11440,15,47,23,52,74,9,35,6,135,78,17
20230306,서울특별시,11,광진구,11215,서울특별시,11,서대문구,11410,12,23,15,27,84,3,20,5,110,66,12
20230306,서울특별시,11,광진구,11215,서울특별시,11,은평구,11380,15,31,18,28,106,17,32,8,119,76,15
20230306,서울특별시,11,광진구,11215,서울특별시,11,노원구,11350,24,44,16,32,134,11,19,13,152,77,10
20230306,서울특별시,11,광진구,11215,서울특별시,11,도봉구,11320,8,30,7,23,58,5,16,0,80,32,8
20230306,서울특별시,11,광진구,11215,서울특별시,11,강북구,11305,11,18,12,23,70,7,20,7,84,41,12
20230306,서울특별시,11,광진구,11215,서울특별시,11,성북구,11290,20,41,12,35,113,11,27,5,160,68,8
20230306,서울특별시,11,광진구,11215,서울특별시,11,중랑구,11260,13,32,18,31,108,10,19,7,117,46,13
20230306,서울특별시,11,광진구,11215,서울특별시,11,동대문구,11230,16,25,14,19,92,4,18,10,139,59,9
20230306,서울특별시,11,광진구,11215,서울특별시,11,광진구,11215,16,43,30,28,93,10,56,6,136,74,20
20230306,서울특별시,11,광진구,11215,서울특별시,11,성동구,11200,12,81,30,31,83,7,30,0,164,82,15
20230306,서울특별시,11,광진구,11215,서울특별시,11,용산구,11170,10,24,11,38,61,9,13,8,74,45,18
20230306,서울특별시,11,광진구,11215,서울특별시,11,중구,11140,11,27,13,28,54,4,9,3,73,33,6
20230306,서울특별시,11,광진구,11215,서울특별시,11,종로구,11110,12,28,9,21,42,6,11,0,51,33,6
20230306,서울특별시,11,구로구,11530,서울특별시,11,종로구,11110,11,52,24,30,36,5,30,0,53,17,14
20230306,서울특별시,11,구로구,11530,서울특별시,11,중구,11140,8,48,14,25,47,0,11,5,66,19,30
20230306,서울특별시,11,구로구,11530,서울특별시,11,용산구,11170,10,51,26,39,41,13,17,4,54,25,26
20230306,서울특별시,11,구로구,11530,서울특별시,11,성동구,11200,7,75,33,35,65,11,17,5,122,61,40
20230306,서울특별시,11,용산구,11170,서울특별시,11,종로구,11110,5,49,7,252,28,3,16,5,53,11,8
20230306,서울특별시,11,용산구,11170,서울특별시,11,중구,11140,6,50,9,245,26,5,18,3,71,18,8
20230306,서울특별시,11,용산구,11170,서울특별시,11,용산구,11170,7,137,19,375,56,12,44,5,64,21,21
20230306,서울특별시,11,용산구,11170,서울특별시,11,성동구,11200,6,93,21,343,48,5,35,5,138,47,8
20230306,서울특별시,11,용산구,11170,서울특별시,11,광진구,11215,4,48,5,372,56,3,29,3,76,24,7
20230306,서울특별시,11,용산구,11170,서울특별시,11,동대문구,11230,14,45,8,296,42,3,48,4,70,26,18
20230306,서울특별시,11,구로구,11530,서울특별시,11,광진구,11215,12,86,22,39,61,13,17,0,90,33,49
20230306,서울특별시,11,구로구,11530,서울특별시,11,동대문구,11230,15,76,26,52,57,10,14,8,104,37,46
20230306,서울특별시,11,구로구,11530,서울특별시,11,중랑구,11260,9,64,18,44,59,8,22,4,72,42,38
20230306,서울특별시,11,구로구,11530,서울특별시,11,성북구,11290,33,74,36,56,69,15,21,7,96,40,57
20230306,서울특별시,11,구로구,11530,서울특별시,11,강북구,11305,15,51,20,29,48,6,14,0,62,19,25
20230306,서울특별시,11,구로구,11530,서울특별시,11,도봉구,11320,15,55,14,35,37,5,11,5,42,20,32
20230306,서울특별시,11,구로구,11530,서울특별시,11,노원구,11350,19,87,29,48,68,13,35,7,79,44,79
20230306,서울특별시,11,동대문구,11230,서울특별시,11,강동구,11740,9,51,23,9,91,7,131,18,171,61,41
20230306,서울특별시,11,동대문구,11230,서울특별시,11,송파구,11710,20,88,42,38,121,15,213,14,259,74,61
20230306,서울특별시,11,동대문구,11230,서울특별시,11,강남구,11680,19,88,15,38,157,18,177,15,241,76,81
20230306,서울특별시,11,동대문구,11230,서울특별시,11,서초구,11650,17,110,14,33,110,10,137,9,151,47,34
20230306,서울특별시,11,동대문구,11230,서울특별시,11,관악구,11620,25,83,8,31,98,8,157,10,212,70,64
20230306,서울특별시,11,동대문구,11230,서울특별시,11,동작구,11590,17,119,10,18,79,4,138,15,160,53,45
20230306,서울특별시,11,동대문구,11230,서울특별시,11,영등포구,11560,16,77,19,32,90,8,134,6,198,54,29
20230306,서울특별시,11,동대문구,11230,서울특별시,11,금천구,11545,8,41,14,15,55,8,75,8,137,33,16
20230306,서울특별시,11,동대문구,11230,서울특별시,11,구로구,11530,8,44,7,23,85,6,126,7,159,47,44
20230306,서울특별시,11,동대문구,11230,서울특별시,11,강서구,11500,22,68,23,27,113,6,194,18,264,68,62
20230306,서울특별시,11,동대문구,11230,서울특별시,11,양천구,11470,15,61,10,24,84,6,117,11,147,48,33
20230306,서울특별시,11,서대문구,11410,서울특별시,11,종로구,11110,7,17,13,12,15,9,24,6,55,30,10
20230306,서울특별시,11,서대문구,11410,서울특별시,11,중구,11140,0,29,8,17,26,6,20,10,58,31,12
20230306,서울특별시,11,서대문구,11410,서울특별시,11,용산구,11170,3,21,23,22,34,7,23,12,56,21,10
20230306,서울특별시,11,서대문구,11410,서울특별시,11,성동구,11200,7,28,23,19,34,9,22,11,109,58,13
20230306,서울특별시,11,서대문구,11410,서울특별시,11,광진구,11215,3,32,12,29,40,15,24,9,73,46,9
20230306,서울특별시,11,서대문구,11410,서울특별시,11,동대문구,11230,4,23,10,14,40,9,34,20,65,38,19
20230306,서울특별시,11,서대문구,11410,서울특별시,11,중랑구,11260,0,16,11,17,34,12,19,6,53,60,15
20230306,서울특별시,11,서대문구,11410,서울특별시,11,성북구,11290,8,26,15,23,51,20,38,13,115,46,22
20230306,서울특별시,11,서대문구,11410,서울특별시,11,강북구,11305,0,16,5,16,26,12,8,12,49,28,9
20230306,서울특별시,11,서대문구,11410,서울특별시,11,도봉구,11320,3,10,6,18,31,12,16,6,50,31,9
20230306,서울특별시,11,서대문구,11410,서울특별시,11,노원구,11350,0,32,11,25,45,23,21,17,84,48,17
20230306,서울특별시,11,서대문구,11410,서울특별시,11,은평구,11380,5,26,20,27,43,13,34,22,88,48,15
20230306,서울특별시,11,서대문구,11410,서울특별시,11,서대문구,11410,4,26,18,34,45,18,61,10,87,25,14
20230306,서울특별시,11,서대문구,11410,서울특별시,11,마포구,11440,4,38,31,39,69,17,28,15,104,46,15
20230306,서울특별시,11,서대문구,11410,서울특별시,11,양천구,11470,5,34,14,32,44,19,22,13,74,58,19
20230306,서울특별시,11,서대문구,11410,서울특별시,11,강서구,11500,12,43,20,49,67,26,43,19,92,55,23
20230306,서울특별시,11,서대문구,11410,서울특별시,11,구로구,11530,6,29,12,30,51,18,31,21,58,46,17
20230306,서울특별시,11,서대문구,11410,서울특별시,11,금천구,11545,5,17,8,17,48,17,20,10,69,50,13
20230306,서울특별시,11,서대문구,11410,서울특별시,11,영등포구,11560,4,33,16,32,66,18,28,7,86,48,22
20230306,서울특별시,11,서대문구,11410,서울특별시,11,동작구,11590,6,22,19,16,40,14,25,19,86,38,22
20230306,서울특별시,11,서대문구,11410,서울특별시,11,관악구,11620,7,25,21,36,75,24,33,12,85,57,26
20230306,서울특별시,11,서대문구,11410,서울특별시,11,서초구,11650,7,28,17,23,43,17,38,9,82,46,19
20230306,서울특별시,11,서대문구,11410,서울특별시,11,강남구,11680,9,64,21,62,58,32,47,16,132,68,29
20230306,서울특별시,11,서대문구,11410,서울특별시,11,송파구,11710,4,30,25,41,81,21,44,21,133,61,15
20230306,서울특별시,11,서대문구,11410,서울특별시,11,강동구,11740,0,24,25,33,48,19,34,19,76,50,21
20230306,서울특별시,11,구로구,11530,서울특별시,11,은평구,11380,13,86,31,38,60,11,18,11,77,40,55
20230306,서울특별시,11,구로구,11530,서울특별시,11,서대문구,11410,21,80,36,31,57,13,22,5,62,27,42
20230306,서울특별시,11,구로구,11530,서울특별시,11,마포구,11440,18,80,48,53,82,16,30,12,112,36,56
20230306,서울특별시,11,구로구,11530,서울특별시,11,양천구,11470,15,93,39,95,75,13,20,4,78,53,68
20230306,서울특별시,11,구로구,11530,서울특별시,11,강서구,11500,16,136,53,132,96,24,46,11,125,48,88
20230306,서울특별시,11,구로구,11530,서울특별시,11,구로구,11530,11,98,30,99,128,16,60,8,86,37,60
20230306,서울특별시,11,구로구,11530,서울특별시,11,금천구,11545,6,65,17,40,65,9,25,0,100,32,27
20230306,서울특별시,11,구로구,11530,서울특별시,11,영등포구,11560,23,101,30,105,174,15,22,0,124,41,68
20230306,서울특별시,11,구로구,11530,서울특별시,11,동작구,11590,32,90,27,79,66,8,22,6,102,32,60
20230306,서울특별시,11,구로구,11530,서울특별시,11,관악구,11620,21,97,34,64,86,25,28,9,108,53,59
20230306,서울특별시,11,구로구,11530,서울특별시,11,서초구,11650,25,85,39,70,116,21,27,4,96,33,66
20230306,서울특별시,11,구로구,11530,서울특별시,11,강남구,11680,29,141,64,76,136,28,43,14,143,56,107
20230306,서울특별시,11,구로구,11530,서울특별시,11,송파구,11710,24,117,54,76,143,20,45,10,135,59,97
20230306,서울특별시,11,구로구,11530,서울특별시,11,강동구,11740,11,65,29,45,80,9,31,8,93,42,42
20230306,서울특별시,11,용산구,11170,서울특별시,11,중랑구,11260,5,44,4,272,46,12,41,7,59,26,12
20230306,서울특별시,11,용산구,11170,서울특별시,11,성북구,11290,7,59,9,374,55,6,38,5,78,24,15
20230306,서울특별시,11,용산구,11170,서울특별시,11,강북구,11305,4,47,4,204,26,4,27,6,37,22,8
20230306,서울특별시,11,용산구,11170,서울특별시,11,도봉구,11320,7,29,10,233,28,6,27,4,45,16,8
20230306,서울특별시,11,용산구,11170,서울특별시,11,노원구,11350,7,61,12,387,51,4,53,8,82,19,18
20230306,서울특별시,11,용산구,11170,서울특별시,11,은평구,11380,9,66,10,348,53,10,39,4,77,23,13
20230306,서울특별시,11,용산구,11170,서울특별시,11,서대문구,11410,6,47,13,331,32,8,32,4,72,28,10
20230306,서울특별시,11,용산구,11170,서울특별시,11,마포구,11440,12,77,22,464,65,8,49,10,113,42,15
20230306,서울특별시,11,용산구,11170,서울특별시,11,양천구,11470,4,53,21,346,42,6,40,10,54,27,16
20230306,서울특별시,11,용산구,11170,서울특별시,11,강서구,11500,14,84,14,531,60,8,68,6,134,43,26
20230306,서울특별시,11,용산구,11170,서울특별시,11,구로구,11530,3,53,11,427,44,0,40,7,72,27,15
20230306,서울특별시,11,용산구,11170,서울특별시,11,금천구,11545,0,78,7,324,40,5,22,3,50,29,7
20230306,서울특별시,11,용산구,11170,서울특별시,11,영등포구,11560,10,90,16,473,47,7,53,5,82,26,16
20230306,서울특별시,11,용산구,11170,서울특별시,11,동작구,11590,6,57,12,361,49,7,41,8,72,25,15
20230306,서울특별시,11,금천구,11545,서울특별시,11,강동구,11740,31,64,21,79,110,45,77,25,214,125,274
20230306,서울특별시,11,금천구,11545,서울특별시,11,송파구,11710,55,118,23,156,192,108,136,37,341,190,442
20230306,서울특별시,11,금천구,11545,서울특별시,11,강남구,11680,53,191,44,131,218,111,152,34,290,153,519
20230306,서울특별시,11,관악구,11620,서울특별시,11,강동구,11740,5,25,37,17,42,0,14,8,41,37,13
20230306,서울특별시,11,관악구,11620,서울특별시,11,송파구,11710,9,32,57,16,75,3,34,4,66,52,29
20230306,서울특별시,11,관악구,11620,서울특별시,11,강남구,11680,14,49,68,29,77,4,32,5,65,61,37
20230306,서울특별시,11,관악구,11620,서울특별시,11,서초구,11650,16,35,64,14,41,8,14,3,59,47,23
20230306,서울특별시,11,관악구,11620,서울특별시,11,관악구,11620,8,50,78,21,72,0,83,6,94,41,425
20230306,서울특별시,11,관악구,11620,서울특별시,11,동작구,11590,9,30,61,7,65,3,40,4,65,24,328
20230306,서울특별시,11,관악구,11620,서울특별시,11,영등포구,11560,10,26,56,10,39,4,21,8,59,30,18
20230306,서울특별시,11,관악구,11620,서울특별시,11,금천구,11545,4,19,23,13,38,3,19,0,67,26,205
20230306,서울특별시,11,관악구,11620,서울특별시,11,구로구,11530,3,19,36,12,32,4,5,3,64,25,20
20230306,서울특별시,11,관악구,11620,서울특별시,11,강서구,11500,10,32,35,16,55,0,24,5,80,40,38
20230306,서울특별시,11,관악구,11620,서울특별시,11,양천구,11470,4,29,29,9,36,0,20,4,49,28,12
20230306,서울특별시,11,관악구,11620,서울특별시,11,마포구,11440,4,22,72,20,51,6,16,6,53,44,19
20230306,서울특별시,11,관악구,11620,서울특별시,11,서대문구,11410,8,21,75,9,43,5,0,0,51,23,9
20230306,서울특별시,11,용산구,11170,서울특별시,11,관악구,11620,14,77,14,517,61,8,53,14,87,28,18
20230306,서울특별시,11,용산구,11170,서울특별시,11,서초구,11650,9,85,26,592,83,6,59,10,106,38,17
20230306,서울특별시,11,용산구,11170,서울특별시,11,강남구,11680,15,156,29,828,90,10,62,9,149,49,32
20230306,서울특별시,11,용산구,11170,서울특별시,11,송파구,11710,12,108,14,731,98,10,78,10,186,59,21
20230306,서울특별시,11,관악구,11620,서울특별시,11,은평구,11380,9,28,35,17,50,5,12,0,56,35,20
20230306,서울특별시,11,관악구,11620,서울특별시,11,노원구,11350,3,33,40,10,50,4,17,7,55,35,27
20230306,서울특별시,11,관악구,11620,서울특별시,11,도봉구,11320,4,14,15,7,20,0,4,0,41,18,15
20230306,서울특별시,11,관악구,11620,서울특별시,11,강북구,11305,3,12,17,8,29,5,7,0,45,18,10
20230306,서울특별시,11,관악구,11620,서울특별시,11,성북구,11290,0,40,66,8,43,0,19,3,57,37,14
20230306,서울특별시,11,관악구,11620,서울특별시,11,중랑구,11260,0,33,20,5,19,0,12,3,60,27,10
20230306,서울특별시,11,용산구,11170,서울특별시,11,강동구,11740,9,78,10,350,41,7,42,14,81,21,22
20230306,서울특별시,11,관악구,11620,서울특별시,11,동대문구,11230,0,21,100,16,33,6,7,3,51,25,10
20230306,서울특별시,11,관악구,11620,서울특별시,11,광진구,11215,8,19,39,3,37,5,15,0,48,26,13
20230306,서울특별시,11,관악구,11620,서울특별시,11,성동구,11200,7,40,87,13,33,0,27,0,122,56,11
20230306,서울특별시,11,관악구,11620,서울특별시,11,용산구,11170,0,11,23,15,25,0,13,0,31,15,6
20230306,서울특별시,11,관악구,11620,서울특별시,11,중구,11140,8,21,24,9,23,0,12,0,40,12,8
20230306,서울특별시,11,중랑구,11260,서울특별시,11,강동구,11740,19,78,32,23,84,27,55,14,156,59,53
20230306,서울특별시,11,중랑구,11260,서울특별시,11,송파구,11710,30,127,77,43,110,48,97,23,239,92,88
20230306,서울특별시,11,중랑구,11260,서울특별시,11,강남구,11680,30,106,99,53,116,41,88,20,243,104,113
20230306,서울특별시,11,중랑구,11260,서울특별시,11,서초구,11650,25,98,58,33,86,24,76,14,130,61,82
20230306,서울특별시,11,중랑구,11260,서울특별시,11,관악구,11620,23,79,20,27,98,22,65,15,229,98,69
20230306,서울특별시,11,중랑구,11260,서울특별시,11,동작구,11590,17,56,24,20,77,18,50,11,181,72,49
20230306,서울특별시,11,중랑구,11260,서울특별시,11,영등포구,11560,17,62,39,28,80,23,62,10,139,66,52
20230306,서울특별시,11,중랑구,11260,서울특별시,11,금천구,11545,11,36,12,14,41,13,35,8,100,32,20
20230306,서울특별시,11,중랑구,11260,서울특별시,11,구로구,11530,12,51,20,24,53,13,37,15,138,68,38
20230306,서울특별시,11,중랑구,11260,서울특별시,11,강서구,11500,22,104,38,32,132,23,75,26,228,107,73
20230306,서울특별시,11,중랑구,11260,서울특별시,11,양천구,11470,23,70,37,17,73,37,54,11,146,76,49
20230306,서울특별시,11,중랑구,11260,서울특별시,11,마포구,11440,24,72,33,38,86,19,84,15,155,77,46
20230306,서울특별시,11,중랑구,11260,서울특별시,11,서대문구,11410,17,66,23,21,52,17,51,13,136,60,50
20230306,서울특별시,11,중랑구,11260,서울특별시,11,은평구,11380,17,59,20,23,76,25,82,11,120,72,52
20230306,서울특별시,11,중랑구,11260,서울특별시,11,노원구,11350,17,78,33,26,73,22,91,17,191,69,52
20230306,서울특별시,11,중랑구,11260,서울특별시,11,도봉구,11320,10,41,11,13,49,12,44,3,102,50,20
20230306,서울특별시,11,중랑구,11260,서울특별시,11,강북구,11305,11,41,19,18,43,12,57,7,86,41,33
20230306,서울특별시,11,중랑구,11260,서울특별시,11,성북구,11290,12,91,24,24,60,24,62,16,184,82,37
20230306,서울특별시,11,중랑구,11260,서울특별시,11,중랑구,11260,9,72,21,22,44,18,89,10,139,76,49
20230306,서울특별시,11,중랑구,11260,서울특별시,11,동대문구,11230,17,63,27,24,60,18,56,8,178,61,31
20230306,서울특별시,11,중랑구,11260,서울특별시,11,광진구,11215,20,64,21,25,72,19,52,11,129,52,53
20230306,서울특별시,11,중랑구,11260,서울특별시,11,성동구,11200,16,65,45,32,77,19,46,15,162,67,45
20230306,서울특별시,11,중랑구,11260,서울특별시,11,용산구,11170,11,47,18,23,32,10,45,8,65,39,35
20230306,서울특별시,11,중랑구,11260,서울특별시,11,중구,11140,9,37,19,14,33,7,21,6,79,37,18
20230306,서울특별시,11,중랑구,11260,서울특별시,11,종로구,11110,15,19,20,8,39,9,34,6,73,32,20
20230306,서울특별시,11,동대문구,11230,서울특별시,11,마포구,11440,28,59,17,39,95,6,114,8,172,65,58
20230306,서울특별시,11,동대문구,11230,서울특별시,11,서대문구,11410,19,50,4,18,60,7,92,9,147,44,37
20230306,서울특별시,11,강북구,11305,서울특별시,11,종로구,11110,5,13,4,6,12,0,7,0,46,7,6
20230306,서울특별시,11,강북구,11305,서울특별시,11,중구,11140,0,8,5,9,8,9,6,0,35,6,10
20230306,서울특별시,11,강북구,11305,서울특별시,11,용산구,11170,4,16,5,10,15,0,11,0,36,6,14
20230306,서울특별시,11,강북구,11305,서울특별시,11,성동구,11200,0,42,19,12,11,0,7,4,97,37,8
20230306,서울특별시,11,강북구,11305,서울특별시,11,광진구,11215,4,22,4,10,21,3,9,4,89,15,11
20230306,서울특별시,11,강북구,11305,서울특별시,11,동대문구,11230,0,22,8,7,19,5,8,0,114,15,7
20230306,서울특별시,11,강북구,11305,서울특별시,11,중랑구,11260,3,24,5,14,25,0,17,7,73,13,13
20230306,서울특별시,11,강북구,11305,서울특별시,11,성북구,11290,0,23,14,12,25,3,17,6,131,25,10
20230306,서울특별시,11,강북구,11305,서울특별시,11,강북구,11305,0,18,12,6,14,0,32,4,75,9,8
20230306,서울특별시,11,강북구,11305,서울특별시,11,도봉구,11320,5,17,7,9,19,0,7,4,64,10,6
20230306,서울특별시,11,강북구,11305,서울특별시,11,노원구,11350,6,33,16,14,28,0,17,7,142,8,10
20230306,서울특별시,11,강북구,11305,서울특별시,11,은평구,11380,5,21,10,9,11,3,11,6,103,18,17
20230306,서울특별시,11,강북구,11305,서울특별시,11,서대문구,11410,0,25,7,12,15,3,15,3,82,10,11
20230306,서울특별시,11,강북구,11305,서울특별시,11,마포구,11440,3,25,15,15,23,4,17,6,94,25,10
20230306,서울특별시,11,강북구,11305,서울특별시,11,양천구,11470,5,23,8,8,21,0,11,10,92,11,17
20230306,서울특별시,11,강북구,11305,서울특별시,11,강서구,11500,7,30,16,23,37,7,20,7,148,20,15
20230306,서울특별시,11,강북구,11305,서울특별시,11,구로구,11530,4,26,7,9,23,0,12,10,96,11,5
20230306,서울특별시,11,강북구,11305,서울특별시,11,금천구,11545,0,24,8,9,10,0,5,3,74,12,4
20230306,서울특별시,11,강북구,11305,서울특별시,11,영등포구,11560,0,22,4,17,28,3,7,5,107,14,15
20230306,서울특별시,11,강북구,11305,서울특별시,11,동작구,11590,0,18,10,10,11,0,14,11,107,16,12
20230306,서울특별시,11,강북구,11305,서울특별시,11,관악구,11620,6,22,12,15,23,0,23,0,142,20,12
20230306,서울특별시,11,강북구,11305,서울특별시,11,서초구,11650,6,15,13,13,26,4,12,5,102,15,13
20230306,서울특별시,11,강북구,11305,서울특별시,11,강남구,11680,10,42,26,23,47,5,21,7,138,27,26
20230306,서울특별시,11,강북구,11305,서울특별시,11,송파구,11710,5,30,14,19,32,9,24,16,160,35,17
20230306,서울특별시,11,강북구,11305,서울특별시,11,강동구,11740,3,22,9,12,14,0,10,11,117,16,13
20230306,서울특별시,11,동대문구,11230,서울특별시,11,은평구,11380,13,55,11,28,84,7,161,12,173,48,48
20230306,서울특별시,11,동대문구,11230,서울특별시,11,노원구,11350,9,53,16,24,98,9,163,23,188,54,34
20230306,서울특별시,11,동대문구,11230,서울특별시,11,도봉구,11320,6,38,7,11,64,4,76,8,113,34,31
20230306,서울특별시,11,동대문구,11230,서울특별시,11,강북구,11305,12,33,6,15,51,0,77,6,104,26,37
20230306,서울특별시,11,동대문구,11230,서울특별시,11,성북구,11290,23,58,29,18,96,3,117,11,237,62,48
20230306,서울특별시,11,동대문구,11230,서울특별시,11,중랑구,11260,13,54,22,14,65,7,125,11,151,32,29
20230306,서울특별시,11,동대문구,11230,서울특별시,11,동대문구,11230,21,41,28,19,92,7,133,8,178,54,48
20230306,서울특별시,11,동대문구,11230,서울특별시,11,광진구,11215,15,41,26,12,80,9,108,11,189,46,38
20230306,서울특별시,11,동대문구,11230,서울특별시,11,성동구,11200,13,73,32,27,66,13,71,9,213,114,30
20230306,서울특별시,11,동대문구,11230,서울특별시,11,용산구,11170,9,40,4,14,57,0,74,7,85,22,34
20230306,서울특별시,11,동대문구,11230,서울특별시,11,중구,11140,6,49,10,15,37,5,55,0,112,24,13
20230306,서울특별시,11,동대문구,11230,서울특별시,11,종로구,11110,6,43,9,11,57,0,51,0,84,18,15
20230306,서울특별시,11,금천구,11545,서울특별시,11,서초구,11650,27,107,34,100,138,59,98,30,199,136,281
20230306,서울특별시,11,금천구,11545,서울특별시,11,관악구,11620,32,74,14,132,124,34,95,14,263,129,300
20230306,서울특별시,11,금천구,11545,서울특별시,11,동작구,11590,28,42,16,84,84,45,63,19,177,90,202
20230306,서울특별시,11,금천구,11545,서울특별시,11,영등포구,11560,27,76,30,93,104,79,97,20,223,110,295
20230306,서울특별시,11,금천구,11545,서울특별시,11,금천구,11545,18,99,91,62,85,28,67,10,131,72,116
20230306,서울특별시,11,금천구,11545,서울특별시,11,구로구,11530,26,55,36,88,119,42,48,21,181,127,288
20230306,서울특별시,11,금천구,11545,서울특별시,11,강서구,11500,39,114,23,140,140,55,107,30,289,178,360
20230306,서울특별시,11,금천구,11545,서울특별시,11,양천구,11470,27,59,13,72,112,56,67,21,213,115,245
20230306,서울특별시,11,금천구,11545,서울특별시,11,마포구,11440,42,86,25,111,130,44,77,24,208,159,268
20230306,서울특별시,11,금천구,11545,서울특별시,11,서대문구,11410,28,51,17,77,89,26,71,20,165,73,185
20230306,서울특별시,11,금천구,11545,서울특별시,11,은평구,11380,28,46,20,78,113,41,63,17,168,83,257
20230306,서울특별시,11,금천구,11545,서울특별시,11,노원구,11350,31,50,18,86,128,47,84,25,216,108,274
20230306,서울특별시,11,금천구,11545,서울특별시,11,도봉구,11320,17,29,9,57,71,11,31,6,123,63,174
20230306,서울특별시,11,금천구,11545,서울특별시,11,강북구,11305,15,36,8,55,72,7,51,7,114,64,153
20230306,서울특별시,11,금천구,11545,서울특별시,11,성북구,11290,32,56,23,97,97,33,85,16,218,127,274
20230306,서울특별시,11,금천구,11545,서울특별시,11,중랑구,11260,17,49,12,58,80,22,58,12,151,79,203
20230306,서울특별시,11,금천구,11545,서울특별시,11,동대문구,11230,29,50,25,58,88,29,66,18,171,140,237
20230306,서울특별시,11,금천구,11545,서울특별시,11,광진구,11215,23,52,13,78,83,21,65,10,207,68,236
20230306,서울특별시,11,금천구,11545,서울특별시,11,성동구,11200,28,131,34,78,84,41,68,21,173,87,197
20230306,서울특별시,11,금천구,11545,서울특별시,11,용산구,11170,18,55,13,67,75,28,48,6,97,51,143
20230306,서울특별시,11,금천구,11545,서울특별시,11,중구,11140,24,44,26,60,51,36,56,10,80,66,115
20230306,서울특별시,11,금천구,11545,서울특별시,11,종로구,11110,15,33,33,44,43,14,42,3,63,45,100
20230306,서울특별시,11,관악구,11620,서울특별시,11,종로구,11110,3,13,62,10,12,3,9,0,39,17,4
20230306,서울특별시,11,강남구,11680,서울특별시,11,노원구,11350,15,116,40,33,127,24,159,12,370,102,154
20230306,서울특별시,11,강남구,11680,서울특별시,11,도봉구,11320,8,76,20,22,70,9,87,8,225,50,89
20230306,서울특별시,11,강남구,11680,서울특별시,11,강북구,11305,6,73,21,15,69,10,80,5,231,65,93
20230306,서울특별시,11,강남구,11680,서울특별시,11,성북구,11290,27,155,46,44,110,15,147,17,422,97,178
20230306,서울특별시,11,강남구,11680,서울특별시,11,중랑구,11260,20,95,32,27,79,15,112,5,289,84,120
20230306,서울특별시,11,강남구,11680,서울특별시,11,동대문구,11230,15,104,18,37,91,13,132,9,381,93,113
20230306,서울특별시,11,강남구,11680,서울특별시,11,광진구,11215,21,128,35,42,106,24,117,6,358,101,137
20230306,서울특별시,11,강남구,11680,서울특별시,11,성동구,11200,22,170,77,42,117,30,150,14,454,151,109
20230306,서울특별시,11,강남구,11680,서울특별시,11,용산구,11170,9,123,42,58,86,8,104,5,243,67,98
20230306,서울특별시,11,강남구,11680,서울특별시,11,중구,11140,17,112,46,35,71,11,85,10,209,68,105
20230306,서울특별시,11,강남구,11680,서울특별시,11,종로구,11110,9,110,26,34,66,12,87,21,144,42,60
20230306,서울특별시,11,강남구,11680,서울특별시,11,은평구,11380,21,108,43,45,108,24,119,9,340,104,126
20230306,서울특별시,11,강남구,11680,서울특별시,11,서대문구,11410,21,113,29,48,94,21,99,8,324,73,111
20230306,서울특별시,11,강남구,11680,서울특별시,11,마포구,11440,36,179,72,53,137,39,151,7,367,111,156
20230306,서울특별시,11,강남구,11680,서울특별시,11,양천구,11470,18,96,53,30,118,13,115,5,322,90,137
20230306,서울특별시,11,강남구,11680,서울특별시,11,강서구,11500,26,181,64,68,179,50,229,17,498,151,229
20230306,서울특별시,11,강남구,11680,서울특별시,11,구로구,11530,23,103,28,37,98,13,120,18,267,80,134
20230306,서울특별시,11,강남구,11680,서울특별시,11,금천구,11545,10,92,28,40,68,7,58,12,240,74,81
20230306,서울특별시,11,강남구,11680,서울특별시,11,영등포구,11560,25,151,43,61,154,35,156,16,355,112,170
20230306,서울특별시,11,강남구,11680,서울특별시,11,동작구,11590,25,109,40,36,112,22,117,16,347,97,137
20230306,서울특별시,11,양천구,11470,서울특별시,11,종로구,11110,0,19,10,24,38,5,14,0,23,23,11
20230306,서울특별시,11,양천구,11470,서울특별시,11,중구,11140,0,20,12,25,26,18,10,0,51,79,7
20230306,서울특별시,11,양천구,11470,서울특별시,11,용산구,11170,0,19,20,53,39,4,28,0,24,42,16
20230306,서울특별시,11,양천구,11470,서울특별시,11,성동구,11200,0,26,36,40,52,13,19,3,107,88,24
20230306,서울특별시,11,양천구,11470,서울특별시,11,광진구,11215,4,17,17,59,63,5,20,0,54,51,14
20230306,서울특별시,11,양천구,11470,서울특별시,11,동대문구,11230,6,21,8,37,54,11,27,0,49,54,15
20230306,서울특별시,11,양천구,11470,서울특별시,11,중랑구,11260,4,22,17,30,50,4,27,8,58,31,19
20230306,서울특별시,11,양천구,11470,서울특별시,11,성북구,11290,6,37,18,52,74,19,37,3,75,51,24
20230306,서울특별시,11,양천구,11470,서울특별시,11,강북구,11305,0,14,7,20,30,4,15,0,36,21,17
20230306,서울특별시,11,양천구,11470,서울특별시,11,도봉구,11320,4,24,6,26,36,0,17,0,27,18,20
20230306,서울특별시,11,양천구,11470,서울특별시,11,노원구,11350,4,28,21,72,73,5,33,0,72,28,30
20230306,서울특별시,11,양천구,11470,서울특별시,11,은평구,11380,4,26,31,42,53,7,27,6,52,35,27
20230306,서울특별시,11,양천구,11470,서울특별시,11,서대문구,11410,3,19,11,46,53,4,16,0,46,26,23
20230306,서울특별시,11,양천구,11470,서울특별시,11,마포구,11440,6,35,20,59,83,7,37,0,59,47,17
20230306,서울특별시,11,양천구,11470,서울특별시,11,양천구,11470,0,40,27,45,65,5,75,3,58,22,27
20230306,서울특별시,11,양천구,11470,서울특별시,11,강서구,11500,4,30,40,62,108,8,60,6,98,50,35
20230306,서울특별시,11,양천구,11470,서울특별시,11,구로구,11530,0,27,17,43,79,8,42,7,66,30,21
20230306,서울특별시,11,양천구,11470,서울특별시,11,금천구,11545,3,14,13,25,44,5,23,4,55,44,12
20230306,서울특별시,11,양천구,11470,서울특별시,11,영등포구,11560,0,28,19,52,69,18,37,0,53,34,26
20230306,서울특별시,11,양천구,11470,서울특별시,11,동작구,11590,3,18,14,48,67,6,23,5,48,37,16
20230306,서울특별시,11,양천구,11470,서울특별시,11,관악구,11620,4,27,16,56,111,12,36,0,68,30,18
20230306,서울특별시,11,양천구,11470,서울특별시,11,서초구,11650,4,28,28,58,71,8,38,4,65,38,20
20230306,서울특별시,11,양천구,11470,서울특별시,11,강남구,11680,9,44,34,84,126,18,51,6,78,40,26
20230306,서울특별시,11,양천구,11470,서울특별시,11,송파구,11710,6,50,31,78,117,14,52,10,80,58,33
20230306,서울특별시,11,양천구,11470,서울특별시,11,강동구,11740,0,21,14,32,67,8,25,0,59,34,21
20230306,서울특별시,11,강남구,11680,서울특별시,11,관악구,11620,22,155,42,62,140,30,153,13,500,119,183
20230306,서울특별시,11,강남구,11680,서울특별시,11,서초구,11650,20,211,113,92,234,32,220,13,465,99,522
20230306,서울특별시,11,강남구,11680,서울특별시,11,강남구,11680,63,443,186,147,360,64,408,32,804,239,758
20230306,서울특별시,11,강남구,11680,서울특별시,11,송파구,11710,34,291,94,93,292,57,295,21,627,177,764
20230306,서울특별시,11,강남구,11680,서울특별시,11,강동구,11740,23,157,45,39,103,30,131,12,345,106,163
20230306,서울특별시,11,강서구,11500,서울특별시,11,강동구,11740,29,67,53,96,134,17,212,29,213,90,116
20230306,서울특별시,11,강서구,11500,서울특별시,11,송파구,11710,46,146,104,171,258,46,331,43,311,157,228
20230306,서울특별시,11,강서구,11500,서울특별시,11,강남구,11680,62,170,104,166,247,43,392,36,316,151,239
20230306,서울특별시,11,강서구,11500,서울특별시,11,서초구,11650,53,97,84,118,204,34,298,33,217,105,162
20230306,서울특별시,11,강서구,11500,서울특별시,11,관악구,11620,44,103,79,115,165,28,212,14,306,98,126
20230306,서울특별시,11,강서구,11500,서울특별시,11,동작구,11590,26,66,57,77,126,26,182,18,207,156,127
20230306,서울특별시,11,강서구,11500,서울특별시,11,영등포구,11560,35,103,59,131,164,32,176,31,213,96,124
20230306,서울특별시,11,강서구,11500,서울특별시,11,금천구,11545,17,61,34,62,89,16,114,13,172,47,68
20230306,서울특별시,11,강서구,11500,서울특별시,11,구로구,11530,32,92,44,102,124,24,152,24,205,81,99
20230306,서울특별시,11,강서구,11500,서울특별시,11,강서구,11500,49,118,103,144,471,52,298,21,333,127,178
20230306,서울특별시,11,강서구,11500,서울특별시,11,양천구,11470,28,82,55,82,164,23,178,14,244,82,101
20230306,서울특별시,11,강서구,11500,서울특별시,11,마포구,11440,35,106,78,108,160,33,200,42,228,117,121
20230306,서울특별시,11,강서구,11500,서울특별시,11,서대문구,11410,29,65,44,98,96,19,161,23,213,72,106
20230306,서울특별시,11,강서구,11500,서울특별시,11,은평구,11380,31,74,64,91,124,21,198,17,184,101,123
20230306,서울특별시,11,강서구,11500,서울특별시,11,노원구,11350,30,93,54,87,130,36,213,24,238,84,106
20230306,서울특별시,11,강서구,11500,서울특별시,11,도봉구,11320,27,39,22,55,72,13,133,20,125,71,65
20230306,서울특별시,11,강서구,11500,서울특별시,11,강북구,11305,19,41,35,55,68,20,118,13,153,66,74
20230306,서울특별시,11,강서구,11500,서울특별시,11,성북구,11290,32,92,60,114,130,26,222,31,252,93,124
20230306,서울특별시,11,강서구,11500,서울특별시,11,중랑구,11260,35,63,44,74,106,15,130,24,195,58,102
20230306,서울특별시,11,강서구,11500,서울특별시,11,동대문구,11230,33,71,55,87,117,22,139,23,224,91,97
20230306,서울특별시,11,강서구,11500,서울특별시,11,광진구,11215,29,93,41,105,111,28,165,23,209,112,127
20230306,서울특별시,11,강서구,11500,서울특별시,11,성동구,11200,34,95,77,68,111,26,170,39,242,119,96
20230306,서울특별시,11,강서구,11500,서울특별시,11,용산구,11170,27,47,48,66,111,25,149,12,115,67,76
20230306,서울특별시,11,강서구,11500,서울특별시,11,중구,11140,16,63,43,63,65,11,101,14,144,73,55
20230306,서울특별시,11,강서구,11500,서울특별시,11,종로구,11110,24,34,37,41,78,10,94,12,157,30,57
20230307,서울특별시,11,광진구,11215,서울특별시,11,강동구,11740,8,23,12,20,52,5,17,4,104,61,14
20230307,서울특별시,11,동작구,11590,서울특별시,11,중랑구,11260,9,11,12,8,26,5,19,14,40,3,5
20230307,서울특별시,11,강북구,11305,서울특별시,11,강동구,11740,0,8,9,6,19,0,0,5,55,12,9
20230307,서울특별시,11,은평구,11380,서울특별시,11,종로구,11110,0,5,6,0,24,5,33,0,12,7,7
20230307,서울특별시,11,영등포구,11560,서울특별시,11,중구,11140,5,103,11,13,27,4,40,0,50,26,31
20230307,서울특별시,11,영등포구,11560,서울특별시,11,종로구,11110,0,85,10,12,26,0,53,0,34,17,13
20230307,서울특별시,11,종로구,11110,서울특별시,11,종로구,11110,4,41,37,4,28,0,40,0,63,21,9
20230307,서울특별시,11,종로구,11110,서울특별시,11,중구,11140,7,38,26,3,18,3,12,0,73,35,8
20230307,서울특별시,11,종로구,11110,서울특별시,11,용산구,11170,7,23,26,19,21,3,16,4,99,32,5
20230307,서울특별시,11,종로구,11110,서울특별시,11,성동구,11200,5,53,42,5,43,4,28,4,138,53,7
20230307,서울특별시,11,용산구,11170,서울특별시,11,은평구,11380,3,39,13,171,27,0,18,0,60,13,12
20230307,서울특별시,11,종로구,11110,서울특별시,11,광진구,11215,3,38,29,12,29,0,14,3,98,37,11
20230307,서울특별시,11,은평구,11380,서울특별시,11,중구,11140,3,8,8,3,22,10,21,0,28,9,9
20230307,서울특별시,11,은평구,11380,서울특별시,11,용산구,11170,0,6,5,13,36,8,33,0,14,6,21
20230307,서울특별시,11,강북구,11305,서울특별시,11,노원구,11350,0,16,12,4,14,0,11,8,67,16,9
20230307,서울특별시,11,강북구,11305,서울특별시,11,은평구,11380,0,20,7,4,5,3,9,6,73,15,3
20230307,서울특별시,11,강북구,11305,서울특별시,11,서대문구,11410,0,14,5,4,4,0,6,0,46,6,9
20230307,서울특별시,11,강북구,11305,서울특별시,11,마포구,11440,0,18,6,9,17,0,9,4,66,23,0
20230307,서울특별시,11,강북구,11305,서울특별시,11,양천구,11470,0,18,6,4,10,0,6,0,67,10,7
20230307,서울특별시,11,구로구,11530,서울특별시,11,종로구,11110,9,25,11,39,31,0,18,0,30,12,9
20230307,서울특별시,11,구로구,11530,서울특별시,11,중구,11140,11,45,10,32,42,5,11,3,55,17,11
20230307,서울특별시,11,구로구,11530,서울특별시,11,용산구,11170,11,44,6,37,44,3,7,3,51,11,12
20230307,서울특별시,11,강동구,11740,서울특별시,11,종로구,11110,13,25,5,7,36,3,35,0,20,9,8
20230307,서울특별시,11,강동구,11740,서울특별시,11,중구,11140,13,31,6,6,24,0,17,0,24,18,4
20230307,서울특별시,11,구로구,11530,서울특별시,11,광진구,11215,20,60,20,65,48,5,12,5,81,19,16
20230307,서울특별시,11,구로구,11530,서울특별시,11,동대문구,11230,20,56,19,78,65,5,14,3,95,30,24
20230307,서울특별시,11,구로구,11530,서울특별시,11,중랑구,11260,15,42,10,32,47,7,11,4,85,40,18
20230307,서울특별시,11,강동구,11740,서울특별시,11,성동구,11200,23,45,13,8,49,6,42,5,71,43,11
20230307,서울특별시,11,중구,11140,서울특별시,11,종로구,11110,7,82,14,8,74,10,16,6,85,32,7
20230307,서울특별시,11,중구,11140,서울특별시,11,중구,11140,15,86,15,6,79,10,52,0,168,38,9
20230307,서울특별시,11,중구,11140,서울특별시,11,용산구,11170,14,63,24,8,71,4,27,4,170,29,12
20230307,서울특별시,11,중구,11140,서울특별시,11,성동구,11200,11,111,16,11,67,5,25,4,286,106,17
20230307,서울특별시,11,중구,11140,서울특별시,11,광진구,11215,5,59,12,11,51,0,20,4,213,59,9
20230307,서울특별시,11,중구,11140,서울특별시,11,동대문구,11230,5,61,7,11,48,6,24,10,213,54,5
20230307,서울특별시,11,중구,11140,서울특별시,11,중랑구,11260,6,35,7,3,52,0,19,3,166,46,8
20230307,서울특별시,11,중구,11140,서울특별시,11,성북구,11290,10,59,5,8,48,11,27,6,245,76,11
20230307,서울특별시,11,중구,11140,서울특별시,11,강북구,11305,4,26,9,0,28,4,15,4,133,39,5
20230307,서울특별시,11,중구,11140,서울특별시,11,도봉구,11320,4,33,4,4,20,3,20,0,111,31,8
20230307,서울특별시,11,중구,11140,서울특별시,11,노원구,11350,7,48,9,9,73,10,28,6,203,54,8
20230307,서울특별시,11,중구,11140,서울특별시,11,은평구,11380,11,52,9,6,42,0,24,0,224,55,17
20230307,서울특별시,11,중구,11140,서울특별시,11,서대문구,11410,15,69,5,12,64,5,29,4,196,35,10
20230307,서울특별시,11,중구,11140,서울특별시,11,마포구,11440,19,101,16,22,103,7,41,11,306,78,20
20230307,서울특별시,11,중구,11140,서울특별시,11,양천구,11470,12,46,15,6,46,5,22,4,192,56,11
20230307,서울특별시,11,중구,11140,서울특별시,11,강서구,11500,5,90,13,15,103,12,53,8,269,81,17
20230307,서울특별시,11,중구,11140,서울특별시,11,구로구,11530,4,50,6,7,53,4,15,5,188,42,7
20230307,서울특별시,11,중구,11140,서울특별시,11,금천구,11545,4,40,0,4,63,3,16,3,168,37,3
20230307,서울특별시,11,중구,11140,서울특별시,11,영등포구,11560,9,69,9,20,97,7,28,7,212,62,8
20230307,서울특별시,11,강북구,11305,서울특별시,11,용산구,11170,0,6,6,8,6,0,5,0,37,4,6
20230307,서울특별시,11,관악구,11620,서울특별시,11,강서구,11500,4,23,29,15,32,0,27,4,60,19,27
20230307,서울특별시,11,관악구,11620,서울특별시,11,구로구,11530,4,47,23,10,21,0,10,0,34,14,13
20230307,서울특별시,11,관악구,11620,서울특별시,11,금천구,11545,5,12,7,12,37,0,20,0,59,26,198
20230307,서울특별시,11,관악구,11620,서울특별시,11,영등포구,11560,5,26,38,13,34,0,19,0,42,17,4
20230307,서울특별시,11,관악구,11620,서울특별시,11,동작구,11590,4,29,44,12,38,0,33,0,43,15,337
20230307,서울특별시,11,관악구,11620,서울특별시,11,관악구,11620,0,58,45,15,71,4,87,4,58,20,400
20230307,서울특별시,11,관악구,11620,서울특별시,11,서초구,11650,5,28,35,11,23,0,25,0,51,26,13
20230307,서울특별시,11,관악구,11620,서울특별시,11,강남구,11680,9,64,44,16,47,0,28,4,49,42,20
20230307,서울특별시,11,관악구,11620,서울특별시,11,송파구,11710,0,27,35,23,44,0,22,0,48,35,17
20230307,서울특별시,11,강남구,11680,서울특별시,11,종로구,11110,12,63,30,12,58,7,55,5,163,45,27
20230307,서울특별시,11,강남구,11680,서울특별시,11,중구,11140,15,114,40,24,63,7,57,8,177,46,60
20230307,서울특별시,11,강남구,11680,서울특별시,11,용산구,11170,16,71,32,62,56,10,70,11,211,72,53
20230307,서울특별시,11,강남구,11680,서울특별시,11,성동구,11200,12,115,57,26,85,13,92,26,364,122,59
20230307,서울특별시,11,강남구,11680,서울특별시,11,광진구,11215,9,81,34,30,64,13,69,19,345,93,55
20230307,서울특별시,11,강남구,11680,서울특별시,11,동대문구,11230,7,70,23,36,50,12,72,16,370,81,61
20230307,서울특별시,11,강남구,11680,서울특별시,11,중랑구,11260,9,71,20,27,62,5,63,8,289,71,48
20230307,서울특별시,11,강남구,11680,서울특별시,11,성북구,11290,13,107,38,32,72,11,75,15,420,88,62
20230307,서울특별시,11,강남구,11680,서울특별시,11,강북구,11305,3,47,13,20,46,11,46,8,244,62,28
20230307,서울특별시,11,강남구,11680,서울특별시,11,도봉구,11320,6,43,21,11,36,8,53,4,221,50,41
20230307,서울특별시,11,강남구,11680,서울특별시,11,노원구,11350,14,82,34,29,80,9,80,11,348,76,76
20230307,서울특별시,11,강남구,11680,서울특별시,11,은평구,11380,16,87,37,29,78,10,64,7,313,71,60
20230307,서울특별시,11,강남구,11680,서울특별시,11,서대문구,11410,15,62,34,30,60,10,57,12,297,75,40
20230307,서울특별시,11,강남구,11680,서울특별시,11,마포구,11440,27,118,56,41,105,15,95,6,335,103,76
20230307,서울특별시,11,강남구,11680,서울특별시,11,양천구,11470,20,73,47,28,70,11,76,12,295,80,57
20230307,서울특별시,11,강남구,11680,서울특별시,11,강서구,11500,17,141,49,42,97,18,145,21,453,118,77
20230307,서울특별시,11,강남구,11680,서울특별시,11,구로구,11530,15,84,33,35,53,19,79,12,285,60,54
20230307,서울특별시,11,강남구,11680,서울특별시,11,금천구,11545,7,75,21,39,55,10,48,7,249,84,40
20230307,서울특별시,11,강남구,11680,서울특별시,11,영등포구,11560,27,110,47,48,109,9,103,8,271,84,83
20230307,서울특별시,11,강남구,11680,서울특별시,11,동작구,11590,15,80,38,38,50,17,89,9,302,78,61
20230307,서울특별시,11,강남구,11680,서울특별시,11,관악구,11620,16,96,33,43,69,16,104,14,451,97,77
20230307,서울특별시,11,강남구,11680,서울특별시,11,서초구,11650,27,196,86,49,162,17,163,31,380,133,397
20230307,서울특별시,11,강남구,11680,서울특별시,11,강남구,11680,29,363,127,109,275,61,353,39,630,193,607
20230307,서울특별시,11,강남구,11680,서울특별시,11,송파구,11710,46,191,79,70,183,33,215,44,547,143,641
20230307,서울특별시,11,강남구,11680,서울특별시,11,강동구,11740,18,102,33,25,88,16,79,12,313,112,69
20230307,서울특별시,11,관악구,11620,서울특별시,11,강동구,11740,0,12,25,8,23,0,13,5,23,16,10
20230307,서울특별시,11,중구,11140,서울특별시,11,동작구,11590,6,54,7,4,40,0,29,6,196,60,9
20230307,서울특별시,11,중구,11140,서울특별시,11,관악구,11620,12,68,15,9,64,22,23,5,307,77,17
20230307,서울특별시,11,중구,11140,서울특별시,11,서초구,11650,11,70,14,21,149,7,44,5,254,43,12
20230307,서울특별시,11,중구,11140,서울특별시,11,강남구,11680,16,168,41,21,259,7,73,5,396,88,34
20230307,서울특별시,11,중구,11140,서울특별시,11,송파구,11710,11,83,23,10,110,13,42,7,341,105,19
20230307,서울특별시,11,중구,11140,서울특별시,11,강동구,11740,5,59,8,4,62,4,27,7,187,56,9
20230307,서울특별시,11,노원구,11350,서울특별시,11,성동구,11200,5,26,20,15,34,0,18,11,64,32,6
20230307,서울특별시,11,노원구,11350,서울특별시,11,용산구,11170,0,13,4,14,21,5,28,11,33,10,13
20230307,서울특별시,11,노원구,11350,서울특별시,11,중구,11140,4,21,5,8,16,0,25,5,35,7,16
20230307,서울특별시,11,노원구,11350,서울특별시,11,종로구,11110,4,7,6,12,23,0,18,6,12,5,6
20230307,서울특별시,11,강동구,11740,서울특별시,11,광진구,11215,29,28,10,16,41,3,40,0,25,16,9
20230307,서울특별시,11,강동구,11740,서울특별시,11,동대문구,11230,20,34,6,15,47,6,60,0,21,18,14
20230307,서울특별시,11,강동구,11740,서울특별시,11,중랑구,11260,9,19,7,13,28,6,46,9,29,20,7
20230307,서울특별시,11,강동구,11740,서울특별시,11,성북구,11290,32,36,8,9,45,6,71,3,37,35,10
20230307,서울특별시,11,강동구,11740,서울특별시,11,강북구,11305,12,10,8,9,33,0,32,0,19,14,6
20230307,서울특별시,11,종로구,11110,서울특별시,11,동대문구,11230,5,35,58,8,29,5,17,4,125,33,9
20230307,서울특별시,11,종로구,11110,서울특별시,11,중랑구,11260,8,27,20,10,20,3,18,8,94,41,5
20230307,서울특별시,11,종로구,11110,서울특별시,11,성북구,11290,7,57,51,13,28,4,23,7,130,48,9
20230307,서울특별시,11,종로구,11110,서울특별시,11,강북구,11305,3,25,17,7,16,4,10,0,77,23,4
20230307,서울특별시,11,종로구,11110,서울특별시,11,도봉구,11320,0,26,18,6,18,0,12,3,68,36,4
20230307,서울특별시,11,용산구,11170,서울특별시,11,종로구,11110,3,19,8,158,20,0,13,0,49,4,7
20230307,서울특별시,11,용산구,11170,서울특별시,11,중구,11140,4,35,20,165,25,4,12,0,45,20,6
20230307,서울특별시,11,용산구,11170,서울특별시,11,용산구,11170,8,79,13,273,23,0,43,6,67,12,14
20230307,서울특별시,11,용산구,11170,서울특별시,11,성동구,11200,6,84,19,212,32,0,11,0,80,42,6
20230307,서울특별시,11,종로구,11110,서울특별시,11,노원구,11350,11,51,39,12,28,0,20,12,108,39,7
20230307,서울특별시,11,종로구,11110,서울특별시,11,은평구,11380,6,37,28,15,30,8,22,4,97,32,7
20230307,서울특별시,11,종로구,11110,서울특별시,11,서대문구,11410,12,25,39,12,24,3,18,3,91,39,10
20230307,서울특별시,11,종로구,11110,서울특별시,11,마포구,11440,7,43,57,15,39,5,19,10,160,64,12
20230307,서울특별시,11,은평구,11380,서울특별시,11,서대문구,11410,0,11,9,3,30,7,34,0,15,12,29
20230307,서울특별시,11,은평구,11380,서울특별시,11,마포구,11440,0,13,17,6,39,14,50,5,28,14,29
20230307,서울특별시,11,은평구,11380,서울특별시,11,양천구,11470,0,8,3,0,51,12,46,0,17,12,26
20230307,서울특별시,11,은평구,11380,서울특별시,11,강서구,11500,4,17,13,8,67,15,58,0,23,15,32
20230307,서울특별시,11,은평구,11380,서울특별시,11,구로구,11530,0,8,10,3,66,11,37,0,30,11,24
20230307,서울특별시,11,은평구,11380,서울특별시,11,금천구,11545,3,9,8,0,33,8,32,0,35,21,20
20230307,서울특별시,11,은평구,11380,서울특별시,11,영등포구,11560,0,10,10,9,51,16,56,0,25,12,38
20230307,서울특별시,11,은평구,11380,서울특별시,11,동작구,11590,0,5,4,0,37,9,35,0,15,14,38
20230307,서울특별시,11,은평구,11380,서울특별시,11,관악구,11620,0,3,5,6,40,13,46,0,23,16,31
20230307,서울특별시,11,은평구,11380,서울특별시,11,서초구,11650,3,11,8,11,57,14,51,0,20,7,22
20230307,서울특별시,11,은평구,11380,서울특별시,11,강남구,11680,5,36,12,9,98,19,69,0,34,20,44
20230307,서울특별시,11,은평구,11380,서울특별시,11,송파구,11710,3,24,12,6,83,27,93,3,47,12,55
20230307,서울특별시,11,은평구,11380,서울특별시,11,강동구,11740,0,10,10,5,45,16,55,0,14,24,30
20230307,서울특별시,11,종로구,11110,서울특별시,11,양천구,11470,4,28,23,17,81,0,10,8,84,40,5
20230307,서울특별시,11,종로구,11110,서울특별시,11,강서구,11500,11,62,39,10,142,0,24,10,138,54,15
20230307,서울특별시,11,종로구,11110,서울특별시,11,구로구,11530,11,35,21,11,25,0,13,4,104,41,16
20230307,서울특별시,11,종로구,11110,서울특별시,11,금천구,11545,7,41,16,7,24,0,11,3,77,30,5
20230307,서울특별시,11,종로구,11110,서울특별시,11,영등포구,11560,9,49,32,14,33,0,18,10,123,33,11
20230307,서울특별시,11,영등포구,11560,서울특별시,11,강동구,11740,9,98,17,25,27,3,21,11,35,26,26
20230307,서울특별시,11,영등포구,11560,서울특별시,11,송파구,11710,12,154,23,39,56,4,38,13,101,41,31
20230307,서울특별시,11,영등포구,11560,서울특별시,11,강남구,11680,16,249,41,44,77,4,54,5,97,46,38
20230307,서울특별시,11,영등포구,11560,서울특별시,11,서초구,11650,5,139,28,35,77,7,44,8,63,29,23
20230307,서울특별시,11,영등포구,11560,서울특별시,11,관악구,11620,15,72,21,18,49,6,26,13,64,42,24
20230307,서울특별시,11,영등포구,11560,서울특별시,11,동작구,11590,6,83,10,21,31,6,17,3,66,25,24
20230307,서울특별시,11,영등포구,11560,서울특별시,11,영등포구,11560,10,120,51,31,42,5,50,3,70,30,32
20230307,서울특별시,11,종로구,11110,서울특별시,11,동작구,11590,3,37,40,14,25,0,6,5,94,44,13
20230307,서울특별시,11,종로구,11110,서울특별시,11,관악구,11620,8,48,35,16,28,0,15,8,131,43,12
20230307,서울특별시,11,종로구,11110,서울특별시,11,서초구,11650,12,61,49,19,41,4,22,11,127,58,7
20230307,서울특별시,11,종로구,11110,서울특별시,11,강남구,11680,15,122,71,27,178,10,35,5,189,75,21
20230307,서울특별시,11,종로구,11110,서울특별시,11,송파구,11710,14,53,60,21,57,11,39,14,184,74,14
20230307,서울특별시,11,동작구,11590,서울특별시,11,성북구,11290,10,18,26,18,35,6,26,10,77,10,9
20230307,서울특별시,11,금천구,11545,서울특별시,11,서대문구,11410,8,33,14,34,55,22,44,16,168,69,97
20230307,서울특별시,11,종로구,11110,서울특별시,11,강동구,11740,4,37,28,10,182,3,20,7,96,40,11
20230307,서울특별시,11,강동구,11740,서울특별시,11,은평구,11380,26,23,8,16,66,5,53,0,32,24,13
20230307,서울특별시,11,강동구,11740,서울특별시,11,서대문구,11410,27,24,11,15,25,3,42,4,15,19,16
20230307,서울특별시,11,강동구,11740,서울특별시,11,마포구,11440,35,43,15,17,56,10,69,4,32,44,17
20230307,서울특별시,11,강동구,11740,서울특별시,11,양천구,11470,24,32,8,19,48,3,34,0,25,20,17
20230307,서울특별시,11,서대문구,11410,서울특별시,11,강서구,11500,6,28,16,44,32,11,28,47,85,34,20
20230307,서울특별시,11,서대문구,11410,서울특별시,11,양천구,11470,0,22,17,35,23,7,10,20,44,27,24
20230307,서울특별시,11,금천구,11545,서울특별시,11,마포구,11440,22,52,15,68,86,30,52,15,223,194,164
20230307,서울특별시,11,서대문구,11410,서울특별시,11,마포구,11440,10,41,24,45,37,6,22,17,70,42,12
20230307,서울특별시,11,서대문구,11410,서울특별시,11,서대문구,11410,3,29,9,38,23,10,56,18,52,24,11
20230307,서울특별시,11,서대문구,11410,서울특별시,11,은평구,11380,0,25,16,41,38,7,16,35,70,28,13
20230307,서울특별시,11,서대문구,11410,서울특별시,11,노원구,11350,0,28,15,39,30,9,19,15,48,33,11
20230307,서울특별시,11,서대문구,11410,서울특별시,11,도봉구,11320,0,8,5,19,14,6,22,30,24,24,12
20230307,서울특별시,11,서대문구,11410,서울특별시,11,강북구,11305,0,13,4,19,15,8,15,15,30,31,14
20230307,서울특별시,11,서대문구,11410,서울특별시,11,성북구,11290,3,27,11,45,20,9,25,27,69,36,43
20230307,서울특별시,11,서대문구,11410,서울특별시,11,중랑구,11260,4,15,8,32,27,4,26,27,33,29,11
20230307,서울특별시,11,강동구,11740,서울특별시,11,강서구,11500,32,63,17,30,65,9,84,0,42,23,22
20230307,서울특별시,11,금천구,11545,서울특별시,11,양천구,11470,14,43,18,42,45,36,41,15,214,99,128
20230307,서울특별시,11,영등포구,11560,서울특별시,11,금천구,11545,3,89,15,27,27,0,11,3,68,18,13
20230307,서울특별시,11,영등포구,11560,서울특별시,11,구로구,11530,11,77,15,39,38,6,16,11,59,16,24
20230307,서울특별시,11,영등포구,11560,서울특별시,11,강서구,11500,13,151,23,28,55,3,41,8,83,46,63
20230307,서울특별시,11,영등포구,11560,서울특별시,11,양천구,11470,10,83,12,32,34,3,26,9,50,22,38
20230307,서울특별시,11,성북구,11290,서울특별시,11,강동구,11740,11,49,7,14,36,9,57,18,273,91,30
20230307,서울특별시,11,성북구,11290,서울특별시,11,송파구,11710,17,98,15,33,52,22,104,39,432,157,33
20230307,서울특별시,11,성북구,11290,서울특별시,11,강남구,11680,18,137,28,34,62,19,94,21,449,145,36
20230307,서울특별시,11,성북구,11290,서울특별시,11,서초구,11650,12,85,18,23,61,10,65,16,269,107,23
20230307,서울특별시,11,성북구,11290,서울특별시,11,관악구,11620,11,84,17,27,35,12,70,13,401,132,27
20230307,서울특별시,11,성북구,11290,서울특별시,11,동작구,11590,3,49,9,19,41,14,61,11,255,98,21
20230307,서울특별시,11,성북구,11290,서울특별시,11,영등포구,11560,9,72,13,30,38,12,52,24,269,147,25
20230307,서울특별시,11,성북구,11290,서울특별시,11,금천구,11545,5,43,7,20,19,7,43,11,195,61,8
20230307,서울특별시,11,성북구,11290,서울특별시,11,구로구,11530,8,61,11,15,28,11,50,25,246,114,9
20230307,서울특별시,11,성북구,11290,서울특별시,11,강서구,11500,19,106,17,26,48,13,78,31,400,137,28
20230307,서울특별시,11,성북구,11290,서울특별시,11,양천구,11470,9,60,5,18,36,11,43,15,232,99,14
20230307,서울특별시,11,성북구,11290,서울특별시,11,마포구,11440,12,60,10,19,34,19,66,13,310,114,21
20230307,서울특별시,11,성북구,11290,서울특별시,11,서대문구,11410,11,50,4,21,27,12,56,8,207,69,16
20230307,서울특별시,11,성북구,11290,서울특별시,11,은평구,11380,10,46,9,20,40,15,48,23,251,121,24
20230307,서울특별시,11,성북구,11290,서울특별시,11,노원구,11350,7,71,14,21,40,16,66,14,287,109,26
20230307,서울특별시,11,성북구,11290,서울특별시,11,도봉구,11320,7,39,7,13,22,0,27,15,195,61,11
20230307,서울특별시,11,성북구,11290,서울특별시,11,강북구,11305,0,40,13,7,22,4,30,9,185,58,11
20230307,서울특별시,11,성북구,11290,서울특별시,11,성북구,11290,0,96,26,33,36,10,89,27,340,104,33
20230307,서울특별시,11,성북구,11290,서울특별시,11,중랑구,11260,4,70,7,14,31,7,47,23,230,81,19
20230307,서울특별시,11,성북구,11290,서울특별시,11,동대문구,11230,9,58,15,19,28,7,37,16,232,70,10
20230307,서울특별시,11,성북구,11290,서울특별시,11,광진구,11215,7,58,4,12,19,11,44,8,278,99,21
20230307,서울특별시,11,성북구,11290,서울특별시,11,성동구,11200,7,65,25,12,36,4,42,14,290,100,15
20230307,서울특별시,11,성북구,11290,서울특별시,11,용산구,11170,7,57,10,23,23,9,34,4,161,46,14
20230307,서울특별시,11,성북구,11290,서울특별시,11,중구,11140,9,43,12,18,28,4,28,11,148,64,9
20230307,서울특별시,11,송파구,11710,서울특별시,11,강동구,11740,8,58,20,18,40,13,38,4,116,54,19
20230307,서울특별시,11,송파구,11710,서울특별시,11,송파구,11710,12,161,52,40,68,17,186,12,257,63,43
20230307,서울특별시,11,송파구,11710,서울특별시,11,강남구,11680,11,130,59,33,73,23,88,7,223,67,41
20230307,서울특별시,11,송파구,11710,서울특별시,11,서초구,11650,8,56,29,18,55,18,66,5,126,38,30
20230307,서울특별시,11,송파구,11710,서울특별시,11,관악구,11620,3,36,15,18,49,13,33,4,160,35,23
20230307,서울특별시,11,송파구,11710,서울특별시,11,동작구,11590,5,34,12,14,37,11,37,5,116,25,13
20230307,서울특별시,11,송파구,11710,서울특별시,11,영등포구,11560,9,51,18,29,43,12,51,5,127,44,22
20230307,서울특별시,11,송파구,11710,서울특별시,11,금천구,11545,5,34,11,11,30,3,21,5,105,30,14
20230307,서울특별시,11,송파구,11710,서울특별시,11,구로구,11530,3,40,20,15,51,7,39,5,103,25,13
20230307,서울특별시,11,송파구,11710,서울특별시,11,강서구,11500,7,56,11,22,73,8,31,5,190,49,25
20230307,서울특별시,11,송파구,11710,서울특별시,11,양천구,11470,5,42,13,15,39,10,27,7,96,22,12
20230307,서울특별시,11,성북구,11290,서울특별시,11,종로구,11110,5,21,7,9,26,5,32,5,106,47,6
20230307,서울특별시,11,금천구,11545,서울특별시,11,강서구,11500,25,59,22,63,72,56,68,29,239,166,178
20230307,서울특별시,11,금천구,11545,서울특별시,11,구로구,11530,12,41,25,59,64,25,49,15,183,132,130
20230307,서울특별시,11,용산구,11170,서울특별시,11,광진구,11215,5,38,12,219,26,0,19,0,58,21,13
20230307,서울특별시,11,용산구,11170,서울특별시,11,동대문구,11230,6,32,9,188,24,0,13,5,65,13,0
20230307,서울특별시,11,용산구,11170,서울특별시,11,중랑구,11260,0,22,3,139,33,4,19,0,57,18,4
20230307,서울특별시,11,용산구,11170,서울특별시,11,성북구,11290,6,54,10,248,24,5,25,6,75,26,13
20230307,서울특별시,11,강동구,11740,서울특별시,11,강동구,11740,40,60,15,12,53,5,94,0,45,34,14
20230307,서울특별시,11,강북구,11305,서울특별시,11,성동구,11200,3,14,14,6,12,3,8,0,70,27,4
20230307,서울특별시,11,강북구,11305,서울특별시,11,광진구,11215,0,25,0,13,9,3,4,5,77,9,6
20230307,서울특별시,11,강북구,11305,서울특별시,11,동대문구,11230,5,14,8,4,10,0,6,0,74,7,5
20230307,서울특별시,11,강북구,11305,서울특별시,11,중랑구,11260,0,22,8,3,14,0,7,4,65,8,6
20230307,서울특별시,11,강북구,11305,서울특별시,11,성북구,11290,0,23,8,5,16,0,8,0,90,7,4
20230307,서울특별시,11,강북구,11305,서울특별시,11,강북구,11305,0,21,9,4,4,0,21,0,43,9,3
20230307,서울특별시,11,강동구,11740,서울특별시,11,송파구,11710,58,52,21,34,89,11,95,15,58,48,21
20230307,서울특별시,11,강동구,11740,서울특별시,11,강남구,11680,47,95,19,33,105,19,108,6,55,40,41
20230307,서울특별시,11,강동구,11740,서울특별시,11,서초구,11650,30,52,15,26,50,9,76,0,22,35,17
20230307,서울특별시,11,강동구,11740,서울특별시,11,관악구,11620,37,32,9,22,48,7,64,0,25,24,14
20230307,서울특별시,11,강동구,11740,서울특별시,11,동작구,11590,24,35,11,13,41,5,46,0,23,17,6
20230307,서울특별시,11,강동구,11740,서울특별시,11,영등포구,11560,27,35,4,30,46,3,47,0,30,26,21
20230307,서울특별시,11,강동구,11740,서울특별시,11,금천구,11545,13,18,7,16,33,3,26,4,58,30,8
20230307,서울특별시,11,강동구,11740,서울특별시,11,구로구,11530,26,19,6,10,38,8,38,0,34,17,19
20230307,서울특별시,11,용산구,11170,서울특별시,11,강북구,11305,3,25,11,89,18,4,7,0,46,9,0
20230307,서울특별시,11,용산구,11170,서울특별시,11,도봉구,11320,5,15,4,128,16,3,17,0,42,11,4
20230307,서울특별시,11,용산구,11170,서울특별시,11,노원구,11350,4,43,18,220,29,0,20,3,64,19,9
20230307,서울특별시,11,성동구,11200,서울특별시,11,강동구,11740,12,57,23,35,42,7,29,8,204,66,18
20230307,서울특별시,11,성동구,11200,서울특별시,11,송파구,11710,17,127,30,54,71,13,55,20,337,130,49
20230307,서울특별시,11,성동구,11200,서울특별시,11,강남구,11680,23,151,60,49,95,14,97,21,420,147,74
20230307,서울특별시,11,성동구,11200,서울특별시,11,서초구,11650,13,67,31,38,75,10,36,15,219,85,36
20230307,서울특별시,11,성동구,11200,서울특별시,11,관악구,11620,12,84,16,31,30,5,39,15,317,88,31
20230307,서울특별시,11,강서구,11500,서울특별시,11,종로구,11110,5,40,27,28,45,10,55,5,114,43,58
20230307,서울특별시,11,강서구,11500,서울특별시,11,중구,11140,9,57,21,32,50,14,36,6,88,90,28
20230307,서울특별시,11,강서구,11500,서울특별시,11,용산구,11170,7,56,21,34,51,10,71,13,92,45,62
20230307,서울특별시,11,강서구,11500,서울특별시,11,성동구,11200,17,64,30,48,76,11,66,11,165,89,68
20230307,서울특별시,11,강서구,11500,서울특별시,11,광진구,11215,15,54,15,54,63,12,75,18,114,90,47
20230307,서울특별시,11,강서구,11500,서울특별시,11,동대문구,11230,15,41,23,42,59,9,70,12,115,105,69
20230307,서울특별시,11,강서구,11500,서울특별시,11,중랑구,11260,9,54,15,30,57,9,73,13,99,38,70
20230307,서울특별시,11,강서구,11500,서울특별시,11,성북구,11290,15,60,37,62,72,14,85,16,130,68,65
20230307,서울특별시,11,강서구,11500,서울특별시,11,강북구,11305,8,19,13,28,48,6,58,6,68,51,44
20230307,서울특별시,11,강서구,11500,서울특별시,11,도봉구,11320,13,38,15,26,50,7,53,8,77,39,48
20230307,서울특별시,11,강서구,11500,서울특별시,11,노원구,11350,9,49,32,57,69,14,102,13,120,54,98
20230307,서울특별시,11,강서구,11500,서울특별시,11,은평구,11380,7,33,27,54,69,16,81,10,112,58,83
20230307,서울특별시,11,강서구,11500,서울특별시,11,서대문구,11410,8,71,31,38,72,7,89,15,96,53,51
20230307,서울특별시,11,강서구,11500,서울특별시,11,마포구,11440,27,71,45,76,110,12,117,10,146,117,99
20230307,서울특별시,11,강서구,11500,서울특별시,11,양천구,11470,15,51,36,39,261,12,96,6,144,53,90
20230307,서울특별시,11,성동구,11200,서울특별시,11,동작구,11590,7,58,12,23,32,9,41,7,219,76,24
20230307,서울특별시,11,성동구,11200,서울특별시,11,영등포구,11560,14,82,33,42,61,6,42,18,224,72,34
20230307,서울특별시,11,성동구,11200,서울특별시,11,금천구,11545,0,53,5,27,17,4,19,6,161,39,12
20230307,서울특별시,11,성동구,11200,서울특별시,11,구로구,11530,10,73,10,31,30,6,20,8,176,62,24
20230307,서울특별시,11,성동구,11200,서울특별시,11,강서구,11500,12,111,18,44,40,7,57,14,316,86,24
20230307,서울특별시,11,성동구,11200,서울특별시,11,양천구,11470,11,70,21,29,41,4,26,10,171,44,16
20230307,서울특별시,11,성동구,11200,서울특별시,11,마포구,11440,11,73,19,35,47,7,43,17,306,87,35
20230307,서울특별시,11,성동구,11200,서울특별시,11,서대문구,11410,8,49,21,19,29,6,24,8,175,66,18
20230307,서울특별시,11,성동구,11200,서울특별시,11,은평구,11380,6,40,20,18,41,7,33,5,196,66,18
20230307,서울특별시,11,성동구,11200,서울특별시,11,노원구,11350,11,66,26,23,35,6,30,4,206,62,13
20230307,서울특별시,11,성동구,11200,서울특별시,11,도봉구,11320,7,38,9,8,16,3,18,0,114,31,13
20230307,서울특별시,11,성동구,11200,서울특별시,11,강북구,11305,8,43,15,10,18,5,18,6,139,48,9
20230307,서울특별시,11,성동구,11200,서울특별시,11,성북구,11290,10,76,25,23,77,7,62,8,279,77,419
20230307,서울특별시,11,성동구,11200,서울특별시,11,중랑구,11260,6,49,17,21,29,5,21,8,175,35,14
20230307,서울특별시,11,성동구,11200,서울특별시,11,동대문구,11230,8,64,16,24,40,7,62,11,230,58,330
20230307,서울특별시,11,성동구,11200,서울특별시,11,광진구,11215,11,80,14,24,31,6,40,10,185,62,25
20230307,서울특별시,11,성동구,11200,서울특별시,11,성동구,11200,9,145,53,26,35,3,71,7,230,72,23
20230307,서울특별시,11,성동구,11200,서울특별시,11,용산구,11170,5,63,14,46,27,3,41,6,133,43,22
20230307,서울특별시,11,성동구,11200,서울특별시,11,중구,11140,5,58,20,28,58,7,56,5,141,62,152
20230307,서울특별시,11,성동구,11200,서울특별시,11,종로구,11110,4,63,14,10,36,3,39,0,101,28,137
20230307,서울특별시,11,도봉구,11320,서울특별시,11,동작구,11590,3,9,0,21,19,8,23,0,66,21,5
20230307,서울특별시,11,도봉구,11320,서울특별시,11,관악구,11620,13,13,7,18,18,13,28,0,77,22,6
20230307,서울특별시,11,도봉구,11320,서울특별시,11,서초구,11650,11,4,8,28,32,5,43,0,47,9,6
20230307,서울특별시,11,금천구,11545,서울특별시,11,금천구,11545,8,39,14,39,35,24,52,7,115,69,77
20230307,서울특별시,11,강동구,11740,서울특별시,11,도봉구,11320,21,18,3,12,42,0,39,0,15,16,8
20230307,서울특별시,11,강서구,11500,서울특별시,11,강서구,11500,16,112,63,71,123,24,181,19,214,76,117
20230307,서울특별시,11,강서구,11500,서울특별시,11,구로구,11530,20,57,36,43,77,14,90,19,132,62,66
20230307,서울특별시,11,강서구,11500,서울특별시,11,금천구,11545,7,59,24,46,52,4,55,6,112,43,59
20230307,서울특별시,11,강서구,11500,서울특별시,11,영등포구,11560,24,86,34,71,95,19,119,15,149,79,100
20230307,서울특별시,11,강서구,11500,서울특별시,11,동작구,11590,15,37,29,31,60,8,84,13,96,185,79
20230307,서울특별시,11,강서구,11500,서울특별시,11,관악구,11620,14,74,45,64,90,14,118,13,186,97,95
20230307,서울특별시,11,강서구,11500,서울특별시,11,서초구,11650,21,78,37,60,98,12,115,27,139,71,132
20230307,서울특별시,11,강서구,11500,서울특별시,11,강남구,11680,13,151,65,78,183,13,183,24,216,121,170
20230307,서울특별시,11,강서구,11500,서울특별시,11,송파구,11710,25,123,52,70,158,16,149,35,191,110,148
20230307,서울특별시,11,강서구,11500,서울특별시,11,강동구,11740,12,66,29,45,95,10,106,22,98,62,79
20230307,서울특별시,11,강동구,11740,서울특별시,11,노원구,11350,35,20,12,22,56,7,55,0,27,20,12
20230307,서울특별시,11,영등포구,11560,서울특별시,11,마포구,11440,16,113,25,33,54,4,38,4,79,51,30
20230307,서울특별시,11,영등포구,11560,서울특별시,11,서대문구,11410,7,46,18,18,26,4,18,3,48,27,21
20230307,서울특별시,11,영등포구,11560,서울특별시,11,은평구,11380,8,92,14,18,29,3,17,6,48,31,19
20230307,서울특별시,11,영등포구,11560,서울특별시,11,노원구,11350,8,85,16,22,42,3,26,3,58,27,30
20230307,서울특별시,11,영등포구,11560,서울특별시,11,도봉구,11320,6,45,13,6,31,5,18,5,31,12,20
20230307,서울특별시,11,영등포구,11560,서울특별시,11,강북구,11305,3,60,3,15,16,8,11,0,39,15,21
20230307,서울특별시,11,영등포구,11560,서울특별시,11,성북구,11290,4,97,11,26,49,0,25,3,87,35,24
20230307,서울특별시,11,강동구,11740,서울특별시,11,용산구,11170,19,21,9,25,53,0,74,0,17,19,11
20230307,서울특별시,11,구로구,11530,서울특별시,11,성동구,11200,5,58,28,48,55,6,10,6,116,49,11
20230307,서울특별시,11,강북구,11305,서울특별시,11,강서구,11500,0,15,6,12,19,0,11,4,100,7,11
20230307,서울특별시,11,강북구,11305,서울특별시,11,도봉구,11320,0,19,6,3,8,0,8,0,45,7,8
20230307,서울특별시,11,동대문구,11230,서울특별시,11,성동구,11200,14,65,21,4,37,4,40,3,180,71,11
20230307,서울특별시,11,용산구,11170,서울특별시,11,양천구,11470,5,39,13,187,38,7,19,3,57,17,11
20230307,서울특별시,11,용산구,11170,서울특별시,11,마포구,11440,10,45,16,282,36,4,24,4,91,30,7
20230307,서울특별시,11,용산구,11170,서울특별시,11,서대문구,11410,4,38,14,172,19,0,14,3,48,15,7
20230307,서울특별시,11,동대문구,11230,서울특별시,11,광진구,11215,6,32,13,18,39,5,63,12,144,24,15
20230307,서울특별시,11,동대문구,11230,서울특별시,11,동대문구,11230,11,49,21,12,35,4,85,0,163,32,21
20230307,서울특별시,11,동대문구,11230,서울특별시,11,중랑구,11260,3,34,10,15,41,6,52,5,123,18,15
20230307,서울특별시,11,동대문구,11230,서울특별시,11,성북구,11290,3,58,10,10,39,3,66,8,171,39,22
20230307,서울특별시,11,동대문구,11230,서울특별시,11,강북구,11305,6,28,3,9,16,3,39,6,71,20,12
20230307,서울특별시,11,동대문구,11230,서울특별시,11,도봉구,11320,4,29,6,3,28,0,45,0,98,19,15
20230307,서울특별시,11,동대문구,11230,서울특별시,11,노원구,11350,6,45,7,15,56,6,68,7,122,29,13
20230307,서울특별시,11,동대문구,11230,서울특별시,11,은평구,11380,5,42,8,8,36,0,59,4,148,41,14
20230307,서울특별시,11,동대문구,11230,서울특별시,11,서대문구,11410,0,37,10,13,34,4,52,3,102,23,24
20230307,서울특별시,11,동대문구,11230,서울특별시,11,마포구,11440,14,58,12,13,69,4,67,8,142,49,23
20230307,서울특별시,11,영등포구,11560,서울특별시,11,중랑구,11260,8,93,13,20,27,0,11,5,52,11,18
20230307,서울특별시,11,영등포구,11560,서울특별시,11,동대문구,11230,10,92,13,20,33,4,19,7,70,34,24
20230307,서울특별시,11,영등포구,11560,서울특별시,11,광진구,11215,4,75,17,42,48,4,25,6,71,21,15
20230307,서울특별시,11,영등포구,11560,서울특별시,11,성동구,11200,8,102,31,27,42,0,29,3,140,51,19
20230307,서울특별시,11,영등포구,11560,서울특별시,11,용산구,11170,6,69,15,35,30,3,29,4,60,27,18
20230307,서울특별시,11,노원구,11350,서울특별시,11,동작구,11590,5,9,8,10,33,5,32,21,42,5,13
20230307,서울특별시,11,노원구,11350,서울특별시,11,영등포구,11560,7,14,3,18,38,0,34,18,54,11,12
20230307,서울특별시,11,노원구,11350,서울특별시,11,금천구,11545,8,13,11,7,23,5,22,5,74,21,22
20230307,서울특별시,11,노원구,11350,서울특별시,11,구로구,11530,5,17,8,12,39,0,22,18,53,12,17
20230307,서울특별시,11,노원구,11350,서울특별시,11,강서구,11500,5,17,9,18,69,7,50,18,83,14,21
20230307,서울특별시,11,서대문구,11410,서울특별시,11,강동구,11740,0,21,20,37,24,11,13,21,41,36,15
20230307,서울특별시,11,서대문구,11410,서울특별시,11,송파구,11710,7,37,20,61,55,18,26,49,73,54,30
20230307,서울특별시,11,서대문구,11410,서울특별시,11,강남구,11680,10,70,23,59,30,17,46,14,81,51,22
20230307,서울특별시,11,서대문구,11410,서울특별시,11,서초구,11650,7,33,21,48,34,8,28,8,44,39,20
20230307,서울특별시,11,송파구,11710,서울특별시,11,마포구,11440,15,44,32,26,48,14,35,5,120,30,17
20230307,서울특별시,11,송파구,11710,서울특별시,11,서대문구,11410,0,16,17,12,27,14,35,6,104,32,12
20230307,서울특별시,11,송파구,11710,서울특별시,11,은평구,11380,9,28,17,12,38,8,37,6,91,26,21
20230307,서울특별시,11,송파구,11710,서울특별시,11,노원구,11350,4,44,28,22,38,9,44,4,106,32,23
20230307,서울특별시,11,송파구,11710,서울특별시,11,도봉구,11320,3,20,7,7,28,3,31,0,62,16,10
20230307,서울특별시,11,송파구,11710,서울특별시,11,강북구,11305,6,28,3,6,18,9,19,0,71,18,7
20230307,서울특별시,11,송파구,11710,서울특별시,11,성북구,11290,7,52,23,16,45,10,36,8,152,36,20
20230307,서울특별시,11,송파구,11710,서울특별시,11,중랑구,11260,0,36,10,6,44,12,24,3,102,29,14
20230307,서울특별시,11,송파구,11710,서울특별시,11,동대문구,11230,4,60,15,11,35,10,24,0,128,36,20
20230307,서울특별시,11,송파구,11710,서울특별시,11,광진구,11215,0,45,19,15,42,17,34,0,118,41,18
20230307,서울특별시,11,송파구,11710,서울특별시,11,성동구,11200,6,83,37,12,31,13,36,8,163,110,20
20230307,서울특별시,11,송파구,11710,서울특별시,11,용산구,11170,4,39,13,42,30,9,26,0,79,20,12
20230307,서울특별시,11,송파구,11710,서울특별시,11,중구,11140,8,39,16,13,23,15,24,0,84,25,9
20230307,서울특별시,11,송파구,11710,서울특별시,11,종로구,11110,0,17,24,14,13,4,21,3,40,19,16
20230307,서울특별시,11,서대문구,11410,서울특별시,11,관악구,11620,3,28,21,50,30,17,23,28,68,42,16
20230307,서울특별시,11,노원구,11350,서울특별시,11,양천구,11470,3,9,6,12,34,0,38,7,55,12,9
20230307,서울특별시,11,노원구,11350,서울특별시,11,마포구,11440,4,17,17,21,46,8,26,11,57,11,9
20230307,서울특별시,11,노원구,11350,서울특별시,11,서대문구,11410,4,9,9,11,32,4,27,11,41,0,8
20230307,서울특별시,11,노원구,11350,서울특별시,11,은평구,11380,5,15,13,14,29,4,28,16,55,7,11
20230307,서울특별시,11,노원구,11350,서울특별시,11,노원구,11350,4,16,39,20,51,7,114,19,75,18,30
20230307,서울특별시,11,노원구,11350,서울특별시,11,도봉구,11320,3,11,18,3,26,0,27,8,45,12,9
20230307,서울특별시,11,노원구,11350,서울특별시,11,강북구,11305,3,12,13,4,30,0,26,8,42,5,8
20230307,서울특별시,11,마포구,11440,서울특별시,11,강동구,11740,17,74,56,85,100,7,133,8,132,55,67
20230307,서울특별시,11,마포구,11440,서울특별시,11,송파구,11710,21,138,72,137,175,12,204,14,171,104,108
20230307,서울특별시,11,마포구,11440,서울특별시,11,강남구,11680,17,174,74,152,198,16,228,14,200,118,125
20230307,서울특별시,11,마포구,11440,서울특별시,11,서초구,11650,14,112,69,94,110,0,131,9,116,62,96
20230307,서울특별시,11,마포구,11440,서울특별시,11,관악구,11620,18,89,39,113,105,12,113,6,196,72,64
20230307,서울특별시,11,마포구,11440,서울특별시,11,동작구,11590,4,100,37,88,124,5,111,5,134,47,55
20230307,서울특별시,11,마포구,11440,서울특별시,11,영등포구,11560,24,77,52,95,137,20,134,14,157,70,73
20230307,서울특별시,11,마포구,11440,서울특별시,11,금천구,11545,6,81,23,41,47,11,64,4,105,48,39
20230307,서울특별시,11,마포구,11440,서울특별시,11,구로구,11530,13,47,24,87,82,7,119,4,117,49,52
20230307,서울특별시,11,마포구,11440,서울특별시,11,강서구,11500,24,127,45,114,144,8,152,11,173,63,88
20230307,서울특별시,11,마포구,11440,서울특별시,11,양천구,11470,12,150,35,75,91,7,95,9,86,37,65
20230307,서울특별시,11,마포구,11440,서울특별시,11,마포구,11440,24,136,96,108,150,8,204,10,178,86,91
20230307,서울특별시,11,마포구,11440,서울특별시,11,서대문구,11410,13,69,38,86,92,7,103,3,110,55,43
20230307,서울특별시,11,동대문구,11230,서울특별시,11,용산구,11170,3,39,4,18,48,3,36,0,76,21,12
20230307,서울특별시,11,동대문구,11230,서울특별시,11,중구,11140,6,38,14,7,28,0,29,4,86,27,10
20230307,서울특별시,11,마포구,11440,서울특별시,11,은평구,11380,11,84,36,79,94,10,107,7,124,65,66
20230307,서울특별시,11,마포구,11440,서울특별시,11,노원구,11350,14,87,53,84,100,7,112,6,126,62,80
20230307,서울특별시,11,마포구,11440,서울특별시,11,도봉구,11320,11,38,19,44,59,4,78,5,77,23,47
20230307,서울특별시,11,마포구,11440,서울특별시,11,강북구,11305,3,44,17,40,61,3,67,3,107,31,40
20230307,서울특별시,11,마포구,11440,서울특별시,11,성북구,11290,16,86,43,84,101,5,125,7,173,67,67
20230307,서울특별시,11,동대문구,11230,서울특별시,11,양천구,11470,8,48,5,13,50,5,59,4,120,22,12
20230307,서울특별시,11,동대문구,11230,서울특별시,11,강서구,11500,5,68,10,20,57,10,93,8,210,38,26
20230307,서울특별시,11,동대문구,11230,서울특별시,11,구로구,11530,3,56,6,9,56,6,58,0,160,27,22
20230307,서울특별시,11,동대문구,11230,서울특별시,11,금천구,11545,12,34,9,8,55,4,46,7,82,20,13
20230307,서울특별시,11,동대문구,11230,서울특별시,11,영등포구,11560,6,52,12,10,61,7,73,3,120,31,18
20230307,서울특별시,11,동대문구,11230,서울특별시,11,동작구,11590,8,48,10,9,68,4,63,3,120,33,14
20230307,서울특별시,11,동대문구,11230,서울특별시,11,관악구,11620,10,66,11,9,49,5,73,5,164,34,23
20230307,서울특별시,11,금천구,11545,서울특별시,11,종로구,11110,9,29,16,33,25,9,24,3,83,27,51
20230307,서울특별시,11,동대문구,11230,서울특별시,11,종로구,11110,5,25,8,5,21,0,35,6,53,12,8
20230307,서울특별시,11,금천구,11545,서울특별시,11,중구,11140,6,31,33,45,33,16,22,9,70,46,88
20230307,서울특별시,11,금천구,11545,서울특별시,11,용산구,11170,11,42,9,57,46,16,40,9,120,44,74
20230307,서울특별시,11,금천구,11545,서울특별시,11,성동구,11200,8,70,19,43,46,23,32,11,164,86,84
20230307,서울특별시,11,금천구,11545,서울특별시,11,광진구,11215,10,36,18,52,46,16,31,14,192,67,105
20230307,서울특별시,11,금천구,11545,서울특별시,11,동대문구,11230,7,34,16,48,45,23,46,10,145,237,116
20230307,서울특별시,11,강북구,11305,서울특별시,11,구로구,11530,8,10,9,9,12,3,4,3,57,8,6
20230307,서울특별시,11,노원구,11350,서울특별시,11,성북구,11290,7,25,13,18,31,5,35,18,95,17,15
20230307,서울특별시,11,노원구,11350,서울특별시,11,중랑구,11260,0,17,21,5,28,5,32,14,56,4,11
20230307,서울특별시,11,노원구,11350,서울특별시,11,동대문구,11230,0,13,15,7,46,0,22,11,47,9,10
20230307,서울특별시,11,노원구,11350,서울특별시,11,광진구,11215,3,15,13,15,32,3,22,12,52,10,13
20230307,서울특별시,11,강북구,11305,서울특별시,11,금천구,11545,0,12,6,9,14,0,6,0,53,13,7
20230307,서울특별시,11,강북구,11305,서울특별시,11,영등포구,11560,0,19,6,12,14,0,8,3,67,10,9
20230307,서울특별시,11,강북구,11305,서울특별시,11,동작구,11590,0,13,5,4,13,0,6,3,59,3,9
20230307,서울특별시,11,강북구,11305,서울특별시,11,관악구,11620,0,10,10,8,10,0,10,4,97,6,14
20230307,서울특별시,11,강북구,11305,서울특별시,11,서초구,11650,3,23,4,9,18,0,7,0,41,4,8
20230307,서울특별시,11,강북구,11305,서울특별시,11,강남구,11680,6,37,12,11,27,4,12,4,92,12,13
20230307,서울특별시,11,강북구,11305,서울특별시,11,송파구,11710,6,26,7,15,15,0,7,7,83,16,12
20230307,서울특별시,11,마포구,11440,서울특별시,11,중랑구,11260,18,76,16,66,69,8,85,8,115,40,57
20230307,서울특별시,11,마포구,11440,서울특별시,11,동대문구,11230,14,64,18,78,96,0,83,6,134,49,84
20230307,서울특별시,11,마포구,11440,서울특별시,11,광진구,11215,11,58,36,77,79,4,95,5,118,60,58
20230307,서울특별시,11,마포구,11440,서울특별시,11,성동구,11200,12,91,53,78,94,5,79,3,223,84,49
20230307,서울특별시,11,마포구,11440,서울특별시,11,용산구,11170,8,72,35,57,83,5,75,8,94,43,53
20230307,서울특별시,11,마포구,11440,서울특별시,11,중구,11140,7,55,32,49,85,6,68,5,87,46,34
20230307,서울특별시,11,마포구,11440,서울특별시,11,종로구,11110,7,56,38,37,53,0,72,4,73,30,24
20230307,서울특별시,11,도봉구,11320,서울특별시,11,강남구,11680,10,29,8,35,41,9,47,0,100,22,8
20230307,서울특별시,11,도봉구,11320,서울특별시,11,송파구,11710,10,21,6,28,36,19,45,0,76,31,7
20230307,서울특별시,11,도봉구,11320,서울특별시,11,강동구,11740,3,14,7,20,14,6,21,0,60,22,4
20230307,서울특별시,11,도봉구,11320,서울특별시,11,종로구,11110,0,12,4,11,16,6,17,0,27,8,4
20230307,서울특별시,11,도봉구,11320,서울특별시,11,중구,11140,3,13,4,20,14,6,18,0,32,16,0
20230307,서울특별시,11,도봉구,11320,서울특별시,11,용산구,11170,4,9,0,17,31,0,24,0,32,15,0
20230307,서울특별시,11,도봉구,11320,서울특별시,11,성동구,11200,4,16,12,12,18,4,21,4,72,28,0
20230307,서울특별시,11,도봉구,11320,서울특별시,11,광진구,11215,3,11,6,22,21,0,25,0,46,18,6
20230307,서울특별시,11,도봉구,11320,서울특별시,11,동대문구,11230,6,14,5,14,22,4,17,0,56,10,0
20230307,서울특별시,11,도봉구,11320,서울특별시,11,중랑구,11260,5,13,6,17,22,0,15,3,48,12,3
20230307,서울특별시,11,도봉구,11320,서울특별시,11,성북구,11290,0,26,8,22,21,10,27,3,79,19,0
20230307,서울특별시,11,도봉구,11320,서울특별시,11,강북구,11305,3,10,4,22,9,9,8,0,43,7,5
20230307,서울특별시,11,도봉구,11320,서울특별시,11,도봉구,11320,3,6,5,10,15,0,43,3,36,9,3
20230307,서울특별시,11,동작구,11590,서울특별시,11,강북구,11305,0,6,12,0,19,0,19,4,22,13,10
20230307,서울특별시,11,동작구,11590,서울특별시,11,도봉구,11320,6,6,15,12,11,0,10,0,25,3,9
20230307,서울특별시,11,동작구,11590,서울특별시,11,노원구,11350,8,15,23,15,34,0,38,10,44,13,11
20230307,서울특별시,11,동작구,11590,서울특별시,11,은평구,11380,8,11,33,16,29,5,40,8,38,9,9
20230307,서울특별시,11,동작구,11590,서울특별시,11,서대문구,11410,7,7,35,16,32,3,26,9,27,9,4
20230307,서울특별시,11,도봉구,11320,서울특별시,11,노원구,11350,3,13,14,27,23,0,29,4,64,18,4
20230307,서울특별시,11,도봉구,11320,서울특별시,11,은평구,11380,4,8,6,19,16,0,19,5,57,18,5
20230307,서울특별시,11,도봉구,11320,서울특별시,11,서대문구,11410,4,8,0,19,19,0,22,3,59,9,7
20230307,서울특별시,11,도봉구,11320,서울특별시,11,마포구,11440,3,12,4,24,22,11,23,6,52,19,6
20230307,서울특별시,11,도봉구,11320,서울특별시,11,양천구,11470,6,13,3,22,26,0,16,4,44,18,4
20230307,서울특별시,11,도봉구,11320,서울특별시,11,강서구,11500,6,20,5,31,34,7,34,4,67,26,8
20230307,서울특별시,11,도봉구,11320,서울특별시,11,구로구,11530,6,18,7,20,20,5,29,0,52,24,3
20230307,서울특별시,11,도봉구,11320,서울특별시,11,금천구,11545,0,5,5,19,13,0,13,0,50,18,3
20230307,서울특별시,11,도봉구,11320,서울특별시,11,영등포구,11560,7,19,5,33,24,4,24,3,50,29,5
20230307,서울특별시,11,금천구,11545,서울특별시,11,영등포구,11560,14,69,44,67,53,50,60,24,194,119,130
20230307,서울특별시,11,금천구,11545,서울특별시,11,동작구,11590,16,31,21,51,67,24,52,18,164,94,121
20230307,서울특별시,11,금천구,11545,서울특별시,11,관악구,11620,13,55,26,56,69,32,59,16,221,109,146
20230307,서울특별시,11,금천구,11545,서울특별시,11,서초구,11650,18,59,34,66,72,47,59,20,219,127,178
20230307,서울특별시,11,금천구,11545,서울특별시,11,강남구,11680,43,147,37,82,121,61,83,30,321,145,230
20230307,서울특별시,11,금천구,11545,서울특별시,11,송파구,11710,17,91,22,92,99,52,104,29,369,165,242
20230307,서울특별시,11,금천구,11545,서울특별시,11,강동구,11740,12,41,14,46,60,20,41,17,202,96,146
20230307,서울특별시,11,관악구,11620,서울특별시,11,종로구,11110,4,9,33,4,11,3,11,0,25,15,0
20230307,서울특별시,11,관악구,11620,서울특별시,11,중구,11140,3,27,23,5,9,0,7,0,37,11,8
20230307,서울특별시,11,관악구,11620,서울특별시,11,용산구,11170,3,17,20,18,20,5,8,0,28,5,3
20230307,서울특별시,11,관악구,11620,서울특별시,11,성동구,11200,0,43,43,4,16,0,8,3,77,41,8
20230307,서울특별시,11,관악구,11620,서울특별시,11,광진구,11215,0,12,18,8,11,0,14,3,31,15,0
20230307,서울특별시,11,관악구,11620,서울특별시,11,동대문구,11230,4,10,55,9,12,0,6,0,38,17,6
20230307,서울특별시,11,관악구,11620,서울특별시,11,중랑구,11260,0,12,18,7,17,0,8,0,53,14,9
20230307,서울특별시,11,관악구,11620,서울특별시,11,성북구,11290,0,20,45,7,23,0,22,3,76,33,13
20230307,서울특별시,11,관악구,11620,서울특별시,11,강북구,11305,0,7,11,4,12,0,7,0,36,7,5
20230307,서울특별시,11,관악구,11620,서울특별시,11,도봉구,11320,0,5,16,7,10,0,8,0,35,13,5
20230307,서울특별시,11,관악구,11620,서울특별시,11,노원구,11350,0,9,23,10,22,3,17,0,55,17,5
20230307,서울특별시,11,관악구,11620,서울특별시,11,은평구,11380,5,10,26,8,29,3,9,6,41,18,11
20230307,서울특별시,11,관악구,11620,서울특별시,11,서대문구,11410,0,11,52,8,18,0,12,0,26,17,5
20230307,서울특별시,11,관악구,11620,서울특별시,11,마포구,11440,14,18,56,17,27,3,18,4,39,24,12
20230307,서울특별시,11,서대문구,11410,서울특별시,11,동대문구,11230,6,14,14,35,17,5,16,20,47,38,27
20230307,서울특별시,11,서대문구,11410,서울특별시,11,광진구,11215,3,28,9,28,22,0,24,31,46,32,23
20230307,서울특별시,11,서대문구,11410,서울특별시,11,성동구,11200,4,26,36,25,21,8,16,11,98,33,18
20230307,서울특별시,11,서대문구,11410,서울특별시,11,용산구,11170,3,29,9,36,48,6,9,5,42,11,4
20230307,서울특별시,11,서대문구,11410,서울특별시,11,중구,11140,0,24,16,24,13,3,31,6,25,23,0
20230307,서울특별시,11,서대문구,11410,서울특별시,11,종로구,11110,0,14,16,17,10,4,18,11,32,18,0
20230307,서울특별시,11,관악구,11620,서울특별시,11,양천구,11470,0,23,13,6,18,0,11,3,45,24,9
20230307,서울특별시,11,동대문구,11230,서울특별시,11,서초구,11650,9,60,10,11,83,5,85,3,129,30,26
20230307,서울특별시,11,동대문구,11230,서울특별시,11,강남구,11680,23,88,12,18,101,11,98,11,208,51,36
20230307,서울특별시,11,동대문구,11230,서울특별시,11,송파구,11710,10,82,21,19,75,8,91,10,229,39,34
20230307,서울특별시,11,금천구,11545,서울특별시,11,중랑구,11260,8,36,15,40,38,16,30,11,148,67,107
20230307,서울특별시,11,금천구,11545,서울특별시,11,성북구,11290,13,52,14,42,52,24,45,17,229,97,122
20230307,서울특별시,11,금천구,11545,서울특별시,11,강북구,11305,0,25,13,33,29,15,23,6,95,67,68
20230307,서울특별시,11,금천구,11545,서울특별시,11,도봉구,11320,5,21,10,30,31,14,25,9,114,51,78
20230307,서울특별시,11,금천구,11545,서울특별시,11,노원구,11350,11,34,11,47,71,22,36,20,206,89,134
20230307,서울특별시,11,금천구,11545,서울특별시,11,은평구,11380,14,26,17,50,62,19,40,17,177,75,120
20230307,서울특별시,11,구로구,11530,서울특별시,11,성북구,11290,17,73,16,121,74,3,10,9,88,34,22
20230307,서울특별시,11,구로구,11530,서울특별시,11,강북구,11305,7,37,11,41,31,3,6,4,65,17,11
20230307,서울특별시,11,구로구,11530,서울특별시,11,도봉구,11320,6,41,15,67,36,4,14,6,74,18,18
20230307,서울특별시,11,구로구,11530,서울특별시,11,노원구,11350,20,64,27,75,70,9,14,4,83,38,22
20230307,서울특별시,11,구로구,11530,서울특별시,11,은평구,11380,17,62,15,30,62,8,15,11,86,38,21
20230307,서울특별시,11,구로구,11530,서울특별시,11,서대문구,11410,31,38,18,31,67,9,11,3,65,16,14
20230307,서울특별시,11,구로구,11530,서울특별시,11,마포구,11440,21,57,28,47,95,9,4,8,75,25,28
20230307,서울특별시,11,구로구,11530,서울특별시,11,양천구,11470,12,63,25,26,56,4,20,8,83,27,22
20230307,서울특별시,11,양천구,11470,서울특별시,11,강동구,11740,0,16,5,10,46,5,12,0,42,26,19
20230307,서울특별시,11,노원구,11350,서울특별시,11,관악구,11620,0,13,9,11,35,0,33,15,68,16,10
20230307,서울특별시,11,양천구,11470,서울특별시,11,송파구,11710,8,21,9,36,79,13,23,4,78,42,40
20230307,서울특별시,11,동작구,11590,서울특별시,11,마포구,11440,12,20,36,23,45,3,37,5,49,11,13
20230307,서울특별시,11,동작구,11590,서울특별시,11,양천구,11470,5,18,30,15,31,4,29,12,31,59,7
20230307,서울특별시,11,동작구,11590,서울특별시,11,강서구,11500,12,18,31,20,69,4,29,23,87,20,16
20230307,서울특별시,11,서초구,11650,서울특별시,11,강동구,11740,8,47,61,25,60,12,28,12,47,28,23
20230307,서울특별시,11,서초구,11650,서울특별시,11,송파구,11710,16,112,93,34,122,8,59,16,104,46,56
20230307,서울특별시,11,서초구,11650,서울특별시,11,강남구,11680,31,202,124,43,155,19,113,25,138,73,67
20230307,서울특별시,11,서초구,11650,서울특별시,11,서초구,11650,31,183,99,41,124,11,268,20,137,35,39
20230307,서울특별시,11,서초구,11650,서울특별시,11,관악구,11620,10,47,74,32,70,4,44,0,80,28,37
20230307,서울특별시,11,서초구,11650,서울특별시,11,동작구,11590,11,59,57,26,72,14,36,10,53,15,25
20230307,서울특별시,11,서초구,11650,서울특별시,11,영등포구,11560,13,69,58,23,73,6,47,6,46,25,25
20230307,서울특별시,11,동작구,11590,서울특별시,11,구로구,11530,8,12,13,21,38,6,25,11,47,5,7
20230307,서울특별시,11,동작구,11590,서울특별시,11,금천구,11545,3,12,9,15,25,0,22,7,53,18,10
20230307,서울특별시,11,동작구,11590,서울특별시,11,영등포구,11560,7,15,25,19,41,3,35,10,50,21,13
20230307,서울특별시,11,동작구,11590,서울특별시,11,동작구,11590,3,8,40,11,41,7,84,11,65,10,9
20230307,서울특별시,11,동작구,11590,서울특별시,11,관악구,11620,4,23,55,24,46,6,41,14,87,20,14
20230307,서울특별시,11,동작구,11590,서울특별시,11,서초구,11650,9,20,36,25,48,8,81,6,54,18,10
20230307,서울특별시,11,동작구,11590,서울특별시,11,강남구,11680,17,46,36,44,80,7,50,24,53,13,22
20230307,서울특별시,11,동작구,11590,서울특별시,11,송파구,11710,7,21,43,28,66,5,46,14,82,23,21
20230307,서울특별시,11,동작구,11590,서울특별시,11,강동구,11740,4,18,28,24,33,5,26,10,46,14,11
20230307,서울특별시,11,동대문구,11230,서울특별시,11,강동구,11740,6,56,11,16,45,0,54,6,143,35,14
20230307,서울특별시,11,강북구,11305,서울특별시,11,종로구,11110,3,5,4,0,3,0,7,3,32,4,5
20230307,서울특별시,11,강북구,11305,서울특별시,11,중구,11140,0,12,5,5,8,5,0,0,31,6,6
20230307,서울특별시,11,광진구,11215,서울특별시,11,종로구,11110,5,13,14,23,18,0,7,0,49,21,6
20230307,서울특별시,11,광진구,11215,서울특별시,11,중구,11140,3,23,6,22,44,0,8,0,56,19,7
20230307,서울특별시,11,광진구,11215,서울특별시,11,용산구,11170,0,18,6,26,34,5,3,5,58,21,4
20230307,서울특별시,11,광진구,11215,서울특별시,11,성동구,11200,3,42,16,19,37,4,8,7,139,94,16
20230307,서울특별시,11,광진구,11215,서울특별시,11,광진구,11215,11,49,17,19,49,6,60,7,103,39,16
20230307,서울특별시,11,광진구,11215,서울특별시,11,동대문구,11230,13,22,17,13,36,3,14,12,118,42,14
20230307,서울특별시,11,광진구,11215,서울특별시,11,중랑구,11260,4,18,10,20,49,3,17,5,82,36,7
20230307,서울특별시,11,광진구,11215,서울특별시,11,성북구,11290,13,28,12,18,46,0,13,3,151,49,22
20230307,서울특별시,11,광진구,11215,서울특별시,11,강북구,11305,3,16,3,12,31,3,5,4,63,29,9
20230307,서울특별시,11,양천구,11470,서울특별시,11,강남구,11680,0,64,20,34,92,14,26,8,71,44,35
20230307,서울특별시,11,양천구,11470,서울특별시,11,서초구,11650,6,29,18,23,57,5,26,3,35,24,21
20230307,서울특별시,11,양천구,11470,서울특별시,11,관악구,11620,0,29,12,22,60,9,20,3,51,36,24
20230307,서울특별시,11,양천구,11470,서울특별시,11,동작구,11590,0,26,6,22,42,4,16,0,46,24,20
20230307,서울특별시,11,양천구,11470,서울특별시,11,영등포구,11560,3,18,13,24,48,7,24,0,47,28,25
20230307,서울특별시,11,양천구,11470,서울특별시,11,금천구,11545,0,15,4,26,39,19,16,0,55,41,9
20230307,서울특별시,11,양천구,11470,서울특별시,11,구로구,11530,4,34,10,19,49,8,20,4,53,22,22
20230307,서울특별시,11,양천구,11470,서울특별시,11,강서구,11500,4,24,19,31,83,14,51,7,93,41,37
20230307,서울특별시,11,양천구,11470,서울특별시,11,양천구,11470,0,20,22,24,37,6,72,0,45,26,28
20230307,서울특별시,11,양천구,11470,서울특별시,11,마포구,11440,0,25,13,23,35,0,23,0,38,27,20
20230307,서울특별시,11,양천구,11470,서울특별시,11,서대문구,11410,0,14,17,25,42,7,12,0,48,38,16
20230307,서울특별시,11,양천구,11470,서울특별시,11,은평구,11380,3,11,9,11,49,5,21,3,34,20,22
20230307,서울특별시,11,양천구,11470,서울특별시,11,노원구,11350,0,22,22,25,67,6,16,0,51,19,21
20230307,서울특별시,11,양천구,11470,서울특별시,11,도봉구,11320,0,7,5,12,30,0,11,6,26,12,21
20230307,서울특별시,11,양천구,11470,서울특별시,11,강북구,11305,0,6,4,8,21,3,7,0,24,15,15
20230307,서울특별시,11,양천구,11470,서울특별시,11,성북구,11290,3,34,12,25,40,5,15,0,45,40,18
20230307,서울특별시,11,양천구,11470,서울특별시,11,중랑구,11260,0,13,5,10,41,0,16,3,40,18,19
20230307,서울특별시,11,양천구,11470,서울특별시,11,동대문구,11230,0,22,8,11,35,15,17,0,43,32,14
20230307,서울특별시,11,양천구,11470,서울특별시,11,광진구,11215,0,11,8,10,53,3,12,0,34,31,23
20230307,서울특별시,11,양천구,11470,서울특별시,11,성동구,11200,4,32,23,9,35,15,11,0,78,89,14
20230307,서울특별시,11,양천구,11470,서울특별시,11,용산구,11170,3,11,13,26,22,3,17,0,27,32,10
20230307,서울특별시,11,양천구,11470,서울특별시,11,중구,11140,0,24,14,14,39,9,9,0,32,65,8
20230307,서울특별시,11,양천구,11470,서울특별시,11,종로구,11110,0,13,8,11,31,3,7,0,28,11,4
20230307,서울특별시,11,구로구,11530,서울특별시,11,강서구,11500,21,85,32,71,83,9,18,8,142,53,38
20230307,서울특별시,11,구로구,11530,서울특별시,11,구로구,11530,20,61,31,107,92,8,40,5,97,32,26
20230307,서울특별시,11,구로구,11530,서울특별시,11,금천구,11545,12,49,11,73,40,10,15,5,88,27,16
20230307,서울특별시,11,서대문구,11410,서울특별시,11,동작구,11590,0,28,7,34,20,12,14,17,55,31,19
20230307,서울특별시,11,서대문구,11410,서울특별시,11,영등포구,11560,0,33,13,42,31,16,19,27,55,30,69
20230307,서울특별시,11,서대문구,11410,서울특별시,11,금천구,11545,5,18,9,31,35,6,11,8,42,21,7
20230307,서울특별시,11,용산구,11170,서울특별시,11,강서구,11500,5,76,16,320,47,5,22,9,114,27,15
20230307,서울특별시,11,용산구,11170,서울특별시,11,구로구,11530,0,31,10,258,42,0,18,4,63,20,12
20230307,서울특별시,11,용산구,11170,서울특별시,11,금천구,11545,4,46,8,277,22,0,17,0,42,18,5
20230307,서울특별시,11,용산구,11170,서울특별시,11,영등포구,11560,6,46,13,317,34,10,30,5,74,9,8
20230307,서울특별시,11,용산구,11170,서울특별시,11,동작구,11590,4,41,16,185,41,4,19,3,63,23,7
20230307,서울특별시,11,용산구,11170,서울특별시,11,관악구,11620,5,36,11,248,26,0,27,6,63,29,12
20230307,서울특별시,11,용산구,11170,서울특별시,11,서초구,11650,5,75,13,412,44,6,19,7,82,31,12
20230307,서울특별시,11,용산구,11170,서울특별시,11,강남구,11680,5,96,31,576,60,13,37,9,162,29,14
20230307,서울특별시,11,용산구,11170,서울특별시,11,송파구,11710,6,81,26,413,53,9,23,10,118,33,24
20230307,서울특별시,11,용산구,11170,서울특별시,11,강동구,11740,8,35,11,196,28,8,15,4,67,22,10
20230307,서울특별시,11,중랑구,11260,서울특별시,11,종로구,11110,11,17,8,4,19,4,17,0,41,7,13
20230307,서울특별시,11,중랑구,11260,서울특별시,11,중구,11140,5,32,12,5,19,7,15,3,49,15,9
20230307,서울특별시,11,중랑구,11260,서울특별시,11,용산구,11170,3,26,11,21,17,6,27,7,53,21,13
20230307,서울특별시,11,중랑구,11260,서울특별시,11,성동구,11200,13,64,24,19,41,11,25,5,99,54,17
20230307,서울특별시,11,중랑구,11260,서울특별시,11,광진구,11215,10,32,11,12,31,11,40,3,111,41,29
20230307,서울특별시,11,중랑구,11260,서울특별시,11,동대문구,11230,14,51,13,13,40,11,32,6,86,27,23
20230307,서울특별시,11,중랑구,11260,서울특별시,11,중랑구,11260,10,32,36,14,30,11,63,0,80,29,20
20230307,서울특별시,11,중랑구,11260,서울특별시,11,성북구,11290,14,59,20,18,28,7,40,6,102,47,24
20230307,서울특별시,11,중랑구,11260,서울특별시,11,강북구,11305,8,22,10,9,29,8,36,0,71,24,15
20230307,서울특별시,11,중랑구,11260,서울특별시,11,도봉구,11320,10,27,6,12,28,5,37,5,49,22,19
20230307,서울특별시,11,중랑구,11260,서울특별시,11,노원구,11350,13,36,15,20,51,10,60,5,102,42,23
20230307,서울특별시,11,중랑구,11260,서울특별시,11,은평구,11380,10,32,12,12,26,19,55,9,88,38,24
20230307,서울특별시,11,중랑구,11260,서울특별시,11,서대문구,11410,11,27,15,8,32,8,28,5,71,31,14
20230307,서울특별시,11,중랑구,11260,서울특별시,11,마포구,11440,19,50,20,14,47,13,42,5,116,42,26
20230307,서울특별시,11,중랑구,11260,서울특별시,11,양천구,11470,12,44,13,21,35,12,50,8,72,34,18
20230307,서울특별시,11,서대문구,11410,서울특별시,11,구로구,11530,5,28,14,35,31,13,19,10,59,36,19
20230307,서울특별시,11,구로구,11530,서울특별시,11,영등포구,11560,23,78,18,36,96,10,16,6,85,35,18
20230307,서울특별시,11,중랑구,11260,서울특별시,11,강서구,11500,19,60,26,22,74,18,61,13,119,39,34
20230307,서울특별시,11,중랑구,11260,서울특별시,11,구로구,11530,9,34,12,19,40,20,33,6,84,26,22
20230307,서울특별시,11,중랑구,11260,서울특별시,11,금천구,11545,7,33,6,15,26,5,16,4,65,22,17
20230307,서울특별시,11,중랑구,11260,서울특별시,11,영등포구,11560,15,33,13,17,29,22,44,7,88,28,21
20230307,서울특별시,11,중랑구,11260,서울특별시,11,동작구,11590,11,38,12,15,49,17,36,8,76,29,24
20230307,서울특별시,11,중랑구,11260,서울특별시,11,관악구,11620,16,51,16,15,56,17,54,13,147,37,29
20230307,서울특별시,11,중랑구,11260,서울특별시,11,서초구,11650,7,40,20,16,67,10,58,11,85,30,35
20230307,서울특별시,11,중랑구,11260,서울특별시,11,강남구,11680,26,118,40,34,71,16,75,10,134,39,78
20230307,서울특별시,11,중랑구,11260,서울특별시,11,송파구,11710,24,86,22,27,70,19,66,15,133,54,39
20230307,서울특별시,11,중랑구,11260,서울특별시,11,강동구,11740,14,66,21,14,37,8,40,13,97,37,26
20230307,서울특별시,11,구로구,11530,서울특별시,11,동작구,11590,14,65,16,32,59,7,11,4,83,26,21
20230307,서울특별시,11,구로구,11530,서울특별시,11,관악구,11620,27,75,24,87,71,4,19,6,138,37,36
20230307,서울특별시,11,구로구,11530,서울특별시,11,서초구,11650,21,55,19,36,99,8,20,11,80,26,23
20230307,서울특별시,11,구로구,11530,서울특별시,11,강남구,11680,25,125,46,82,126,13,20,7,117,42,49
20230307,서울특별시,11,구로구,11530,서울특별시,11,송파구,11710,25,121,28,68,105,9,13,14,136,34,35
20230307,서울특별시,11,구로구,11530,서울특별시,11,강동구,11740,17,46,23,76,55,10,10,3,83,36,21
20230307,서울특별시,11,동작구,11590,서울특별시,11,종로구,11110,4,5,23,11,16,5,16,4,28,0,6
20230307,서울특별시,11,동작구,11590,서울특별시,11,중구,11140,4,11,11,16,17,0,18,3,47,12,6
20230307,서울특별시,11,동작구,11590,서울특별시,11,용산구,11170,5,11,11,22,20,3,23,4,26,8,7
20230307,서울특별시,11,동작구,11590,서울특별시,11,성동구,11200,5,66,25,18,30,0,23,3,76,32,14
20230307,서울특별시,11,은평구,11380,서울특별시,11,성동구,11200,3,23,11,5,31,15,35,0,69,31,18
20230307,서울특별시,11,은평구,11380,서울특별시,11,광진구,11215,0,15,3,3,45,10,33,5,30,9,17
20230307,서울특별시,11,서초구,11650,서울특별시,11,금천구,11545,4,40,30,22,36,3,21,4,66,32,19
20230307,서울특별시,11,서초구,11650,서울특별시,11,구로구,11530,0,54,61,25,62,0,39,12,43,19,20
20230307,서울특별시,11,서초구,11650,서울특별시,11,강서구,11500,11,74,57,34,91,6,39,20,83,24,46
20230307,서울특별시,11,은평구,11380,서울특별시,11,동대문구,11230,0,8,10,0,36,14,33,3,33,5,16
20230307,서울특별시,11,은평구,11380,서울특별시,11,중랑구,11260,0,12,7,0,36,3,29,3,27,18,17
20230307,서울특별시,11,은평구,11380,서울특별시,11,성북구,11290,5,20,7,0,44,16,35,3,37,12,25
20230307,서울특별시,11,서초구,11650,서울특별시,11,양천구,11470,7,47,68,15,60,7,32,8,35,24,25
20230307,서울특별시,11,서초구,11650,서울특별시,11,마포구,11440,14,74,58,20,73,7,50,12,68,24,33
20230307,서울특별시,11,서초구,11650,서울특별시,11,서대문구,11410,7,40,42,18,58,6,25,8,39,19,23
20230307,서울특별시,11,서초구,11650,서울특별시,11,은평구,11380,6,57,62,21,59,4,32,14,48,18,22
20230307,서울특별시,11,서초구,11650,서울특별시,11,노원구,11350,8,70,57,15,57,6,34,15,44,24,18
20230307,서울특별시,11,서초구,11650,서울특별시,11,도봉구,11320,5,34,33,12,36,4,19,5,36,12,4
20230307,서울특별시,11,서초구,11650,서울특별시,11,강북구,11305,5,28,35,12,25,4,17,0,33,9,18
20230307,서울특별시,11,서초구,11650,서울특별시,11,성북구,11290,6,62,91,19,61,7,26,10,58,25,22
20230307,서울특별시,11,서초구,11650,서울특별시,11,중랑구,11260,6,39,32,19,40,6,24,5,45,16,17
20230307,서울특별시,11,서초구,11650,서울특별시,11,동대문구,11230,5,38,53,19,45,4,31,7,54,20,16
20230307,서울특별시,11,서초구,11650,서울특별시,11,광진구,11215,11,39,50,14,59,3,37,9,56,11,23
20230307,서울특별시,11,서초구,11650,서울특별시,11,성동구,11200,5,71,61,15,48,4,30,9,122,48,23
20230307,서울특별시,11,서초구,11650,서울특별시,11,용산구,11170,12,55,36,34,44,9,45,8,52,19,25
20230307,서울특별시,11,서초구,11650,서울특별시,11,중구,11140,5,43,23,15,34,8,24,12,50,16,18
20230307,서울특별시,11,서초구,11650,서울특별시,11,종로구,11110,3,30,36,9,34,0,26,10,27,17,12
20230307,서울특별시,11,은평구,11380,서울특별시,11,강북구,11305,0,4,5,4,24,5,23,0,19,9,12
20230307,서울특별시,11,은평구,11380,서울특별시,11,도봉구,11320,3,0,0,0,33,10,28,0,21,9,16
20230307,서울특별시,11,은평구,11380,서울특별시,11,노원구,11350,0,12,8,5,49,17,57,0,32,9,37
20230307,서울특별시,11,은평구,11380,서울특별시,11,은평구,11380,3,12,15,5,56,12,86,3,41,13,28
20230307,서울특별시,11,동작구,11590,서울특별시,11,광진구,11215,8,10,25,14,40,4,18,5,43,5,10
20230307,서울특별시,11,동작구,11590,서울특별시,11,동대문구,11230,9,9,32,4,34,4,30,3,39,14,10
20230307,서울특별시,11,광진구,11215,서울특별시,11,도봉구,11320,7,13,6,17,32,3,6,0,56,31,8
20230307,서울특별시,11,광진구,11215,서울특별시,11,노원구,11350,9,27,5,22,45,4,7,0,118,52,20
20230307,서울특별시,11,광진구,11215,서울특별시,11,은평구,11380,7,14,9,27,57,7,13,4,121,32,16
20230307,서울특별시,11,광진구,11215,서울특별시,11,서대문구,11410,6,18,11,22,35,5,14,4,88,31,8
20230307,서울특별시,11,광진구,11215,서울특별시,11,마포구,11440,9,22,15,25,60,0,18,8,104,54,11
20230307,서울특별시,11,광진구,11215,서울특별시,11,양천구,11470,10,19,4,13,58,4,8,6,98,41,12
20230307,서울특별시,11,광진구,11215,서울특별시,11,강서구,11500,7,45,15,32,78,9,16,5,148,67,24
20230307,서울특별시,11,광진구,11215,서울특별시,11,구로구,11530,6,17,6,23,49,5,22,0,107,48,9
20230307,서울특별시,11,광진구,11215,서울특별시,11,금천구,11545,7,26,8,17,38,9,8,4,84,44,5
20230307,서울특별시,11,광진구,11215,서울특별시,11,영등포구,11560,10,29,10,13,54,5,11,0,92,32,11
20230307,서울특별시,11,광진구,11215,서울특별시,11,동작구,11590,9,20,8,15,45,5,9,3,104,43,10
20230307,서울특별시,11,광진구,11215,서울특별시,11,관악구,11620,9,29,10,37,62,5,14,6,158,70,16
20230307,서울특별시,11,광진구,11215,서울특별시,11,서초구,11650,8,39,8,28,55,8,20,7,88,38,10
20230307,서울특별시,11,광진구,11215,서울특별시,11,강남구,11680,12,82,21,62,87,10,24,4,170,60,15
20230307,서울특별시,11,광진구,11215,서울특별시,11,송파구,11710,7,33,10,46,102,16,24,10,184,61,19
20230307,서울특별시,11,노원구,11350,서울특별시,11,강동구,11740,0,21,8,10,42,3,30,20,54,20,5
20230307,서울특별시,11,노원구,11350,서울특별시,11,송파구,11710,8,38,21,12,71,10,53,19,93,14,20
20230307,서울특별시,11,노원구,11350,서울특별시,11,강남구,11680,9,49,22,26,94,14,49,12,76,19,23
20230307,서울특별시,11,노원구,11350,서울특별시,11,서초구,11650,4,25,11,16,51,4,31,12,44,13,11
20230308,서울특별시,11,용산구,11170,서울특별시,11,관악구,11620,3,45,10,278,25,5,22,4,69,20,15
20230308,서울특별시,11,동작구,11590,서울특별시,11,광진구,11215,8,11,23,11,30,5,23,3,44,16,14
20230308,서울특별시,11,양천구,11470,서울특별시,11,도봉구,11320,0,9,8,6,14,0,12,0,21,15,10
20230308,서울특별시,11,양천구,11470,서울특별시,11,노원구,11350,4,16,13,23,27,5,16,0,31,18,19
20230308,서울특별시,11,양천구,11470,서울특별시,11,은평구,11380,0,14,22,18,23,3,10,0,24,20,11
20230308,서울특별시,11,양천구,11470,서울특별시,11,서대문구,11410,0,16,9,18,20,5,13,0,27,24,6
20230308,서울특별시,11,양천구,11470,서울특별시,11,마포구,11440,5,23,14,37,28,0,18,0,44,29,7
20230308,서울특별시,11,양천구,11470,서울특별시,11,양천구,11470,0,28,17,18,17,3,43,4,34,18,15
20230308,서울특별시,11,양천구,11470,서울특별시,11,강서구,11500,4,30,25,30,29,12,33,0,54,25,18
20230308,서울특별시,11,양천구,11470,서울특별시,11,구로구,11530,0,23,11,17,32,0,19,3,30,17,14
20230308,서울특별시,11,양천구,11470,서울특별시,11,금천구,11545,0,14,4,13,19,50,15,0,54,49,10
20230308,서울특별시,11,양천구,11470,서울특별시,11,영등포구,11560,0,20,7,22,27,7,18,0,35,26,17
20230308,서울특별시,11,양천구,11470,서울특별시,11,동작구,11590,0,13,9,16,22,5,14,0,30,22,16
20230308,서울특별시,11,양천구,11470,서울특별시,11,관악구,11620,0,23,11,21,28,4,20,0,29,27,11
20230308,서울특별시,11,양천구,11470,서울특별시,11,서초구,11650,3,19,10,23,32,5,32,0,36,28,12
20230308,서울특별시,11,양천구,11470,서울특별시,11,강남구,11680,0,36,11,39,55,8,34,6,57,41,22
20230308,서울특별시,11,양천구,11470,서울특별시,11,송파구,11710,0,25,22,41,45,8,32,0,47,37,18
20230308,서울특별시,11,양천구,11470,서울특별시,11,강동구,11740,0,15,15,15,25,0,18,4,24,14,7
20230308,서울특별시,11,관악구,11620,서울특별시,11,강남구,11680,13,48,40,12,36,3,36,4,46,25,11
20230308,서울특별시,11,관악구,11620,서울특별시,11,서초구,11650,4,23,39,11,15,3,21,0,37,18,0
20230308,서울특별시,11,관악구,11620,서울특별시,11,관악구,11620,0,27,56,13,62,0,67,6,56,19,549
20230308,서울특별시,11,노원구,11350,서울특별시,11,관악구,11620,6,9,6,21,42,5,20,9,74,14,14
20230308,서울특별시,11,노원구,11350,서울특별시,11,서초구,11650,5,14,11,22,52,10,19,11,43,19,18
20230308,서울특별시,11,노원구,11350,서울특별시,11,강남구,11680,4,28,7,20,75,9,39,9,63,23,18
20230308,서울특별시,11,노원구,11350,서울특별시,11,송파구,11710,4,29,10,30,62,10,54,28,80,21,12
20230308,서울특별시,11,노원구,11350,서울특별시,11,강동구,11740,5,16,4,12,38,9,37,22,58,13,17
20230308,서울특별시,11,관악구,11620,서울특별시,11,동작구,11590,0,23,40,16,63,0,46,4,30,23,487
20230308,서울특별시,11,구로구,11530,서울특별시,11,동작구,11590,21,71,16,32,25,13,35,13,72,26,17
20230308,서울특별시,11,구로구,11530,서울특별시,11,영등포구,11560,12,107,8,37,46,8,28,16,81,35,32
20230308,서울특별시,11,서초구,11650,서울특별시,11,종로구,11110,7,30,16,7,40,0,22,0,30,7,11
20230308,서울특별시,11,서초구,11650,서울특별시,11,중구,11140,8,37,28,14,41,4,24,0,64,8,13
20230308,서울특별시,11,서초구,11650,서울특별시,11,용산구,11170,10,39,23,32,43,5,48,0,42,10,9
20230308,서울특별시,11,서초구,11650,서울특별시,11,성동구,11200,19,79,59,13,52,5,30,4,109,15,13
20230308,서울특별시,11,서초구,11650,서울특별시,11,광진구,11215,6,36,23,11,42,4,27,4,51,13,8
20230308,서울특별시,11,서초구,11650,서울특별시,11,동대문구,11230,0,46,26,13,48,3,27,0,40,16,12
20230308,서울특별시,11,서초구,11650,서울특별시,11,중랑구,11260,6,48,27,15,55,3,28,0,51,11,16
20230308,서울특별시,11,서초구,11650,서울특별시,11,성북구,11290,10,53,43,15,58,6,32,5,71,17,3
20230308,서울특별시,11,서초구,11650,서울특별시,11,강북구,11305,7,20,25,12,36,0,25,4,22,6,14
20230308,서울특별시,11,서초구,11650,서울특별시,11,도봉구,11320,4,28,17,15,22,3,21,4,26,12,12
20230308,서울특별시,11,서초구,11650,서울특별시,11,노원구,11350,5,50,43,15,56,9,37,4,47,17,7
20230308,서울특별시,11,서초구,11650,서울특별시,11,은평구,11380,4,41,37,19,59,3,33,4,58,15,13
20230308,서울특별시,11,서초구,11650,서울특별시,11,서대문구,11410,4,40,29,12,56,4,21,4,33,12,18
20230308,서울특별시,11,서초구,11650,서울특별시,11,마포구,11440,14,61,43,25,69,3,53,10,57,13,31
20230308,서울특별시,11,서초구,11650,서울특별시,11,양천구,11470,5,43,36,11,47,0,45,5,37,14,14
20230308,서울특별시,11,서초구,11650,서울특별시,11,강서구,11500,15,68,58,23,75,7,56,8,73,24,35
20230308,서울특별시,11,서초구,11650,서울특별시,11,구로구,11530,7,49,40,18,44,7,30,5,58,14,8
20230308,서울특별시,11,서초구,11650,서울특별시,11,금천구,11545,6,39,28,24,35,0,30,0,60,11,15
20230308,서울특별시,11,서초구,11650,서울특별시,11,영등포구,11560,14,62,34,26,68,5,39,9,50,15,25
20230308,서울특별시,11,서초구,11650,서울특별시,11,동작구,11590,7,34,44,19,71,5,44,10,53,23,12
20230308,서울특별시,11,서초구,11650,서울특별시,11,관악구,11620,10,52,41,15,73,3,50,5,56,13,16
20230308,서울특별시,11,서초구,11650,서울특별시,11,서초구,11650,27,140,64,35,120,29,273,8,111,37,37
20230308,서울특별시,11,서초구,11650,서울특별시,11,강남구,11680,34,167,106,51,132,14,103,8,141,68,40
20230308,서울특별시,11,서초구,11650,서울특별시,11,송파구,11710,15,89,59,35,108,15,61,10,88,30,44
20230308,서울특별시,11,서초구,11650,서울특별시,11,강동구,11740,8,49,48,10,49,3,47,7,47,24,15
20230308,서울특별시,11,동작구,11590,서울특별시,11,성동구,11200,6,27,30,11,27,0,27,5,72,27,12
20230308,서울특별시,11,동작구,11590,서울특별시,11,용산구,11170,8,7,14,12,16,3,8,0,33,0,8
20230308,서울특별시,11,동작구,11590,서울특별시,11,중구,11140,7,8,26,9,18,0,21,0,32,7,4
20230308,서울특별시,11,동작구,11590,서울특별시,11,종로구,11110,6,17,35,7,8,29,8,3,20,7,4
20230308,서울특별시,11,종로구,11110,서울특별시,11,강동구,11740,7,51,8,14,124,3,19,8,101,30,4
20230308,서울특별시,11,구로구,11530,서울특별시,11,금천구,11545,0,63,13,30,26,8,18,3,61,33,23
20230308,서울특별시,11,구로구,11530,서울특별시,11,구로구,11530,12,72,25,36,30,11,73,13,85,39,33
20230308,서울특별시,11,구로구,11530,서울특별시,11,강서구,11500,11,115,27,46,50,10,40,10,117,57,42
20230308,서울특별시,11,구로구,11530,서울특별시,11,양천구,11470,9,65,19,25,38,8,33,21,71,44,22
20230308,서울특별시,11,구로구,11530,서울특별시,11,마포구,11440,15,63,18,73,37,8,32,19,75,32,42
20230308,서울특별시,11,구로구,11530,서울특별시,11,서대문구,11410,9,43,12,65,33,8,19,7,58,21,19
20230308,서울특별시,11,구로구,11530,서울특별시,11,은평구,11380,10,55,21,91,33,10,34,6,63,30,27
20230308,서울특별시,11,구로구,11530,서울특별시,11,노원구,11350,12,73,15,34,42,6,38,11,80,33,30
20230308,서울특별시,11,구로구,11530,서울특별시,11,도봉구,11320,7,56,10,11,20,8,16,4,36,15,23
20230308,서울특별시,11,구로구,11530,서울특별시,11,강북구,11305,6,45,10,14,19,0,11,4,41,15,9
20230308,서울특별시,11,구로구,11530,서울특별시,11,성북구,11290,18,74,20,18,38,10,35,9,98,24,23
20230308,서울특별시,11,구로구,11530,서울특별시,11,중랑구,11260,12,58,8,29,42,6,20,6,47,33,22
20230308,서울특별시,11,구로구,11530,서울특별시,11,동대문구,11230,22,64,17,24,27,5,33,3,71,27,26
20230308,서울특별시,11,구로구,11530,서울특별시,11,광진구,11215,10,77,23,37,30,4,31,4,86,26,27
20230308,서울특별시,11,구로구,11530,서울특별시,11,성동구,11200,0,59,14,13,30,6,17,10,81,34,25
20230308,서울특별시,11,구로구,11530,서울특별시,11,용산구,11170,0,45,10,51,24,0,20,6,38,9,18
20230308,서울특별시,11,구로구,11530,서울특별시,11,중구,11140,8,40,16,27,31,4,14,0,66,7,26
20230308,서울특별시,11,구로구,11530,서울특별시,11,종로구,11110,7,36,11,18,31,6,29,5,29,14,9
20230308,서울특별시,11,은평구,11380,서울특별시,11,강동구,11740,4,13,4,5,52,8,58,0,24,13,61
20230308,서울특별시,11,은평구,11380,서울특별시,11,송파구,11710,3,19,5,8,71,8,99,0,24,16,85
20230308,서울특별시,11,은평구,11380,서울특별시,11,강남구,11680,9,26,15,8,67,19,85,0,36,19,83
20230308,서울특별시,11,은평구,11380,서울특별시,11,서초구,11650,0,18,10,5,49,14,64,0,22,5,51
20230308,서울특별시,11,은평구,11380,서울특별시,11,관악구,11620,4,9,13,7,48,6,74,0,19,10,51
20230308,서울특별시,11,은평구,11380,서울특별시,11,동작구,11590,0,9,3,4,36,5,58,0,19,10,28
20230308,서울특별시,11,중랑구,11260,서울특별시,11,강동구,11740,9,47,14,12,36,14,30,7,86,45,24
20230308,서울특별시,11,마포구,11440,서울특별시,11,종로구,11110,8,70,46,38,53,0,62,6,78,41,19
20230308,서울특별시,11,마포구,11440,서울특별시,11,중구,11140,4,69,33,60,59,3,71,6,95,42,22
20230308,서울특별시,11,마포구,11440,서울특별시,11,용산구,11170,7,57,32,65,76,4,69,8,80,44,21
20230308,서울특별시,11,마포구,11440,서울특별시,11,성동구,11200,13,85,43,71,64,10,65,4,170,88,42
20230308,서울특별시,11,마포구,11440,서울특별시,11,광진구,11215,12,75,34,67,75,4,99,9,134,60,31
20230308,서울특별시,11,은평구,11380,서울특별시,11,양천구,11470,4,13,7,5,42,7,81,0,19,7,46
20230308,서울특별시,11,은평구,11380,서울특별시,11,강서구,11500,3,15,8,9,69,15,106,3,47,14,69
20230308,서울특별시,11,은평구,11380,서울특별시,11,구로구,11530,0,4,7,5,41,5,67,4,18,9,42
20230308,서울특별시,11,은평구,11380,서울특별시,11,금천구,11545,0,8,0,4,32,4,35,5,36,11,27
20230308,서울특별시,11,은평구,11380,서울특별시,11,영등포구,11560,0,8,5,7,59,15,57,0,21,12,52
20230308,서울특별시,11,강남구,11680,서울특별시,11,강동구,11740,16,94,28,24,73,25,103,11,383,73,48
20230308,서울특별시,11,강남구,11680,서울특별시,11,송파구,11710,28,194,61,55,180,54,251,30,573,133,896
20230308,서울특별시,11,강남구,11680,서울특별시,11,강남구,11680,29,282,118,101,257,38,337,20,722,147,735
20230308,서울특별시,11,강남구,11680,서울특별시,11,서초구,11650,28,176,72,52,161,27,201,24,383,86,568
20230308,서울특별시,11,강남구,11680,서울특별시,11,관악구,11620,11,112,43,28,63,25,119,13,543,81,72
20230308,서울특별시,11,강남구,11680,서울특별시,11,동작구,11590,14,85,32,35,51,31,87,9,354,71,66
20230308,서울특별시,11,강남구,11680,서울특별시,11,영등포구,11560,20,120,33,41,119,19,123,12,320,90,82
20230308,서울특별시,11,강남구,11680,서울특별시,11,금천구,11545,8,70,21,16,52,11,79,8,294,63,40
20230308,서울특별시,11,강남구,11680,서울특별시,11,구로구,11530,4,87,33,26,78,18,109,10,390,49,65
20230308,서울특별시,11,마포구,11440,서울특별시,11,동대문구,11230,9,85,29,66,87,6,88,8,127,48,32
20230308,서울특별시,11,마포구,11440,서울특별시,11,중랑구,11260,12,68,30,61,69,5,86,6,83,33,33
20230308,서울특별시,11,마포구,11440,서울특별시,11,성북구,11290,9,75,30,85,105,4,117,3,165,49,37
20230308,서울특별시,11,마포구,11440,서울특별시,11,강북구,11305,9,53,14,39,50,0,67,0,94,24,16
20230308,서울특별시,11,강남구,11680,서울특별시,11,강서구,11500,22,145,58,42,113,22,140,17,528,84,92
20230308,서울특별시,11,강남구,11680,서울특별시,11,양천구,11470,21,106,41,28,67,16,123,6,368,61,46
20230308,서울특별시,11,강남구,11680,서울특별시,11,마포구,11440,21,123,60,36,86,28,113,7,360,87,73
20230308,서울특별시,11,강남구,11680,서울특별시,11,서대문구,11410,9,81,28,15,82,17,75,3,360,50,47
20230308,서울특별시,11,강남구,11680,서울특별시,11,은평구,11380,17,75,25,25,65,21,111,8,379,69,59
20230308,서울특별시,11,강남구,11680,서울특별시,11,노원구,11350,11,89,31,19,68,14,127,11,428,65,64
20230308,서울특별시,11,강남구,11680,서울특별시,11,도봉구,11320,5,53,16,12,34,9,70,5,227,47,38
20230308,서울특별시,11,강남구,11680,서울특별시,11,강북구,11305,7,54,8,13,41,10,64,3,281,65,36
20230308,서울특별시,11,강남구,11680,서울특별시,11,성북구,11290,16,76,28,23,60,12,106,10,461,84,52
20230308,서울특별시,11,강남구,11680,서울특별시,11,중랑구,11260,12,67,14,14,61,13,83,5,325,60,52
20230308,서울특별시,11,강남구,11680,서울특별시,11,동대문구,11230,12,89,36,16,75,17,87,15,344,71,51
20230308,서울특별시,11,강남구,11680,서울특별시,11,광진구,11215,10,72,32,28,75,25,88,8,372,56,49
20230308,서울특별시,11,강남구,11680,서울특별시,11,성동구,11200,14,130,65,27,66,22,94,13,376,100,51
20230308,서울특별시,11,강남구,11680,서울특별시,11,용산구,11170,13,77,26,53,61,14,77,10,193,74,60
20230308,서울특별시,11,강남구,11680,서울특별시,11,중구,11140,13,90,20,18,36,11,75,0,198,55,42
20230308,서울특별시,11,강남구,11680,서울특별시,11,종로구,11110,11,69,24,14,43,3,63,0,157,23,25
20230308,서울특별시,11,마포구,11440,서울특별시,11,도봉구,11320,6,42,20,59,45,6,65,3,82,23,18
20230308,서울특별시,11,마포구,11440,서울특별시,11,노원구,11350,12,63,46,111,95,5,118,7,102,44,47
20230308,서울특별시,11,마포구,11440,서울특별시,11,은평구,11380,12,82,41,95,101,5,145,5,108,54,56
20230308,서울특별시,11,마포구,11440,서울특별시,11,서대문구,11410,10,67,32,66,93,3,94,4,112,31,27
20230308,서울특별시,11,마포구,11440,서울특별시,11,마포구,11440,23,132,77,117,137,5,145,7,161,73,46
20230308,서울특별시,11,마포구,11440,서울특별시,11,양천구,11470,7,73,24,79,69,7,83,5,88,42,37
20230308,서울특별시,11,마포구,11440,서울특별시,11,강서구,11500,22,102,46,131,116,11,189,10,154,56,46
20230308,서울특별시,11,강동구,11740,서울특별시,11,종로구,11110,6,4,4,5,26,0,35,0,21,6,4
20230308,서울특별시,11,강동구,11740,서울특별시,11,중구,11140,6,29,9,7,27,4,33,0,32,14,5
20230308,서울특별시,11,강동구,11740,서울특별시,11,용산구,11170,7,26,0,22,19,4,48,3,20,15,15
20230308,서울특별시,11,강동구,11740,서울특별시,11,성동구,11200,6,39,20,25,38,6,39,0,81,42,11
20230308,서울특별시,11,강동구,11740,서울특별시,11,광진구,11215,9,27,6,8,42,6,25,0,20,24,15
20230308,서울특별시,11,강동구,11740,서울특별시,11,동대문구,11230,11,20,0,7,29,0,42,0,42,32,11
20230308,서울특별시,11,강동구,11740,서울특별시,11,중랑구,11260,8,19,3,19,22,5,36,0,23,18,15
20230308,서울특별시,11,강동구,11740,서울특별시,11,성북구,11290,11,31,7,9,44,9,51,4,44,37,15
20230308,서울특별시,11,강동구,11740,서울특별시,11,강북구,11305,5,8,4,7,28,3,21,0,30,12,4
20230308,서울특별시,11,강동구,11740,서울특별시,11,도봉구,11320,4,6,10,11,23,3,29,0,20,19,7
20230308,서울특별시,11,강동구,11740,서울특별시,11,노원구,11350,11,28,10,18,37,5,50,5,32,48,9
20230308,서울특별시,11,강동구,11740,서울특별시,11,은평구,11380,8,20,8,12,43,6,35,0,31,44,18
20230308,서울특별시,11,강동구,11740,서울특별시,11,서대문구,11410,5,21,7,15,27,5,47,0,20,31,9
20230308,서울특별시,11,강동구,11740,서울특별시,11,마포구,11440,14,31,14,13,46,8,67,3,27,34,15
20230308,서울특별시,11,강동구,11740,서울특별시,11,양천구,11470,7,21,8,19,34,3,30,0,27,35,14
20230308,서울특별시,11,강동구,11740,서울특별시,11,강서구,11500,11,46,7,19,49,7,69,3,57,72,23
20230308,서울특별시,11,강동구,11740,서울특별시,11,구로구,11530,33,47,4,11,51,7,30,0,30,19,10
20230308,서울특별시,11,강동구,11740,서울특별시,11,금천구,11545,3,71,6,17,31,4,34,0,39,21,4
20230308,서울특별시,11,강동구,11740,서울특별시,11,영등포구,11560,6,30,6,12,40,4,47,8,19,44,17
20230308,서울특별시,11,강동구,11740,서울특별시,11,동작구,11590,13,15,8,16,34,4,39,0,21,32,7
20230308,서울특별시,11,강동구,11740,서울특별시,11,관악구,11620,12,30,10,19,33,7,57,0,36,38,15
20230308,서울특별시,11,강동구,11740,서울특별시,11,서초구,11650,13,32,10,19,62,9,58,8,32,39,19
20230308,서울특별시,11,강동구,11740,서울특별시,11,강남구,11680,16,77,15,24,86,11,77,3,62,45,26
20230308,서울특별시,11,강동구,11740,서울특별시,11,송파구,11710,17,53,8,35,61,3,90,4,40,61,36
20230308,서울특별시,11,송파구,11710,서울특별시,11,강동구,11740,6,60,16,6,46,8,74,11,105,40,18
20230308,서울특별시,11,송파구,11710,서울특별시,11,송파구,11710,5,103,48,29,76,19,119,8,246,65,26
20230308,서울특별시,11,송파구,11710,서울특별시,11,강남구,11680,13,101,28,32,70,17,98,6,182,52,33
20230308,서울특별시,11,송파구,11710,서울특별시,11,서초구,11650,7,56,21,19,67,12,62,10,118,33,23
20230308,서울특별시,11,송파구,11710,서울특별시,11,관악구,11620,4,34,10,9,46,11,34,4,140,27,23
20230308,서울특별시,11,송파구,11710,서울특별시,11,동작구,11590,3,30,9,11,28,12,35,4,107,25,18
20230308,서울특별시,11,송파구,11710,서울특별시,11,영등포구,11560,4,56,10,11,35,10,61,0,111,21,21
20230308,서울특별시,11,송파구,11710,서울특별시,11,금천구,11545,4,34,4,13,27,3,23,0,88,28,8
20230308,서울특별시,11,송파구,11710,서울특별시,11,구로구,11530,6,34,9,14,54,7,38,4,100,32,21
20230308,서울특별시,11,송파구,11710,서울특별시,11,강서구,11500,10,64,31,19,64,17,56,11,162,43,23
20230308,서울특별시,11,송파구,11710,서울특별시,11,양천구,11470,9,27,15,21,34,13,32,3,89,30,18
20230308,서울특별시,11,송파구,11710,서울특별시,11,마포구,11440,0,45,18,13,53,19,53,7,105,28,20
20230308,서울특별시,11,송파구,11710,서울특별시,11,서대문구,11410,0,35,11,11,37,8,33,7,84,26,10
20230308,서울특별시,11,송파구,11710,서울특별시,11,은평구,11380,3,32,15,7,35,9,31,4,107,27,15
20230308,서울특별시,11,송파구,11710,서울특별시,11,노원구,11350,0,32,20,15,61,12,43,5,97,27,13
20230308,서울특별시,11,송파구,11710,서울특별시,11,도봉구,11320,0,20,8,6,26,0,31,0,60,18,11
20230308,서울특별시,11,송파구,11710,서울특별시,11,강북구,11305,0,26,7,0,20,5,32,0,58,19,6
20230308,서울특별시,11,송파구,11710,서울특별시,11,성북구,11290,0,52,12,10,35,9,28,5,143,29,20
20230308,서울특별시,11,송파구,11710,서울특별시,11,중랑구,11260,4,25,10,5,31,5,31,4,77,15,12
20230308,서울특별시,11,송파구,11710,서울특별시,11,동대문구,11230,0,39,12,8,42,6,45,0,102,19,9
20230308,서울특별시,11,송파구,11710,서울특별시,11,광진구,11215,8,44,17,11,33,9,45,3,102,34,15
20230308,서울특별시,11,송파구,11710,서울특별시,11,성동구,11200,0,60,26,24,29,7,36,5,143,76,16
20230308,서울특별시,11,송파구,11710,서울특별시,11,용산구,11170,3,28,9,20,36,8,28,6,57,19,8
20230308,서울특별시,11,송파구,11710,서울특별시,11,중구,11140,4,35,9,7,20,8,34,3,83,44,6
20230308,서울특별시,11,송파구,11710,서울특별시,11,종로구,11110,4,27,9,5,13,7,19,0,50,19,5
20230308,서울특별시,11,강동구,11740,서울특별시,11,강동구,11740,10,27,17,15,29,3,66,10,65,36,10
20230308,서울특별시,11,은평구,11380,서울특별시,11,종로구,11110,0,8,8,6,14,4,26,0,22,3,31
20230308,서울특별시,11,은평구,11380,서울특별시,11,중구,11140,0,4,6,5,23,4,23,0,18,8,21
20230308,서울특별시,11,은평구,11380,서울특별시,11,용산구,11170,0,11,7,9,28,8,30,0,12,5,34
20230308,서울특별시,11,은평구,11380,서울특별시,11,성동구,11200,0,27,17,6,32,7,41,0,44,24,34
20230308,서울특별시,11,은평구,11380,서울특별시,11,광진구,11215,4,9,0,9,42,5,31,0,17,8,50
20230308,서울특별시,11,마포구,11440,서울특별시,11,구로구,11530,17,55,35,82,78,5,116,4,97,40,32
20230308,서울특별시,11,마포구,11440,서울특별시,11,금천구,11545,10,90,20,62,72,6,67,6,80,39,27
20230308,서울특별시,11,마포구,11440,서울특별시,11,영등포구,11560,17,91,52,97,124,8,125,10,131,58,41
20230308,서울특별시,11,마포구,11440,서울특별시,11,동작구,11590,16,66,29,85,75,5,87,5,115,50,40
20230308,서울특별시,11,마포구,11440,서울특별시,11,관악구,11620,9,84,26,113,119,8,134,8,163,57,38
20230308,서울특별시,11,은평구,11380,서울특별시,11,동대문구,11230,0,12,0,5,34,6,61,0,33,7,36
20230308,서울특별시,11,은평구,11380,서울특별시,11,중랑구,11260,0,8,5,0,40,4,44,3,24,11,38
20230308,서울특별시,11,은평구,11380,서울특별시,11,성북구,11290,5,16,7,5,42,7,65,0,26,10,52
20230308,서울특별시,11,은평구,11380,서울특별시,11,강북구,11305,0,7,13,0,36,4,35,3,11,6,28
20230308,서울특별시,11,은평구,11380,서울특별시,11,도봉구,11320,0,4,3,5,23,3,44,0,14,8,35
20230308,서울특별시,11,은평구,11380,서울특별시,11,노원구,11350,0,20,11,0,45,9,76,0,27,5,58
20230308,서울특별시,11,은평구,11380,서울특별시,11,은평구,11380,0,13,15,9,47,6,77,3,32,15,53
20230308,서울특별시,11,은평구,11380,서울특별시,11,서대문구,11410,0,4,10,7,35,5,47,3,27,6,38
20230308,서울특별시,11,은평구,11380,서울특별시,11,마포구,11440,3,17,16,8,45,10,56,6,19,8,36
20230308,서울특별시,11,종로구,11110,서울특별시,11,종로구,11110,4,34,28,9,32,0,23,0,62,19,0
20230308,서울특별시,11,종로구,11110,서울특별시,11,중구,11140,6,35,23,8,54,0,13,5,76,35,3
20230308,서울특별시,11,종로구,11110,서울특별시,11,용산구,11170,4,26,26,18,19,0,25,0,76,23,8
20230308,서울특별시,11,종로구,11110,서울특별시,11,성동구,11200,4,33,24,17,73,4,13,5,153,48,8
20230308,서울특별시,11,종로구,11110,서울특별시,11,광진구,11215,5,33,12,12,26,0,16,4,127,32,10
20230308,서울특별시,11,종로구,11110,서울특별시,11,동대문구,11230,0,27,23,11,144,0,8,5,104,30,9
20230308,서울특별시,11,종로구,11110,서울특별시,11,중랑구,11260,0,27,15,10,189,3,7,7,101,38,6
20230308,서울특별시,11,종로구,11110,서울특별시,11,성북구,11290,0,51,23,11,96,0,13,7,147,31,16
20230308,서울특별시,11,종로구,11110,서울특별시,11,강북구,11305,0,14,8,4,63,0,4,0,69,12,4
20230308,서울특별시,11,종로구,11110,서울특별시,11,도봉구,11320,0,25,4,7,20,4,10,3,63,20,0
20230308,서울특별시,11,종로구,11110,서울특별시,11,노원구,11350,10,35,21,24,28,5,11,14,110,34,12
20230308,서울특별시,11,종로구,11110,서울특별시,11,은평구,11380,5,39,23,9,37,0,17,6,122,34,8
20230308,서울특별시,11,종로구,11110,서울특별시,11,서대문구,11410,7,25,19,11,23,5,14,0,111,20,13
20230308,서울특별시,11,종로구,11110,서울특별시,11,마포구,11440,11,72,15,22,43,3,14,6,154,43,10
20230308,서울특별시,11,마포구,11440,서울특별시,11,서초구,11650,11,115,58,113,103,6,133,16,96,40,53
20230308,서울특별시,11,마포구,11440,서울특별시,11,강남구,11680,27,157,111,182,178,21,206,12,180,102,105
20230308,서울특별시,11,마포구,11440,서울특별시,11,송파구,11710,20,138,53,146,150,6,170,10,149,85,53
20230308,서울특별시,11,마포구,11440,서울특별시,11,강동구,11740,9,77,40,80,87,5,126,7,101,55,41
20230308,서울특별시,11,관악구,11620,서울특별시,11,강동구,11740,0,12,18,4,20,0,18,0,27,17,5
20230308,서울특별시,11,관악구,11620,서울특별시,11,송파구,11710,9,32,39,13,38,4,37,4,49,15,12
20230308,서울특별시,11,양천구,11470,서울특별시,11,종로구,11110,0,15,5,6,23,0,5,0,23,17,6
20230308,서울특별시,11,양천구,11470,서울특별시,11,중구,11140,0,19,9,15,20,6,6,0,28,116,5
20230308,서울특별시,11,양천구,11470,서울특별시,11,용산구,11170,0,12,7,20,19,4,10,0,17,17,5
20230308,서울특별시,11,광진구,11215,서울특별시,11,강서구,11500,9,34,8,46,45,9,19,9,127,76,34
20230308,서울특별시,11,광진구,11215,서울특별시,11,구로구,11530,6,17,10,20,50,6,11,0,65,48,15
20230308,서울특별시,11,광진구,11215,서울특별시,11,금천구,11545,5,22,5,22,37,4,11,0,73,26,13
20230308,서울특별시,11,광진구,11215,서울특별시,11,영등포구,11560,9,27,8,21,46,4,16,4,75,50,29
20230308,서울특별시,11,광진구,11215,서울특별시,11,동작구,11590,6,21,9,17,40,15,10,0,65,37,15
20230308,서울특별시,11,중랑구,11260,서울특별시,11,송파구,11710,17,64,23,12,71,16,47,14,159,62,24
20230308,서울특별시,11,중랑구,11260,서울특별시,11,강남구,11680,20,68,31,30,56,15,48,6,140,54,39
20230308,서울특별시,11,중랑구,11260,서울특별시,11,서초구,11650,10,51,16,17,48,8,42,7,73,32,23
20230308,서울특별시,11,중랑구,11260,서울특별시,11,관악구,11620,18,40,19,15,48,16,39,10,152,46,41
20230308,서울특별시,11,중랑구,11260,서울특별시,11,동작구,11590,3,32,7,7,39,11,58,9,116,33,22
20230308,서울특별시,11,중랑구,11260,서울특별시,11,영등포구,11560,16,30,14,17,37,6,48,9,90,40,21
20230308,서울특별시,11,중랑구,11260,서울특별시,11,금천구,11545,8,22,9,7,24,12,17,5,92,24,13
20230308,서울특별시,11,중랑구,11260,서울특별시,11,구로구,11530,6,36,16,14,25,11,31,5,80,25,23
20230308,서울특별시,11,중랑구,11260,서울특별시,11,강서구,11500,18,58,18,15,56,16,52,9,138,53,39
20230308,서울특별시,11,중랑구,11260,서울특별시,11,양천구,11470,9,40,18,11,36,10,28,6,84,28,18
20230308,서울특별시,11,중랑구,11260,서울특별시,11,마포구,11440,15,38,21,13,49,14,30,9,104,25,22
20230308,서울특별시,11,중랑구,11260,서울특별시,11,서대문구,11410,12,27,11,7,31,5,20,6,74,27,25
20230308,서울특별시,11,중랑구,11260,서울특별시,11,은평구,11380,8,36,14,18,34,15,32,5,81,36,16
20230308,서울특별시,11,중랑구,11260,서울특별시,11,노원구,11350,13,48,12,14,44,18,40,8,103,36,22
20230308,서울특별시,11,중랑구,11260,서울특별시,11,도봉구,11320,9,27,8,11,21,7,15,8,68,24,15
20230308,서울특별시,11,중랑구,11260,서울특별시,11,강북구,11305,3,18,6,12,17,6,14,0,58,15,16
20230308,서울특별시,11,중랑구,11260,서울특별시,11,성북구,11290,9,49,13,11,28,12,35,13,119,38,22
20230308,서울특별시,11,중랑구,11260,서울특별시,11,중랑구,11260,9,34,12,16,30,12,40,10,115,22,13
20230308,서울특별시,11,중랑구,11260,서울특별시,11,동대문구,11230,10,32,13,10,34,5,29,4,102,29,19
20230308,서울특별시,11,중랑구,11260,서울특별시,11,광진구,11215,10,30,16,8,32,0,45,8,122,31,20
20230308,서울특별시,11,중랑구,11260,서울특별시,11,성동구,11200,7,52,24,11,37,10,27,11,108,41,19
20230308,서울특별시,11,중랑구,11260,서울특별시,11,용산구,11170,8,33,11,23,34,13,24,6,55,15,22
20230308,서울특별시,11,중랑구,11260,서울특별시,11,중구,11140,5,25,12,7,21,6,11,5,58,33,9
20230308,서울특별시,11,광진구,11215,서울특별시,11,관악구,11620,12,26,14,17,54,13,14,3,128,87,20
20230308,서울특별시,11,광진구,11215,서울특별시,11,서초구,11650,5,28,13,23,65,7,17,3,76,46,25
20230308,서울특별시,11,광진구,11215,서울특별시,11,강남구,11680,10,58,18,43,92,14,21,6,138,77,24
20230308,서울특별시,11,광진구,11215,서울특별시,11,송파구,11710,6,51,20,46,56,12,25,4,132,76,35
20230308,서울특별시,11,광진구,11215,서울특별시,11,강동구,11740,9,29,5,14,56,11,15,8,77,56,31
20230308,서울특별시,11,노원구,11350,서울특별시,11,종로구,11110,3,5,5,5,15,4,8,4,20,6,0
20230308,서울특별시,11,영등포구,11560,서울특별시,11,종로구,11110,5,60,15,11,28,3,27,0,35,14,16
20230308,서울특별시,11,영등포구,11560,서울특별시,11,중구,11140,6,87,14,17,28,3,35,3,48,33,16
20230308,서울특별시,11,영등포구,11560,서울특별시,11,용산구,11170,5,39,13,21,41,0,22,0,42,28,19
20230308,서울특별시,11,영등포구,11560,서울특별시,11,성동구,11200,6,78,22,11,40,0,28,5,125,58,27
20230308,서울특별시,11,영등포구,11560,서울특별시,11,광진구,11215,6,76,18,18,46,0,46,4,54,43,38
20230308,서울특별시,11,영등포구,11560,서울특별시,11,동대문구,11230,5,67,15,16,50,0,36,3,68,53,32
20230308,서울특별시,11,노원구,11350,서울특별시,11,중구,11140,0,10,3,14,16,0,11,5,39,7,7
20230308,서울특별시,11,노원구,11350,서울특별시,11,용산구,11170,4,7,0,18,26,7,16,8,40,3,4
20230308,서울특별시,11,노원구,11350,서울특별시,11,성동구,11200,0,13,14,21,22,0,17,9,57,23,8
20230308,서울특별시,11,노원구,11350,서울특별시,11,광진구,11215,0,14,8,8,31,8,14,15,44,11,11
20230308,서울특별시,11,노원구,11350,서울특별시,11,동대문구,11230,4,14,9,10,35,4,16,10,44,12,8
20230308,서울특별시,11,노원구,11350,서울특별시,11,중랑구,11260,4,14,6,11,29,3,12,17,64,8,25
20230308,서울특별시,11,노원구,11350,서울특별시,11,성북구,11290,0,12,11,15,33,7,14,10,86,12,9
20230308,서울특별시,11,노원구,11350,서울특별시,11,강북구,11305,3,10,10,11,17,3,10,7,34,12,4
20230308,서울특별시,11,노원구,11350,서울특별시,11,도봉구,11320,0,17,5,9,18,3,16,14,33,10,9
20230308,서울특별시,11,노원구,11350,서울특별시,11,노원구,11350,0,44,16,24,33,10,45,12,80,18,7
20230308,서울특별시,11,노원구,11350,서울특별시,11,은평구,11380,4,8,11,15,31,0,29,16,44,19,11
20230308,서울특별시,11,노원구,11350,서울특별시,11,서대문구,11410,7,8,8,12,31,0,14,15,33,15,10
20230308,서울특별시,11,성북구,11290,서울특별시,11,종로구,11110,5,34,8,9,12,4,15,10,108,50,8
20230308,서울특별시,11,성북구,11290,서울특별시,11,중구,11140,4,37,14,13,23,3,22,7,130,47,6
20230308,서울특별시,11,영등포구,11560,서울특별시,11,중랑구,11260,6,85,8,21,46,3,34,4,46,36,53
20230308,서울특별시,11,영등포구,11560,서울특별시,11,성북구,11290,7,62,15,15,60,3,36,0,71,40,26
20230308,서울특별시,11,영등포구,11560,서울특별시,11,강북구,11305,3,52,9,10,30,0,15,0,35,27,17
20230308,서울특별시,11,영등포구,11560,서울특별시,11,도봉구,11320,4,36,11,13,34,4,18,0,29,26,18
20230308,서울특별시,11,영등포구,11560,서울특별시,11,노원구,11350,0,54,8,21,49,0,21,0,41,39,16
20230308,서울특별시,11,영등포구,11560,서울특별시,11,은평구,11380,3,76,22,11,33,3,39,6,51,41,53
20230308,서울특별시,11,영등포구,11560,서울특별시,11,서대문구,11410,9,50,18,22,37,3,32,0,48,31,25
20230308,서울특별시,11,영등포구,11560,서울특별시,11,마포구,11440,14,82,34,26,53,0,29,5,81,44,18
20230308,서울특별시,11,영등포구,11560,서울특별시,11,양천구,11470,10,68,25,15,43,4,22,7,50,30,18
20230308,서울특별시,11,영등포구,11560,서울특별시,11,강서구,11500,7,92,31,37,65,5,30,15,77,52,54
20230308,서울특별시,11,영등포구,11560,서울특별시,11,구로구,11530,13,76,35,22,51,0,38,4,54,45,59
20230308,서울특별시,11,영등포구,11560,서울특별시,11,금천구,11545,8,68,11,23,40,0,29,3,73,31,41
20230308,서울특별시,11,영등포구,11560,서울특별시,11,영등포구,11560,17,103,53,28,49,5,63,5,58,43,38
20230308,서울특별시,11,영등포구,11560,서울특별시,11,동작구,11590,9,75,20,29,35,0,24,0,50,29,25
20230308,서울특별시,11,영등포구,11560,서울특별시,11,관악구,11620,10,100,21,22,40,0,22,4,76,53,43
20230308,서울특별시,11,영등포구,11560,서울특별시,11,서초구,11650,5,113,34,29,51,5,36,0,72,37,28
20230308,서울특별시,11,영등포구,11560,서울특별시,11,강남구,11680,14,169,45,43,70,7,60,7,88,67,39
20230308,서울특별시,11,영등포구,11560,서울특별시,11,송파구,11710,13,131,31,28,65,8,48,4,72,64,42
20230308,서울특별시,11,영등포구,11560,서울특별시,11,강동구,11740,7,71,23,20,39,0,27,7,38,53,29
20230308,서울특별시,11,노원구,11350,서울특별시,11,마포구,11440,4,11,9,24,39,7,12,14,47,17,14
20230308,서울특별시,11,노원구,11350,서울특별시,11,양천구,11470,3,8,5,12,35,0,13,9,44,7,10
20230308,서울특별시,11,노원구,11350,서울특별시,11,강서구,11500,8,13,5,21,39,4,29,33,70,15,8
20230308,서울특별시,11,노원구,11350,서울특별시,11,구로구,11530,3,10,8,22,29,6,16,20,55,8,13
20230308,서울특별시,11,노원구,11350,서울특별시,11,금천구,11545,0,89,0,14,48,3,3,9,47,11,8
20230308,서울특별시,11,노원구,11350,서울특별시,11,영등포구,11560,4,16,6,14,39,3,17,14,69,17,13
20230308,서울특별시,11,노원구,11350,서울특별시,11,동작구,11590,5,9,4,10,39,6,13,9,45,12,8
20230308,서울특별시,11,금천구,11545,서울특별시,11,종로구,11110,10,35,12,27,38,9,27,4,52,33,43
20230308,서울특별시,11,금천구,11545,서울특별시,11,중구,11140,15,30,12,38,37,24,24,8,80,47,78
20230308,서울특별시,11,금천구,11545,서울특별시,11,용산구,11170,5,34,8,55,34,11,33,11,81,35,66
20230308,서울특별시,11,성북구,11290,서울특별시,11,용산구,11170,5,50,12,22,19,10,27,9,126,49,5
20230308,서울특별시,11,성북구,11290,서울특별시,11,성동구,11200,15,72,21,20,22,6,28,14,257,116,10
20230308,서울특별시,11,성북구,11290,서울특별시,11,광진구,11215,5,59,12,19,33,8,46,15,227,100,4
20230308,서울특별시,11,성북구,11290,서울특별시,11,동대문구,11230,5,46,15,12,30,5,32,13,241,79,12
20230308,서울특별시,11,성북구,11290,서울특별시,11,중랑구,11260,6,48,8,16,28,3,38,15,209,81,10
20230308,서울특별시,11,성북구,11290,서울특별시,11,성북구,11290,4,68,20,12,41,9,67,17,336,105,16
20230308,서울특별시,11,성북구,11290,서울특별시,11,강북구,11305,3,52,7,12,20,8,26,8,176,72,6
20230308,서울특별시,11,성북구,11290,서울특별시,11,도봉구,11320,0,39,7,14,24,7,36,4,171,58,4
20230308,서울특별시,11,성북구,11290,서울특별시,11,노원구,11350,10,53,15,21,28,6,52,19,277,109,17
20230308,서울특별시,11,성북구,11290,서울특별시,11,은평구,11380,18,48,9,24,31,7,54,18,263,94,12
20230308,서울특별시,11,성북구,11290,서울특별시,11,서대문구,11410,5,41,14,16,18,8,30,16,215,97,10
20230308,서울특별시,11,성북구,11290,서울특별시,11,마포구,11440,12,93,14,35,47,7,58,19,295,118,9
20230308,서울특별시,11,성북구,11290,서울특별시,11,양천구,11470,9,63,13,18,22,9,42,11,222,85,6
20230308,서울특별시,11,성북구,11290,서울특별시,11,강서구,11500,14,68,17,37,45,7,83,25,402,141,16
20230308,서울특별시,11,종로구,11110,서울특별시,11,양천구,11470,7,27,26,16,174,3,10,3,81,29,10
20230308,서울특별시,11,종로구,11110,서울특별시,11,강서구,11500,3,53,28,25,101,4,15,4,146,60,6
20230308,서울특별시,11,종로구,11110,서울특별시,11,구로구,11530,5,38,17,10,24,3,10,7,79,37,7
20230308,서울특별시,11,종로구,11110,서울특별시,11,금천구,11545,3,20,8,10,20,0,11,0,82,29,4
20230308,서울특별시,11,종로구,11110,서울특별시,11,영등포구,11560,10,30,14,17,98,3,10,5,138,38,14
20230308,서울특별시,11,종로구,11110,서울특별시,11,동작구,11590,11,34,12,13,16,0,8,5,115,38,4
20230308,서울특별시,11,종로구,11110,서울특별시,11,관악구,11620,7,46,16,11,30,7,10,10,184,43,15
20230308,서울특별시,11,종로구,11110,서울특별시,11,서초구,11650,10,54,39,17,112,6,23,10,129,47,7
20230308,서울특별시,11,종로구,11110,서울특별시,11,강남구,11680,14,89,67,27,69,11,34,14,226,79,11
20230308,서울특별시,11,종로구,11110,서울특별시,11,송파구,11710,10,65,30,25,385,13,19,11,182,62,19
20230308,서울특별시,11,성북구,11290,서울특별시,11,구로구,11530,7,42,13,16,37,5,41,12,257,104,9
20230308,서울특별시,11,성북구,11290,서울특별시,11,금천구,11545,4,38,8,14,18,0,37,6,165,79,9
20230308,서울특별시,11,성북구,11290,서울특별시,11,영등포구,11560,8,57,15,20,36,5,56,23,230,100,15
20230308,서울특별시,11,성북구,11290,서울특별시,11,동작구,11590,5,42,13,15,27,6,57,13,228,93,7
20230308,서울특별시,11,성북구,11290,서울특별시,11,관악구,11620,6,65,16,22,42,17,38,24,367,131,13
20230308,서울특별시,11,성북구,11290,서울특별시,11,서초구,11650,12,75,18,22,40,12,55,22,236,104,16
20230308,서울특별시,11,성북구,11290,서울특별시,11,강남구,11680,18,135,19,38,58,14,89,17,404,157,26
20230308,서울특별시,11,성북구,11290,서울특별시,11,송파구,11710,18,107,17,41,75,15,94,30,423,178,28
20230308,서울특별시,11,성북구,11290,서울특별시,11,강동구,11740,9,54,7,22,30,6,48,24,248,103,8
20230308,서울특별시,11,구로구,11530,서울특별시,11,강동구,11740,11,69,20,42,32,15,22,19,74,38,31
20230308,서울특별시,11,구로구,11530,서울특별시,11,송파구,11710,12,103,34,135,58,9,49,32,113,42,52
20230308,서울특별시,11,구로구,11530,서울특별시,11,강남구,11680,23,116,46,123,80,18,66,29,98,52,45
20230308,서울특별시,11,성동구,11200,서울특별시,11,노원구,11350,10,73,14,32,31,6,27,6,173,106,35
20230308,서울특별시,11,성동구,11200,서울특별시,11,은평구,11380,9,39,18,29,39,3,25,5,179,109,40
20230308,서울특별시,11,성동구,11200,서울특별시,11,서대문구,11410,9,53,7,23,19,3,21,8,141,85,22
20230308,서울특별시,11,성동구,11200,서울특별시,11,마포구,11440,13,109,21,39,47,5,46,4,213,117,52
20230308,서울특별시,11,성동구,11200,서울특별시,11,양천구,11470,9,81,12,24,30,4,26,9,165,124,22
20230308,서울특별시,11,성동구,11200,서울특별시,11,강서구,11500,20,94,18,50,41,12,28,9,282,153,61
20230308,서울특별시,11,성동구,11200,서울특별시,11,구로구,11530,11,57,10,28,23,6,28,10,164,101,30
20230308,서울특별시,11,성동구,11200,서울특별시,11,금천구,11545,6,61,12,22,17,17,21,0,116,72,12
20230308,서울특별시,11,성동구,11200,서울특별시,11,영등포구,11560,14,67,22,32,36,10,33,11,189,93,43
20230308,서울특별시,11,성동구,11200,서울특별시,11,동작구,11590,8,62,11,27,34,8,34,10,198,108,23
20230308,서울특별시,11,성동구,11200,서울특별시,11,관악구,11620,13,83,15,32,30,4,42,6,260,109,47
20230308,서울특별시,11,성동구,11200,서울특별시,11,서초구,11650,21,84,17,41,50,4,44,6,234,95,38
20230308,서울특별시,11,성동구,11200,서울특별시,11,강남구,11680,20,162,36,52,91,11,64,9,318,173,70
20230308,서울특별시,11,성동구,11200,서울특별시,11,송파구,11710,19,91,12,44,70,9,53,9,272,194,58
20230308,서울특별시,11,성동구,11200,서울특별시,11,강동구,11740,12,63,10,15,25,3,23,5,170,102,35
20230308,서울특별시,11,성동구,11200,서울특별시,11,도봉구,11320,6,32,7,21,16,0,21,0,91,64,21
20230308,서울특별시,11,성동구,11200,서울특별시,11,강북구,11305,5,27,5,18,10,5,17,0,100,84,16
20230308,서울특별시,11,성동구,11200,서울특별시,11,성북구,11290,9,70,11,38,54,4,86,5,212,125,597
20230308,서울특별시,11,성동구,11200,서울특별시,11,중랑구,11260,3,61,5,22,30,0,24,8,122,87,17
20230308,서울특별시,11,성동구,11200,서울특별시,11,동대문구,11230,10,72,15,28,66,0,58,5,199,82,451
20230308,서울특별시,11,성동구,11200,서울특별시,11,광진구,11215,15,80,18,31,33,12,33,3,167,106,28
20230308,서울특별시,11,성동구,11200,서울특별시,11,성동구,11200,8,140,34,23,43,7,42,6,186,103,37
20230308,서울특별시,11,성동구,11200,서울특별시,11,용산구,11170,14,42,21,33,26,3,28,0,115,48,23
20230308,서울특별시,11,성동구,11200,서울특별시,11,중구,11140,9,69,8,17,38,4,46,0,136,60,213
20230308,서울특별시,11,성동구,11200,서울특별시,11,종로구,11110,0,32,10,17,45,4,37,3,71,50,201
20230308,서울특별시,11,강서구,11500,서울특별시,11,종로구,11110,11,47,21,34,65,0,51,3,106,25,31
20230308,서울특별시,11,강서구,11500,서울특별시,11,중구,11140,5,51,14,32,74,5,35,3,113,96,32
20230308,서울특별시,11,강서구,11500,서울특별시,11,용산구,11170,8,46,18,69,71,6,55,14,80,43,47
20230308,서울특별시,11,강서구,11500,서울특별시,11,성동구,11200,7,69,50,39,56,12,80,11,129,73,60
20230308,서울특별시,11,강서구,11500,서울특별시,11,광진구,11215,13,53,31,50,91,8,58,15,130,62,48
20230308,서울특별시,11,서대문구,11410,서울특별시,11,종로구,11110,0,8,0,11,13,0,14,5,29,6,16
20230308,서울특별시,11,서대문구,11410,서울특별시,11,중구,11140,0,20,12,13,13,3,17,7,28,8,10
20230308,서울특별시,11,서대문구,11410,서울특별시,11,용산구,11170,0,15,5,17,18,6,10,5,28,13,19
20230308,서울특별시,11,서대문구,11410,서울특별시,11,성동구,11200,0,21,15,16,27,5,15,15,73,22,28
20230308,서울특별시,11,서대문구,11410,서울특별시,11,광진구,11215,0,16,7,13,16,3,15,18,44,19,21
20230308,서울특별시,11,서대문구,11410,서울특별시,11,동대문구,11230,0,17,7,16,19,4,33,11,49,15,61
20230308,서울특별시,11,서대문구,11410,서울특별시,11,중랑구,11260,4,19,11,9,17,0,16,12,45,14,34
20230308,서울특별시,11,서대문구,11410,서울특별시,11,성북구,11290,4,25,18,16,18,6,25,21,66,23,34
20230308,서울특별시,11,서대문구,11410,서울특별시,11,강북구,11305,0,7,5,3,12,0,14,13,21,11,19
20230308,서울특별시,11,서대문구,11410,서울특별시,11,도봉구,11320,0,6,5,11,19,0,20,10,27,11,22
20230308,서울특별시,11,서대문구,11410,서울특별시,11,노원구,11350,0,23,10,12,31,4,18,16,51,15,24
20230308,서울특별시,11,서대문구,11410,서울특별시,11,은평구,11380,3,27,9,9,25,8,20,21,53,21,36
20230308,서울특별시,11,서대문구,11410,서울특별시,11,서대문구,11410,7,82,23,16,27,4,39,9,53,18,18
20230308,서울특별시,11,금천구,11545,서울특별시,11,강동구,11740,16,39,10,42,93,33,45,20,181,93,94
20230308,서울특별시,11,금천구,11545,서울특별시,11,송파구,11710,24,94,11,64,115,55,64,25,231,127,174
20230308,서울특별시,11,금천구,11545,서울특별시,11,강남구,11680,31,127,29,85,124,54,114,19,276,130,197
20230308,서울특별시,11,금천구,11545,서울특별시,11,서초구,11650,12,79,22,48,72,46,68,15,179,91,128
20230308,서울특별시,11,금천구,11545,서울특별시,11,관악구,11620,17,41,15,57,57,18,56,23,215,69,98
20230308,서울특별시,11,금천구,11545,서울특별시,11,동작구,11590,6,43,18,39,45,26,41,16,137,52,79
20230308,서울특별시,11,금천구,11545,서울특별시,11,영등포구,11560,13,68,19,46,71,55,66,16,153,110,129
20230308,서울특별시,11,금천구,11545,서울특별시,11,금천구,11545,17,49,15,36,60,13,56,6,95,71,55
20230308,서울특별시,11,금천구,11545,서울특별시,11,구로구,11530,11,52,18,49,65,26,39,17,145,105,124
20230308,서울특별시,11,동작구,11590,서울특별시,11,강동구,11740,7,13,22,9,51,9,10,10,44,19,9
20230308,서울특별시,11,동작구,11590,서울특별시,11,송파구,11710,20,15,37,17,57,8,34,12,68,16,21
20230308,서울특별시,11,동작구,11590,서울특별시,11,강남구,11680,12,31,46,19,53,6,47,7,59,29,17
20230308,서울특별시,11,동작구,11590,서울특별시,11,서초구,11650,7,24,34,11,26,8,21,4,44,16,11
20230308,서울특별시,11,동작구,11590,서울특별시,11,관악구,11620,11,16,58,14,34,0,34,3,69,9,15
20230308,서울특별시,11,동작구,11590,서울특별시,11,동작구,11590,0,19,42,10,29,5,44,5,57,8,12
20230308,서울특별시,11,동작구,11590,서울특별시,11,영등포구,11560,12,13,19,9,29,4,29,6,45,15,15
20230308,서울특별시,11,관악구,11620,서울특별시,11,영등포구,11560,3,17,36,11,19,7,26,8,37,16,9
20230308,서울특별시,11,강서구,11500,서울특별시,11,동대문구,11230,12,51,23,36,79,4,64,18,119,75,60
20230308,서울특별시,11,강서구,11500,서울특별시,11,중랑구,11260,12,69,28,31,66,5,91,9,110,53,50
20230308,서울특별시,11,강서구,11500,서울특별시,11,성북구,11290,14,69,26,59,64,10,82,16,153,61,40
20230308,서울특별시,11,강서구,11500,서울특별시,11,강북구,11305,10,34,19,24,53,9,37,9,90,81,39
20230308,서울특별시,11,강서구,11500,서울특별시,11,도봉구,11320,10,36,26,31,46,8,57,4,85,38,45
20230308,서울특별시,11,구로구,11530,서울특별시,11,서초구,11650,18,78,19,80,41,8,42,15,51,18,36
20230308,서울특별시,11,구로구,11530,서울특별시,11,관악구,11620,15,116,18,37,41,6,31,8,120,42,32
20230308,서울특별시,11,중랑구,11260,서울특별시,11,종로구,11110,6,16,15,4,26,0,26,6,40,13,15
20230308,서울특별시,11,관악구,11620,서울특별시,11,종로구,11110,0,8,36,0,16,0,8,3,31,11,6
20230308,서울특별시,11,관악구,11620,서울특별시,11,중구,11140,7,16,22,5,17,0,18,0,38,11,6
20230308,서울특별시,11,관악구,11620,서울특별시,11,용산구,11170,0,9,17,13,14,0,16,0,23,7,6
20230308,서울특별시,11,관악구,11620,서울특별시,11,성동구,11200,0,23,51,6,21,0,10,3,88,27,8
20230308,서울특별시,11,관악구,11620,서울특별시,11,광진구,11215,5,14,21,10,13,0,20,0,32,7,5
20230308,서울특별시,11,관악구,11620,서울특별시,11,동대문구,11230,7,12,66,5,16,0,10,3,40,11,0
20230308,서울특별시,11,관악구,11620,서울특별시,11,중랑구,11260,0,10,15,5,14,0,16,3,29,15,9
20230308,서울특별시,11,관악구,11620,서울특별시,11,성북구,11290,0,19,42,12,17,0,14,8,57,18,0
20230308,서울특별시,11,서대문구,11410,서울특별시,11,마포구,11440,10,31,17,17,28,8,24,7,57,26,43
20230308,서울특별시,11,서대문구,11410,서울특별시,11,양천구,11470,0,20,10,14,18,5,18,12,27,19,24
20230308,서울특별시,11,서대문구,11410,서울특별시,11,강서구,11500,3,41,15,24,39,6,26,17,54,30,39
20230308,서울특별시,11,서대문구,11410,서울특별시,11,구로구,11530,4,18,6,12,28,5,12,14,36,17,20
20230308,서울특별시,11,서대문구,11410,서울특별시,11,금천구,11545,0,14,7,15,9,4,16,11,38,12,18
20230308,서울특별시,11,서대문구,11410,서울특별시,11,영등포구,11560,6,35,18,9,22,4,29,17,38,26,56
20230308,서울특별시,11,서대문구,11410,서울특별시,11,동작구,11590,0,18,8,11,25,0,9,0,36,25,20
20230308,서울특별시,11,서대문구,11410,서울특별시,11,관악구,11620,5,27,5,22,33,7,15,19,43,17,25
20230308,서울특별시,11,서대문구,11410,서울특별시,11,서초구,11650,7,28,10,16,20,6,31,13,43,17,39
20230308,서울특별시,11,서대문구,11410,서울특별시,11,강남구,11680,8,46,13,19,37,9,51,8,63,32,58
20230308,서울특별시,11,서대문구,11410,서울특별시,11,송파구,11710,8,28,19,19,39,9,47,29,58,30,56
20230308,서울특별시,11,서대문구,11410,서울특별시,11,강동구,11740,3,16,4,22,20,4,22,11,48,18,42
20230308,서울특별시,11,도봉구,11320,서울특별시,11,강동구,11740,6,32,3,24,18,4,13,0,58,22,7
20230308,서울특별시,11,도봉구,11320,서울특별시,11,송파구,11710,5,24,4,25,39,16,34,0,102,28,8
20230308,서울특별시,11,도봉구,11320,서울특별시,11,강남구,11680,11,22,11,24,53,15,39,0,85,21,7
20230308,서울특별시,11,도봉구,11320,서울특별시,11,서초구,11650,5,14,5,27,28,7,23,4,58,10,0
20230308,서울특별시,11,도봉구,11320,서울특별시,11,관악구,11620,6,15,7,26,27,6,33,0,92,18,5
20230308,서울특별시,11,도봉구,11320,서울특별시,11,동작구,11590,4,13,10,14,25,4,20,0,68,10,0
20230308,서울특별시,11,도봉구,11320,서울특별시,11,영등포구,11560,10,17,3,20,27,5,21,3,65,20,6
20230308,서울특별시,11,도봉구,11320,서울특별시,11,금천구,11545,0,12,3,22,19,7,5,0,54,13,3
20230308,서울특별시,11,도봉구,11320,서울특별시,11,구로구,11530,6,26,0,22,25,7,21,5,74,13,8
20230308,서울특별시,11,도봉구,11320,서울특별시,11,강서구,11500,6,19,5,26,35,8,19,0,98,25,6
20230308,서울특별시,11,도봉구,11320,서울특별시,11,양천구,11470,6,15,3,26,25,9,13,4,58,12,0
20230308,서울특별시,11,도봉구,11320,서울특별시,11,마포구,11440,7,9,3,28,28,5,22,0,68,9,4
20230308,서울특별시,11,도봉구,11320,서울특별시,11,서대문구,11410,0,23,3,16,29,3,24,0,67,18,3
20230308,서울특별시,11,강서구,11500,서울특별시,11,노원구,11350,13,85,28,49,82,14,83,18,116,56,66
20230308,서울특별시,11,강서구,11500,서울특별시,11,은평구,11380,18,51,34,41,82,13,95,11,126,45,53
20230308,서울특별시,11,강서구,11500,서울특별시,11,서대문구,11410,14,46,30,54,92,10,60,4,138,79,40
20230308,서울특별시,11,강서구,11500,서울특별시,11,마포구,11440,17,82,33,61,77,16,68,13,362,299,65
20230308,서울특별시,11,강서구,11500,서울특별시,11,양천구,11470,3,55,33,51,85,5,99,17,114,43,97
20230308,서울특별시,11,강서구,11500,서울특별시,11,강서구,11500,13,111,58,93,161,21,139,20,176,92,84
20230308,서울특별시,11,강서구,11500,서울특별시,11,구로구,11530,7,43,21,53,80,10,81,17,110,40,73
20230308,서울특별시,11,강서구,11500,서울특별시,11,금천구,11545,14,57,27,50,52,14,42,6,114,46,30
20230308,서울특별시,11,강서구,11500,서울특별시,11,영등포구,11560,9,67,37,68,101,15,84,16,102,64,80
20230308,서울특별시,11,강서구,11500,서울특별시,11,동작구,11590,12,47,12,41,99,11,80,9,118,209,48
20230308,서울특별시,11,강북구,11305,서울특별시,11,강동구,11740,3,13,4,8,7,0,3,3,61,8,12
20230308,서울특별시,11,강북구,11305,서울특별시,11,송파구,11710,0,22,7,11,12,3,10,3,81,13,7
20230308,서울특별시,11,강북구,11305,서울특별시,11,강남구,11680,0,30,15,11,26,0,13,3,79,7,11
20230308,서울특별시,11,강북구,11305,서울특별시,11,서초구,11650,0,9,10,10,18,0,3,4,42,7,6
20230308,서울특별시,11,강북구,11305,서울특별시,11,관악구,11620,0,11,7,7,19,0,6,3,105,9,7
20230308,서울특별시,11,강북구,11305,서울특별시,11,동작구,11590,0,10,5,4,4,0,5,3,60,8,6
20230308,서울특별시,11,강북구,11305,서울특별시,11,영등포구,11560,0,18,5,8,9,0,7,3,70,8,10
20230308,서울특별시,11,강북구,11305,서울특별시,11,금천구,11545,0,12,5,4,8,0,0,0,60,16,3
20230308,서울특별시,11,강북구,11305,서울특별시,11,구로구,11530,4,6,6,7,17,3,6,0,59,6,5
20230308,서울특별시,11,강북구,11305,서울특별시,11,강서구,11500,0,17,8,4,15,3,9,3,105,9,9
20230308,서울특별시,11,강북구,11305,서울특별시,11,양천구,11470,0,11,3,3,8,0,9,4,76,6,6
20230308,서울특별시,11,강북구,11305,서울특별시,11,마포구,11440,4,17,11,9,12,0,6,0,57,8,8
20230308,서울특별시,11,강서구,11500,서울특별시,11,관악구,11620,21,58,32,48,95,12,94,11,181,61,64
20230308,서울특별시,11,강서구,11500,서울특별시,11,서초구,11650,17,89,32,68,102,10,104,24,112,59,86
20230308,서울특별시,11,도봉구,11320,서울특별시,11,은평구,11380,7,19,5,23,21,5,20,0,90,21,0
20230308,서울특별시,11,도봉구,11320,서울특별시,11,노원구,11350,6,17,9,26,28,4,17,0,101,14,3
20230308,서울특별시,11,도봉구,11320,서울특별시,11,도봉구,11320,3,5,6,12,22,8,26,3,39,13,4
20230308,서울특별시,11,도봉구,11320,서울특별시,11,강북구,11305,0,6,4,13,14,3,11,0,50,13,0
20230308,서울특별시,11,도봉구,11320,서울특별시,11,성북구,11290,6,8,4,27,25,7,30,4,90,18,4
20230308,서울특별시,11,도봉구,11320,서울특별시,11,중랑구,11260,4,16,0,12,27,4,9,3,70,18,3
20230308,서울특별시,11,도봉구,11320,서울특별시,11,동대문구,11230,3,11,4,15,19,5,11,0,61,20,3
20230308,서울특별시,11,도봉구,11320,서울특별시,11,광진구,11215,4,10,4,20,21,6,15,0,62,15,5
20230308,서울특별시,11,도봉구,11320,서울특별시,11,성동구,11200,3,19,11,14,28,0,6,0,61,18,4
20230308,서울특별시,11,도봉구,11320,서울특별시,11,용산구,11170,0,10,0,14,17,0,15,0,36,10,5
20230308,서울특별시,11,도봉구,11320,서울특별시,11,중구,11140,0,5,7,8,22,5,7,0,48,10,4
20230308,서울특별시,11,도봉구,11320,서울특별시,11,종로구,11110,3,12,0,16,14,4,8,0,21,8,0
20230308,서울특별시,11,강북구,11305,서울특별시,11,서대문구,11410,0,6,8,7,7,3,4,3,53,4,3
20230308,서울특별시,11,강북구,11305,서울특별시,11,은평구,11380,0,4,5,5,12,0,8,0,66,8,5
20230308,서울특별시,11,강북구,11305,서울특별시,11,노원구,11350,0,13,9,6,7,0,13,0,91,7,8
20230308,서울특별시,11,강북구,11305,서울특별시,11,도봉구,11320,0,9,9,0,5,0,8,0,59,0,5
20230308,서울특별시,11,강북구,11305,서울특별시,11,강북구,11305,0,16,7,5,9,0,13,4,59,4,3
20230308,서울특별시,11,강북구,11305,서울특별시,11,성북구,11290,4,11,10,3,8,4,8,4,72,9,7
20230308,서울특별시,11,강북구,11305,서울특별시,11,중랑구,11260,3,13,6,5,9,0,4,3,68,6,10
20230308,서울특별시,11,강북구,11305,서울특별시,11,동대문구,11230,0,16,4,13,6,0,3,0,83,5,9
20230308,서울특별시,11,강북구,11305,서울특별시,11,광진구,11215,3,18,3,6,5,0,9,0,63,5,3
20230308,서울특별시,11,강북구,11305,서울특별시,11,성동구,11200,0,16,17,4,7,0,3,0,65,14,7
20230308,서울특별시,11,강북구,11305,서울특별시,11,용산구,11170,0,6,0,5,7,0,3,0,28,4,0
20230308,서울특별시,11,강북구,11305,서울특별시,11,중구,11140,0,12,0,4,10,0,0,0,34,5,5
20230308,서울특별시,11,강북구,11305,서울특별시,11,종로구,11110,0,10,10,0,6,0,0,0,33,6,4
20230308,서울특별시,11,용산구,11170,서울특별시,11,종로구,11110,4,26,6,135,19,0,14,0,36,17,7
20230308,서울특별시,11,용산구,11170,서울특별시,11,중구,11140,3,47,19,155,23,3,12,5,42,17,0
20230308,서울특별시,11,용산구,11170,서울특별시,11,용산구,11170,0,56,12,203,24,0,19,0,69,20,4
20230308,서울특별시,11,용산구,11170,서울특별시,11,성동구,11200,4,59,12,201,22,10,19,0,93,28,9
20230308,서울특별시,11,용산구,11170,서울특별시,11,광진구,11215,4,35,11,174,12,0,11,0,47,27,9
20230308,서울특별시,11,용산구,11170,서울특별시,11,동대문구,11230,3,31,7,151,20,0,14,0,63,17,5
20230308,서울특별시,11,용산구,11170,서울특별시,11,중랑구,11260,0,34,4,118,18,0,16,0,60,21,10
20230308,서울특별시,11,용산구,11170,서울특별시,11,성북구,11290,6,27,5,205,23,0,10,6,84,16,6
20230308,서울특별시,11,용산구,11170,서울특별시,11,강북구,11305,0,23,6,82,7,0,12,3,24,13,4
20230308,서울특별시,11,용산구,11170,서울특별시,11,도봉구,11320,4,16,0,95,13,5,8,3,39,8,3
20230308,서울특별시,11,용산구,11170,서울특별시,11,노원구,11350,0,36,15,200,23,7,23,4,67,13,7
20230308,서울특별시,11,용산구,11170,서울특별시,11,은평구,11380,7,26,7,166,31,4,24,0,63,16,6
20230308,서울특별시,11,강서구,11500,서울특별시,11,강남구,11680,31,132,66,98,157,20,153,24,184,106,117
20230308,서울특별시,11,강서구,11500,서울특별시,11,송파구,11710,20,85,37,93,155,24,122,22,198,82,110
20230308,서울특별시,11,강서구,11500,서울특별시,11,강동구,11740,3,88,41,51,88,15,72,23,118,61,60
20230308,서울특별시,11,관악구,11620,서울특별시,11,강북구,11305,0,9,11,4,11,3,14,0,23,8,0
20230308,서울특별시,11,관악구,11620,서울특별시,11,도봉구,11320,3,8,9,3,10,0,12,0,24,14,3
20230308,서울특별시,11,관악구,11620,서울특별시,11,노원구,11350,4,11,20,7,21,0,21,0,42,9,8
20230308,서울특별시,11,관악구,11620,서울특별시,11,은평구,11380,3,14,25,9,15,0,23,9,28,16,6
20230308,서울특별시,11,관악구,11620,서울특별시,11,서대문구,11410,4,13,37,5,14,4,13,0,29,10,5
20230308,서울특별시,11,관악구,11620,서울특별시,11,마포구,11440,4,21,39,12,17,0,22,0,32,14,10
20230308,서울특별시,11,관악구,11620,서울특별시,11,양천구,11470,3,13,12,3,21,0,20,8,24,18,9
20230308,서울특별시,11,관악구,11620,서울특별시,11,강서구,11500,4,19,26,16,32,4,32,8,62,17,15
20230308,서울특별시,11,금천구,11545,서울특별시,11,강서구,11500,23,84,20,45,70,46,73,22,231,131,138
20230308,서울특별시,11,금천구,11545,서울특별시,11,양천구,11470,11,45,13,38,45,21,41,14,183,83,95
20230308,서울특별시,11,금천구,11545,서울특별시,11,마포구,11440,19,63,17,59,75,35,51,22,199,129,120
20230308,서울특별시,11,금천구,11545,서울특별시,11,서대문구,11410,11,40,10,28,36,19,37,23,154,54,75
20230308,서울특별시,11,금천구,11545,서울특별시,11,은평구,11380,6,35,12,52,44,19,55,15,152,66,91
20230308,서울특별시,11,금천구,11545,서울특별시,11,노원구,11350,7,52,16,37,60,33,62,21,141,81,99
20230308,서울특별시,11,금천구,11545,서울특별시,11,도봉구,11320,7,20,5,14,35,13,23,6,97,46,56
20230308,서울특별시,11,금천구,11545,서울특별시,11,강북구,11305,4,22,9,13,21,6,30,16,87,41,43
20230308,서울특별시,11,금천구,11545,서울특별시,11,성북구,11290,12,42,10,36,52,33,57,28,174,77,103
20230308,서울특별시,11,금천구,11545,서울특별시,11,중랑구,11260,10,35,8,44,36,21,38,12,133,59,68
20230308,서울특별시,11,금천구,11545,서울특별시,11,동대문구,11230,19,38,12,37,55,11,37,20,136,218,80
20230308,서울특별시,11,용산구,11170,서울특별시,11,서대문구,11410,4,35,5,160,27,3,8,3,55,12,0
20230308,서울특별시,11,용산구,11170,서울특별시,11,마포구,11440,4,54,13,305,30,5,20,6,83,21,24
20230308,서울특별시,11,용산구,11170,서울특별시,11,양천구,11470,3,38,6,158,15,0,15,0,74,19,3
20230308,서울특별시,11,용산구,11170,서울특별시,11,강서구,11500,12,73,17,316,38,7,27,0,93,33,11
20230308,서울특별시,11,용산구,11170,서울특별시,11,구로구,11530,4,35,4,251,28,4,15,6,59,18,7
20230308,서울특별시,11,용산구,11170,서울특별시,11,금천구,11545,0,28,7,251,24,0,10,0,35,16,9
20230308,서울특별시,11,용산구,11170,서울특별시,11,영등포구,11560,7,55,9,324,33,3,18,3,73,18,8
20230308,서울특별시,11,용산구,11170,서울특별시,11,동작구,11590,5,35,12,178,35,8,11,0,74,15,4
20230308,서울특별시,11,용산구,11170,서울특별시,11,서초구,11650,4,68,13,382,48,10,21,5,85,26,8
20230308,서울특별시,11,용산구,11170,서울특별시,11,강남구,11680,13,86,27,566,79,7,45,5,121,33,15
20230308,서울특별시,11,용산구,11170,서울특별시,11,송파구,11710,0,83,16,382,58,9,32,14,117,26,10
20230308,서울특별시,11,용산구,11170,서울특별시,11,강동구,11740,0,49,0,169,25,5,21,0,71,20,5
20230308,서울특별시,11,중구,11140,서울특별시,11,종로구,11110,5,82,19,4,70,0,21,0,101,33,14
20230308,서울특별시,11,중구,11140,서울특별시,11,중구,11140,9,88,43,9,76,6,40,0,134,34,15
20230308,서울특별시,11,중구,11140,서울특별시,11,용산구,11170,12,78,13,12,40,0,38,5,155,41,9
20230308,서울특별시,11,중구,11140,서울특별시,11,성동구,11200,10,91,24,16,66,8,38,0,221,107,10
20230308,서울특별시,11,중구,11140,서울특별시,11,광진구,11215,7,52,8,8,60,3,37,3,217,49,16
20230308,서울특별시,11,중구,11140,서울특별시,11,동대문구,11230,6,75,16,6,49,5,26,3,195,33,8
20230308,서울특별시,11,중구,11140,서울특별시,11,중랑구,11260,7,46,7,5,51,0,28,4,134,43,10
20230308,서울특별시,11,중구,11140,서울특별시,11,성북구,11290,19,78,14,8,33,8,32,5,227,57,10
20230308,서울특별시,11,중구,11140,서울특별시,11,강북구,11305,8,44,9,3,35,4,23,0,124,43,7
20230308,서울특별시,11,중구,11140,서울특별시,11,도봉구,11320,9,43,9,3,25,0,9,5,96,23,7
20230308,서울특별시,11,중구,11140,서울특별시,11,노원구,11350,8,91,15,5,61,8,37,6,205,63,17
20230308,서울특별시,11,중구,11140,서울특별시,11,은평구,11380,5,83,19,10,65,3,28,0,193,56,14
20230308,서울특별시,11,중구,11140,서울특별시,11,서대문구,11410,9,72,18,12,54,13,21,4,186,45,12
20230308,서울특별시,11,중구,11140,서울특별시,11,마포구,11440,14,118,14,13,123,7,39,8,242,74,22
20230308,서울특별시,11,중구,11140,서울특별시,11,양천구,11470,13,76,18,4,35,8,21,0,179,57,12
20230308,서울특별시,11,중구,11140,서울특별시,11,강서구,11500,21,127,17,8,98,13,33,5,269,91,16
20230308,서울특별시,11,중구,11140,서울특별시,11,구로구,11530,8,73,16,9,64,5,37,5,149,49,7
20230308,서울특별시,11,중구,11140,서울특별시,11,금천구,11545,7,45,9,7,48,3,28,3,121,40,4
20230308,서울특별시,11,중구,11140,서울특별시,11,영등포구,11560,10,79,19,16,89,6,25,0,221,59,11
20230308,서울특별시,11,중구,11140,서울특별시,11,동작구,11590,7,63,13,5,31,8,30,3,226,44,11
20230308,서울특별시,11,중구,11140,서울특별시,11,관악구,11620,9,71,13,7,58,5,25,3,259,63,12
20230308,서울특별시,11,중구,11140,서울특별시,11,서초구,11650,17,100,25,14,124,14,36,4,265,72,20
20230308,서울특별시,11,중구,11140,서울특별시,11,강남구,11680,30,144,40,22,250,9,52,10,389,101,26
20230308,서울특별시,11,중구,11140,서울특별시,11,송파구,11710,22,124,29,14,110,13,59,10,304,100,25
20230308,서울특별시,11,중구,11140,서울특별시,11,강동구,11740,10,52,18,4,67,3,39,7,186,67,5
20230308,서울특별시,11,동대문구,11230,서울특별시,11,종로구,11110,4,14,10,5,23,0,23,0,60,8,6
20230308,서울특별시,11,동대문구,11230,서울특별시,11,중구,11140,0,14,14,11,27,8,21,6,75,58,6
20230308,서울특별시,11,동대문구,11230,서울특별시,11,용산구,11170,4,20,16,12,30,0,26,5,70,14,11
20230308,서울특별시,11,동대문구,11230,서울특별시,11,성동구,11200,8,45,35,6,27,3,46,4,150,86,18
20230308,서울특별시,11,동대문구,11230,서울특별시,11,광진구,11215,7,31,33,7,35,3,31,3,133,33,17
20230308,서울특별시,11,동대문구,11230,서울특별시,11,동대문구,11230,6,33,41,13,41,8,54,4,151,36,17
20230308,서울특별시,11,동대문구,11230,서울특별시,11,중랑구,11260,3,25,37,12,40,3,69,7,118,17,21
20230308,서울특별시,11,동대문구,11230,서울특별시,11,성북구,11290,4,36,45,9,40,3,65,7,162,35,20
20230308,서울특별시,11,동대문구,11230,서울특별시,11,강북구,11305,0,16,26,5,24,0,26,9,91,23,12
20230308,서울특별시,11,동대문구,11230,서울특별시,11,도봉구,11320,3,19,31,9,37,4,27,3,80,22,15
20230308,서울특별시,11,동대문구,11230,서울특별시,11,노원구,11350,5,31,67,14,43,5,53,4,128,29,18
20230308,서울특별시,11,동대문구,11230,서울특별시,11,은평구,11380,12,35,43,9,48,3,63,7,120,36,26
20230308,서울특별시,11,동대문구,11230,서울특별시,11,서대문구,11410,5,20,27,9,38,0,48,9,104,26,21
20230308,서울특별시,11,동대문구,11230,서울특별시,11,마포구,11440,16,32,30,20,59,0,50,8,141,25,20
20230308,서울특별시,11,동대문구,11230,서울특별시,11,양천구,11470,4,34,39,10,44,0,47,5,114,32,18
20230308,서울특별시,11,동대문구,11230,서울특별시,11,강서구,11500,15,53,84,15,68,4,71,13,174,47,33
20230308,서울특별시,11,동대문구,11230,서울특별시,11,구로구,11530,4,32,43,21,33,0,59,7,104,25,20
20230308,서울특별시,11,동대문구,11230,서울특별시,11,금천구,11545,6,32,25,9,37,3,35,8,85,15,14
20230308,서울특별시,11,동대문구,11230,서울특별시,11,영등포구,11560,6,41,45,13,52,11,38,5,153,27,18
20230308,서울특별시,11,동대문구,11230,서울특별시,11,동작구,11590,7,32,59,8,33,3,42,7,107,28,18
20230308,서울특별시,11,동대문구,11230,서울특별시,11,관악구,11620,9,29,52,14,41,6,76,4,171,42,35
20230308,서울특별시,11,동대문구,11230,서울특별시,11,서초구,11650,10,39,28,16,45,4,54,5,87,28,23
20230308,서울특별시,11,동대문구,11230,서울특별시,11,강남구,11680,21,62,43,13,94,8,91,4,165,53,33
20230308,서울특별시,11,동대문구,11230,서울특별시,11,송파구,11710,11,63,54,13,71,6,95,15,224,51,36
20230308,서울특별시,11,동대문구,11230,서울특별시,11,강동구,11740,5,39,40,7,35,6,47,9,145,28,27
20230308,서울특별시,11,관악구,11620,서울특별시,11,구로구,11530,0,11,23,9,24,0,24,9,38,21,7
20230308,서울특별시,11,관악구,11620,서울특별시,11,금천구,11545,4,25,10,13,36,0,39,11,56,10,286
20230308,서울특별시,11,금천구,11545,서울특별시,11,광진구,11215,11,38,12,45,40,16,42,14,184,60,77
20230308,서울특별시,11,금천구,11545,서울특별시,11,성동구,11200,8,49,15,36,47,30,46,16,127,83,86
20230308,서울특별시,11,동작구,11590,서울특별시,11,금천구,11545,5,4,18,8,21,0,15,3,59,14,7
20230308,서울특별시,11,동작구,11590,서울특별시,11,구로구,11530,7,23,24,11,50,3,20,6,44,14,11
20230308,서울특별시,11,동작구,11590,서울특별시,11,강서구,11500,18,17,29,20,32,5,26,0,55,24,12
20230308,서울특별시,11,동작구,11590,서울특별시,11,양천구,11470,5,8,22,9,27,9,15,5,33,16,6
20230308,서울특별시,11,동작구,11590,서울특별시,11,마포구,11440,8,16,43,19,34,5,27,8,50,8,9
20230308,서울특별시,11,동작구,11590,서울특별시,11,서대문구,11410,5,20,32,5,21,4,21,7,31,9,12
20230308,서울특별시,11,동작구,11590,서울특별시,11,은평구,11380,8,22,18,7,26,5,24,6,53,15,10
20230308,서울특별시,11,동작구,11590,서울특별시,11,노원구,11350,3,15,32,9,31,3,18,5,51,8,12
20230308,서울특별시,11,동작구,11590,서울특별시,11,도봉구,11320,6,3,13,5,21,0,7,0,32,5,5
20230308,서울특별시,11,동작구,11590,서울특별시,11,강북구,11305,0,7,7,4,15,3,21,6,26,4,3
20230308,서울특별시,11,동작구,11590,서울특별시,11,성북구,11290,6,10,45,8,25,3,20,4,53,13,19
20230308,서울특별시,11,동작구,11590,서울특별시,11,중랑구,11260,8,12,15,7,23,3,12,0,37,10,11
20230308,서울특별시,11,동작구,11590,서울특별시,11,동대문구,11230,7,17,27,9,20,3,17,4,38,7,14
20230308,서울특별시,11,양천구,11470,서울특별시,11,성동구,11200,0,27,18,12,16,11,25,0,64,86,7
20230308,서울특별시,11,양천구,11470,서울특별시,11,광진구,11215,0,18,9,20,20,5,9,0,36,30,8
20230308,서울특별시,11,양천구,11470,서울특별시,11,동대문구,11230,0,11,6,14,21,10,11,0,38,29,19
20230308,서울특별시,11,양천구,11470,서울특별시,11,중랑구,11260,0,10,0,18,14,4,11,0,29,17,8
20230308,서울특별시,11,양천구,11470,서울특별시,11,성북구,11290,4,26,9,23,16,4,16,3,45,28,10
20230308,서울특별시,11,양천구,11470,서울특별시,11,강북구,11305,0,6,3,8,10,0,8,0,22,15,5
20230308,서울특별시,11,광진구,11215,서울특별시,11,양천구,11470,6,19,11,19,51,10,13,5,103,43,31
20230308,서울특별시,11,광진구,11215,서울특별시,11,마포구,11440,10,37,5,34,50,7,33,3,88,53,24
20230308,서울특별시,11,광진구,11215,서울특별시,11,서대문구,11410,5,14,5,21,32,11,4,0,77,35,16
20230308,서울특별시,11,광진구,11215,서울특별시,11,은평구,11380,14,21,5,20,43,6,6,4,75,56,25
20230308,서울특별시,11,광진구,11215,서울특별시,11,노원구,11350,5,18,15,21,46,11,13,8,96,50,43
20230308,서울특별시,11,광진구,11215,서울특별시,11,도봉구,11320,0,11,6,14,27,6,9,0,63,26,20
20230308,서울특별시,11,광진구,11215,서울특별시,11,강북구,11305,0,11,5,11,29,5,7,0,65,35,8
20230308,서울특별시,11,광진구,11215,서울특별시,11,성북구,11290,8,27,15,23,48,14,13,0,112,59,22
20230308,서울특별시,11,광진구,11215,서울특별시,11,중랑구,11260,0,17,8,25,44,14,14,3,75,47,13
20230308,서울특별시,11,광진구,11215,서울특별시,11,동대문구,11230,7,18,7,22,37,7,8,5,82,48,13
20230308,서울특별시,11,광진구,11215,서울특별시,11,광진구,11215,7,22,11,71,31,10,40,5,111,49,25
20230308,서울특별시,11,광진구,11215,서울특별시,11,성동구,11200,4,34,18,23,41,8,24,6,101,82,25
20230308,서울특별시,11,광진구,11215,서울특별시,11,용산구,11170,6,20,8,27,32,4,6,4,47,23,13
20230308,서울특별시,11,광진구,11215,서울특별시,11,중구,11140,0,16,16,21,30,4,7,0,62,24,9
20230308,서울특별시,11,광진구,11215,서울특별시,11,종로구,11110,0,16,8,10,17,3,7,0,48,17,4
20230309,서울특별시,11,송파구,11710,서울특별시,11,양천구,11470,6,31,7,19,14,11,32,3,87,27,13
20230309,서울특별시,11,영등포구,11560,서울특별시,11,종로구,11110,3,49,10,9,35,0,26,3,21,14,14
20230309,서울특별시,11,영등포구,11560,서울특별시,11,중구,11140,0,88,19,20,18,0,22,3,46,13,25
20230309,서울특별시,11,영등포구,11560,서울특별시,11,용산구,11170,9,27,13,25,40,4,20,5,34,15,12
20230309,서울특별시,11,영등포구,11560,서울특별시,11,성동구,11200,3,65,29,14,37,0,27,5,70,35,19
20230309,서울특별시,11,영등포구,11560,서울특별시,11,광진구,11215,0,45,9,22,25,0,19,0,47,16,19
20230309,서울특별시,11,영등포구,11560,서울특별시,11,동대문구,11230,4,43,15,11,30,3,25,0,60,28,31
20230309,서울특별시,11,영등포구,11560,서울특별시,11,중랑구,11260,3,53,3,11,31,0,25,3,34,24,39
20230309,서울특별시,11,영등포구,11560,서울특별시,11,성북구,11290,4,65,14,22,30,4,36,0,54,31,32
20230309,서울특별시,11,영등포구,11560,서울특별시,11,강북구,11305,0,56,8,6,16,0,21,0,32,28,23
20230309,서울특별시,11,영등포구,11560,서울특별시,11,도봉구,11320,0,47,5,7,17,0,17,4,28,14,18
20230309,서울특별시,11,영등포구,11560,서울특별시,11,노원구,11350,5,74,17,14,33,6,25,0,44,40,22
20230309,서울특별시,11,영등포구,11560,서울특별시,11,은평구,11380,7,65,11,14,36,0,22,4,47,25,22
20230309,서울특별시,11,영등포구,11560,서울특별시,11,서대문구,11410,7,41,16,15,31,0,24,3,41,20,22
20230309,서울특별시,11,영등포구,11560,서울특별시,11,마포구,11440,9,106,18,29,46,4,28,3,78,27,21
20230309,서울특별시,11,영등포구,11560,서울특별시,11,양천구,11470,10,53,22,15,28,0,18,6,29,16,22
20230309,서울특별시,11,영등포구,11560,서울특별시,11,강서구,11500,6,70,13,41,33,4,31,4,59,35,34
20230309,서울특별시,11,영등포구,11560,서울특별시,11,구로구,11530,7,71,24,15,34,0,24,6,40,34,22
20230309,서울특별시,11,영등포구,11560,서울특별시,11,금천구,11545,6,62,9,17,19,0,9,0,38,27,29
20230309,서울특별시,11,영등포구,11560,서울특별시,11,영등포구,11560,10,98,34,34,47,3,49,7,40,44,28
20230309,서울특별시,11,영등포구,11560,서울특별시,11,동작구,11590,6,59,17,24,26,0,21,0,32,20,28
20230309,서울특별시,11,영등포구,11560,서울특별시,11,관악구,11620,5,74,24,22,38,4,20,0,57,28,21
20230309,서울특별시,11,영등포구,11560,서울특별시,11,서초구,11650,10,92,27,30,47,3,45,3,53,35,14
20230309,서울특별시,11,영등포구,11560,서울특별시,11,강남구,11680,12,137,29,52,64,8,54,0,70,51,30
20230309,서울특별시,11,영등포구,11560,서울특별시,11,송파구,11710,13,103,15,28,52,10,41,4,70,39,23
20230309,서울특별시,11,영등포구,11560,서울특별시,11,강동구,11740,7,67,14,14,35,5,19,3,54,27,25
20230309,서울특별시,11,구로구,11530,서울특별시,11,종로구,11110,7,26,9,17,24,3,13,0,24,9,12
20230309,서울특별시,11,구로구,11530,서울특별시,11,중구,11140,4,46,10,23,23,0,8,0,53,14,10
20230309,서울특별시,11,구로구,11530,서울특별시,11,용산구,11170,5,39,8,19,34,3,15,0,34,9,15
20230309,서울특별시,11,구로구,11530,서울특별시,11,성동구,11200,4,47,19,25,31,10,9,0,98,43,15
20230309,서울특별시,11,구로구,11530,서울특별시,11,광진구,11215,5,52,21,28,35,6,16,4,60,23,27
20230309,서울특별시,11,구로구,11530,서울특별시,11,동대문구,11230,5,55,15,21,44,9,11,3,79,25,13
20230309,서울특별시,11,구로구,11530,서울특별시,11,중랑구,11260,3,45,8,16,24,11,13,0,56,31,25
20230309,서울특별시,11,구로구,11530,서울특별시,11,성북구,11290,9,75,17,30,25,6,15,3,72,41,20
20230309,서울특별시,11,구로구,11530,서울특별시,11,강북구,11305,0,33,10,19,15,10,12,0,26,17,25
20230309,서울특별시,11,구로구,11530,서울특별시,11,도봉구,11320,8,42,8,23,15,9,12,5,51,21,17
20230309,서울특별시,11,구로구,11530,서울특별시,11,노원구,11350,13,66,9,25,28,4,13,6,44,29,26
20230309,서울특별시,11,구로구,11530,서울특별시,11,은평구,11380,17,62,11,30,34,6,17,6,59,37,24
20230309,서울특별시,11,구로구,11530,서울특별시,11,서대문구,11410,11,43,11,30,35,6,14,3,57,31,16
20230309,서울특별시,11,구로구,11530,서울특별시,11,마포구,11440,9,58,20,32,29,12,19,6,64,38,40
20230309,서울특별시,11,구로구,11530,서울특별시,11,양천구,11470,5,55,18,19,24,5,19,7,64,35,22
20230309,서울특별시,11,구로구,11530,서울특별시,11,강서구,11500,11,86,17,32,53,7,25,5,120,52,24
20230309,서울특별시,11,구로구,11530,서울특별시,11,구로구,11530,10,82,24,44,47,15,45,3,66,35,19
20230309,서울특별시,11,구로구,11530,서울특별시,11,금천구,11545,6,52,6,42,38,11,16,0,59,26,14
20230309,서울특별시,11,구로구,11530,서울특별시,11,영등포구,11560,7,73,21,31,45,7,17,0,74,21,19
20230309,서울특별시,11,구로구,11530,서울특별시,11,동작구,11590,15,68,19,28,33,3,20,6,57,34,22
20230309,서울특별시,11,구로구,11530,서울특별시,11,관악구,11620,17,90,18,24,29,12,27,6,88,39,25
20230309,서울특별시,11,구로구,11530,서울특별시,11,서초구,11650,6,71,25,34,49,8,15,7,53,29,33
20230309,서울특별시,11,구로구,11530,서울특별시,11,강남구,11680,20,119,20,72,71,12,22,8,89,48,50
20230309,서울특별시,11,구로구,11530,서울특별시,11,송파구,11710,17,80,26,51,55,12,21,5,98,60,43
20230309,서울특별시,11,구로구,11530,서울특별시,11,강동구,11740,11,69,12,25,36,9,13,5,64,39,32
20230309,서울특별시,11,동대문구,11230,서울특별시,11,강동구,11740,5,30,15,10,25,5,46,7,126,24,11
20230309,서울특별시,11,동대문구,11230,서울특별시,11,송파구,11710,7,60,17,14,69,7,73,8,181,45,18
20230309,서울특별시,11,동대문구,11230,서울특별시,11,강남구,11680,10,76,16,20,77,11,81,4,150,44,17
20230309,서울특별시,11,동대문구,11230,서울특별시,11,서초구,11650,3,41,16,14,58,4,55,8,115,28,14
20230309,서울특별시,11,동대문구,11230,서울특별시,11,관악구,11620,9,44,11,20,48,3,61,10,125,24,14
20230309,서울특별시,11,동대문구,11230,서울특별시,11,동작구,11590,7,16,10,9,34,0,45,0,118,21,8
20230309,서울특별시,11,동대문구,11230,서울특별시,11,영등포구,11560,4,29,8,22,35,4,57,7,108,28,15
20230309,서울특별시,11,동대문구,11230,서울특별시,11,금천구,11545,4,27,5,7,34,0,27,0,91,21,8
20230309,서울특별시,11,동대문구,11230,서울특별시,11,구로구,11530,5,26,3,6,32,3,45,4,98,15,14
20230309,서울특별시,11,동대문구,11230,서울특별시,11,강서구,11500,14,48,9,10,70,3,76,9,183,47,19
20230309,서울특별시,11,동대문구,11230,서울특별시,11,양천구,11470,4,24,0,3,40,0,63,6,97,19,12
20230309,서울특별시,11,동대문구,11230,서울특별시,11,마포구,11440,8,49,11,15,46,4,47,4,129,37,22
20230309,서울특별시,11,동대문구,11230,서울특별시,11,서대문구,11410,5,23,5,9,25,3,40,5,94,23,9
20230309,서울특별시,11,동대문구,11230,서울특별시,11,은평구,11380,4,26,3,8,48,0,58,5,119,23,15
20230309,서울특별시,11,동대문구,11230,서울특별시,11,노원구,11350,4,39,11,13,48,0,64,15,102,20,19
20230309,서울특별시,11,동대문구,11230,서울특별시,11,도봉구,11320,5,12,4,7,22,0,28,16,64,17,5
20230309,서울특별시,11,동대문구,11230,서울특별시,11,강북구,11305,3,22,3,5,18,4,41,4,79,13,10
20230309,서울특별시,11,동대문구,11230,서울특별시,11,성북구,11290,7,40,9,9,38,3,44,6,139,25,16
20230309,서울특별시,11,동대문구,11230,서울특별시,11,중랑구,11260,3,26,8,5,27,5,37,0,78,21,6
20230309,서울특별시,11,동대문구,11230,서울특별시,11,동대문구,11230,8,48,10,12,28,4,72,7,149,25,12
20230309,서울특별시,11,동대문구,11230,서울특별시,11,광진구,11215,3,43,12,7,30,0,38,3,109,16,7
20230309,서울특별시,11,동대문구,11230,서울특별시,11,성동구,11200,7,44,23,12,31,3,40,6,151,55,9
20230309,서울특별시,11,동대문구,11230,서울특별시,11,용산구,11170,0,29,5,20,31,4,41,0,84,15,9
20230309,서울특별시,11,동대문구,11230,서울특별시,11,중구,11140,6,25,13,10,22,4,32,0,50,9,10
20230309,서울특별시,11,동대문구,11230,서울특별시,11,종로구,11110,8,21,3,7,14,3,30,4,46,11,7
20230309,서울특별시,11,금천구,11545,서울특별시,11,종로구,11110,5,29,14,31,28,7,14,6,55,29,34
20230309,서울특별시,11,금천구,11545,서울특별시,11,중구,11140,7,28,19,28,29,12,16,6,76,43,45
20230309,서울특별시,11,금천구,11545,서울특별시,11,용산구,11170,11,28,9,56,42,17,34,9,72,34,50
20230309,서울특별시,11,금천구,11545,서울특별시,11,성동구,11200,12,47,24,45,31,23,44,20,108,105,61
20230309,서울특별시,11,금천구,11545,서울특별시,11,광진구,11215,14,27,12,35,34,23,27,11,152,72,76
20230309,서울특별시,11,금천구,11545,서울특별시,11,동대문구,11230,14,35,23,41,41,20,41,12,144,165,57
20230309,서울특별시,11,금천구,11545,서울특별시,11,중랑구,11260,5,34,14,32,36,15,26,9,109,55,78
20230309,서울특별시,11,금천구,11545,서울특별시,11,성북구,11290,13,49,20,45,49,14,43,22,171,55,84
20230309,서울특별시,11,금천구,11545,서울특별시,11,강북구,11305,4,22,10,19,31,6,20,7,90,60,37
20230309,서울특별시,11,금천구,11545,서울특별시,11,도봉구,11320,7,36,14,19,23,9,19,9,74,30,43
20230309,서울특별시,11,금천구,11545,서울특별시,11,노원구,11350,16,59,21,43,54,27,40,16,155,73,94
20230309,서울특별시,11,금천구,11545,서울특별시,11,은평구,11380,13,23,19,40,35,14,37,15,152,61,86
20230309,서울특별시,11,금천구,11545,서울특별시,11,서대문구,11410,11,33,19,29,42,13,28,10,127,58,73
20230309,서울특별시,11,금천구,11545,서울특별시,11,마포구,11440,11,42,32,55,66,20,57,17,185,107,114
20230309,서울특별시,11,금천구,11545,서울특별시,11,양천구,11470,11,40,21,45,47,21,33,15,132,76,92
20230309,서울특별시,11,금천구,11545,서울특별시,11,강서구,11500,20,45,28,63,73,28,55,27,227,116,161
20230309,서울특별시,11,금천구,11545,서울특별시,11,구로구,11530,14,59,31,41,66,10,35,19,133,86,93
20230309,서울특별시,11,금천구,11545,서울특별시,11,금천구,11545,15,40,21,38,51,12,43,8,95,45,35
20230309,서울특별시,11,금천구,11545,서울특별시,11,영등포구,11560,13,72,24,47,83,23,43,24,166,74,101
20230309,서울특별시,11,금천구,11545,서울특별시,11,동작구,11590,14,31,13,31,43,22,33,18,147,77,73
20230309,서울특별시,11,금천구,11545,서울특별시,11,관악구,11620,11,46,21,31,47,18,48,9,198,65,87
20230309,서울특별시,11,금천구,11545,서울특별시,11,서초구,11650,7,57,29,49,79,52,62,20,175,90,116
20230309,서울특별시,11,금천구,11545,서울특별시,11,강남구,11680,27,117,46,94,107,49,97,25,293,109,208
20230309,서울특별시,11,금천구,11545,서울특별시,11,송파구,11710,23,82,40,53,93,40,54,26,241,122,156
20230309,서울특별시,11,금천구,11545,서울특별시,11,강동구,11740,16,45,16,41,44,25,45,16,178,108,88
20230309,서울특별시,11,강동구,11740,서울특별시,11,강동구,11740,11,71,14,20,42,3,75,6,57,30,20
20230309,서울특별시,11,강동구,11740,서울특별시,11,송파구,11710,12,78,14,24,66,6,72,0,64,35,21
20230309,서울특별시,11,강동구,11740,서울특별시,11,강남구,11680,23,72,14,22,82,4,64,0,51,21,17
20230309,서울특별시,11,강동구,11740,서울특별시,11,서초구,11650,7,59,8,19,53,4,54,3,35,23,17
20230309,서울특별시,11,강동구,11740,서울특별시,11,관악구,11620,9,40,10,15,27,5,35,0,43,24,8
20230309,서울특별시,11,강동구,11740,서울특별시,11,동작구,11590,0,21,4,14,21,4,33,0,23,11,18
20230309,서울특별시,11,강동구,11740,서울특별시,11,영등포구,11560,12,52,4,11,45,6,30,0,20,22,8
20230309,서울특별시,11,강동구,11740,서울특별시,11,금천구,11545,4,34,3,15,31,3,23,0,35,18,7
20230309,서울특별시,11,강동구,11740,서울특별시,11,구로구,11530,11,25,7,13,31,6,25,7,29,18,18
20230309,서울특별시,11,강동구,11740,서울특별시,11,강서구,11500,15,47,8,28,47,5,42,0,36,23,12
20230309,서울특별시,11,강동구,11740,서울특별시,11,양천구,11470,5,24,5,12,32,3,30,4,22,20,8
20230309,서울특별시,11,강동구,11740,서울특별시,11,마포구,11440,14,47,14,13,50,5,49,0,30,19,8
20230309,서울특별시,11,강동구,11740,서울특별시,11,서대문구,11410,14,28,6,13,23,3,47,0,18,11,8
20230309,서울특별시,11,강동구,11740,서울특별시,11,은평구,11380,9,30,5,5,29,6,29,0,28,13,10
20230309,서울특별시,11,강동구,11740,서울특별시,11,노원구,11350,8,18,8,9,37,6,51,0,14,19,5
20230309,서울특별시,11,강동구,11740,서울특별시,11,도봉구,11320,6,17,10,5,27,3,22,0,32,8,3
20230309,서울특별시,11,강동구,11740,서울특별시,11,강북구,11305,0,14,3,4,13,6,20,0,14,11,3
20230309,서울특별시,11,강동구,11740,서울특별시,11,성북구,11290,9,47,3,6,26,0,38,6,43,18,5
20230309,서울특별시,11,강동구,11740,서울특별시,11,중랑구,11260,6,12,3,7,28,5,27,0,28,11,6
20230309,서울특별시,11,강동구,11740,서울특별시,11,동대문구,11230,10,22,13,9,23,5,23,0,46,15,0
20230309,서울특별시,11,강동구,11740,서울특별시,11,광진구,11215,10,29,4,11,34,3,31,0,31,15,8
20230309,서울특별시,11,강동구,11740,서울특별시,11,성동구,11200,5,44,12,15,37,4,37,3,68,21,7
20230309,서울특별시,11,강동구,11740,서울특별시,11,용산구,11170,16,21,3,14,20,6,42,0,18,10,6
20230309,서울특별시,11,강동구,11740,서울특별시,11,중구,11140,4,28,4,4,25,3,23,0,35,13,8
20230309,서울특별시,11,강동구,11740,서울특별시,11,종로구,11110,4,18,7,4,23,0,30,0,29,12,6
20230309,서울특별시,11,관악구,11620,서울특별시,11,강동구,11740,0,16,12,7,24,0,23,4,50,16,14
20230309,서울특별시,11,관악구,11620,서울특별시,11,송파구,11710,5,23,25,5,43,0,27,9,52,20,6
20230309,서울특별시,11,관악구,11620,서울특별시,11,강남구,11680,10,33,45,17,35,3,30,0,53,32,21
20230309,서울특별시,11,관악구,11620,서울특별시,11,서초구,11650,5,29,25,10,27,0,21,3,36,29,11
20230309,서울특별시,11,관악구,11620,서울특별시,11,관악구,11620,3,35,50,15,62,0,78,0,70,23,554
20230309,서울특별시,11,관악구,11620,서울특별시,11,동작구,11590,4,20,48,14,46,0,42,3,36,13,473
20230309,서울특별시,11,관악구,11620,서울특별시,11,영등포구,11560,5,13,26,6,23,3,22,0,33,18,6
20230309,서울특별시,11,관악구,11620,서울특별시,11,금천구,11545,4,11,9,19,48,0,29,0,58,18,247
20230309,서울특별시,11,관악구,11620,서울특별시,11,구로구,11530,0,19,18,11,20,0,24,0,53,7,9
20230309,서울특별시,11,관악구,11620,서울특별시,11,강서구,11500,4,19,26,21,27,0,24,4,49,19,18
20230309,서울특별시,11,관악구,11620,서울특별시,11,양천구,11470,0,17,21,5,20,3,21,0,33,17,7
20230309,서울특별시,11,관악구,11620,서울특별시,11,마포구,11440,5,12,42,12,29,3,23,4,28,18,7
20230309,서울특별시,11,관악구,11620,서울특별시,11,서대문구,11410,3,9,48,3,21,0,11,4,17,13,7
20230309,서울특별시,11,관악구,11620,서울특별시,11,은평구,11380,0,9,19,10,13,3,19,6,41,16,4
20230309,서울특별시,11,관악구,11620,서울특별시,11,노원구,11350,4,12,20,9,23,3,24,0,47,19,5
20230309,서울특별시,11,관악구,11620,서울특별시,11,도봉구,11320,0,5,12,3,16,4,9,0,29,9,3
20230309,서울특별시,11,관악구,11620,서울특별시,11,강북구,11305,0,10,14,5,9,0,13,0,31,4,3
20230309,서울특별시,11,관악구,11620,서울특별시,11,성북구,11290,0,23,34,4,23,0,20,0,50,21,4
20230309,서울특별시,11,관악구,11620,서울특별시,11,중랑구,11260,3,10,15,3,6,0,15,0,54,13,7
20230309,서울특별시,11,관악구,11620,서울특별시,11,동대문구,11230,3,16,42,6,16,3,10,0,42,7,9
20230309,서울특별시,11,관악구,11620,서울특별시,11,광진구,11215,0,15,25,6,26,0,17,4,30,9,9
20230309,서울특별시,11,관악구,11620,서울특별시,11,성동구,11200,0,25,31,7,13,0,14,4,79,27,14
20230309,서울특별시,11,관악구,11620,서울특별시,11,용산구,11170,0,12,16,13,15,0,12,0,33,11,0
20230309,서울특별시,11,관악구,11620,서울특별시,11,중구,11140,7,14,13,7,7,0,11,0,39,9,6
20230309,서울특별시,11,관악구,11620,서울특별시,11,종로구,11110,0,16,30,0,11,0,12,0,17,10,0
20230309,서울특별시,11,종로구,11110,서울특별시,11,강동구,11740,6,44,7,11,21,6,16,11,81,43,9
20230309,서울특별시,11,종로구,11110,서울특별시,11,송파구,11710,13,65,18,17,49,4,20,10,166,101,13
20230309,서울특별시,11,종로구,11110,서울특별시,11,강남구,11680,20,87,30,27,66,8,34,11,189,73,15
20230309,서울특별시,11,종로구,11110,서울특별시,11,서초구,11650,7,43,17,15,44,0,19,12,99,55,12
20230309,서울특별시,11,종로구,11110,서울특별시,11,관악구,11620,0,42,7,20,21,0,10,3,138,42,11
20230309,서울특별시,11,종로구,11110,서울특별시,11,동작구,11590,3,25,13,13,28,0,12,3,91,33,0
20230309,서울특별시,11,종로구,11110,서울특별시,11,영등포구,11560,11,37,13,16,29,0,22,8,103,48,12
20230309,서울특별시,11,종로구,11110,서울특별시,11,금천구,11545,9,32,7,10,21,6,9,3,68,42,6
20230309,서울특별시,11,종로구,11110,서울특별시,11,구로구,11530,4,27,10,17,26,0,14,5,57,39,6
20230309,서울특별시,11,종로구,11110,서울특별시,11,강서구,11500,9,43,16,14,41,0,26,8,157,60,14
20230309,서울특별시,11,종로구,11110,서울특별시,11,양천구,11470,4,31,13,11,27,0,15,6,84,44,8
20230309,서울특별시,11,종로구,11110,서울특별시,11,마포구,11440,16,47,19,14,43,3,18,0,132,47,9
20230309,서울특별시,11,종로구,11110,서울특별시,11,서대문구,11410,8,20,20,15,29,0,17,0,97,36,8
20230309,서울특별시,11,종로구,11110,서울특별시,11,은평구,11380,3,46,14,11,22,0,12,0,100,55,6
20230309,서울특별시,11,종로구,11110,서울특별시,11,노원구,11350,13,43,18,14,23,0,10,5,96,45,9
20230309,서울특별시,11,종로구,11110,서울특별시,11,도봉구,11320,4,19,9,5,15,0,8,4,56,30,6
20230309,서울특별시,11,종로구,11110,서울특별시,11,강북구,11305,4,19,12,6,16,5,6,4,67,32,6
20230309,서울특별시,11,종로구,11110,서울특별시,11,성북구,11290,10,44,16,12,40,0,13,13,104,40,7
20230309,서울특별시,11,종로구,11110,서울특별시,11,중랑구,11260,3,35,8,10,12,0,12,6,88,37,6
20230309,서울특별시,11,종로구,11110,서울특별시,11,동대문구,11230,8,30,20,9,19,3,12,0,91,24,8
20230309,서울특별시,11,종로구,11110,서울특별시,11,광진구,11215,9,32,11,11,29,6,13,3,99,36,8
20230309,서울특별시,11,종로구,11110,서울특별시,11,성동구,11200,9,45,16,6,29,0,13,10,131,46,4
20230309,서울특별시,11,종로구,11110,서울특별시,11,용산구,11170,6,35,11,13,28,0,5,4,71,33,6
20230309,서울특별시,11,종로구,11110,서울특별시,11,중구,11140,9,33,8,8,21,0,14,0,79,30,6
20230309,서울특별시,11,종로구,11110,서울특별시,11,종로구,11110,5,28,28,0,25,0,31,0,47,21,3
20230309,서울특별시,11,성북구,11290,서울특별시,11,종로구,11110,3,33,7,8,17,0,28,5,99,28,0
20230309,서울특별시,11,성북구,11290,서울특별시,11,중구,11140,6,73,6,22,18,7,35,3,115,43,12
20230309,서울특별시,11,성북구,11290,서울특별시,11,용산구,11170,7,40,5,23,18,4,23,10,131,58,13
20230309,서울특별시,11,성북구,11290,서울특별시,11,성동구,11200,6,36,14,15,28,3,41,4,229,72,21
20230309,서울특별시,11,성북구,11290,서울특별시,11,광진구,11215,7,41,5,12,25,9,28,8,229,73,10
20230309,서울특별시,11,성북구,11290,서울특별시,11,동대문구,11230,12,61,12,12,31,7,36,11,243,63,8
20230309,서울특별시,11,성북구,11290,서울특별시,11,중랑구,11260,3,48,9,15,25,3,34,11,196,63,13
20230309,서울특별시,11,성북구,11290,서울특별시,11,성북구,11290,3,84,14,21,37,11,66,21,276,112,39
20230309,서울특별시,11,성북구,11290,서울특별시,11,강북구,11305,7,47,5,8,15,0,27,9,155,56,9
20230309,서울특별시,11,성북구,11290,서울특별시,11,도봉구,11320,4,38,7,10,30,0,23,7,136,43,9
20230309,서울특별시,11,성북구,11290,서울특별시,11,노원구,11350,7,41,7,18,40,5,36,26,242,70,10
20230309,서울특별시,11,성북구,11290,서울특별시,11,은평구,11380,9,64,7,19,36,6,31,16,238,91,11
20230309,서울특별시,11,성북구,11290,서울특별시,11,서대문구,11410,0,46,10,25,20,4,44,17,188,80,9
20230309,서울특별시,11,성북구,11290,서울특별시,11,마포구,11440,6,83,9,24,32,5,37,13,231,92,14
20230309,서울특별시,11,성북구,11290,서울특별시,11,양천구,11470,10,50,5,16,33,3,33,15,231,72,10
20230309,서울특별시,11,성북구,11290,서울특별시,11,강서구,11500,5,77,12,38,41,10,56,20,326,112,6
20230309,서울특별시,11,성북구,11290,서울특별시,11,구로구,11530,8,70,8,24,28,6,47,14,196,64,5
20230309,서울특별시,11,성북구,11290,서울특별시,11,금천구,11545,3,31,22,18,20,3,22,4,141,65,5
20230309,서울특별시,11,성북구,11290,서울특별시,11,영등포구,11560,3,97,8,46,23,10,51,12,235,105,15
20230309,서울특별시,11,성북구,11290,서울특별시,11,동작구,11590,4,52,8,22,20,8,40,16,227,70,6
20230309,서울특별시,11,성북구,11290,서울특별시,11,관악구,11620,7,79,8,28,23,17,51,14,308,107,16
20230309,서울특별시,11,성북구,11290,서울특별시,11,서초구,11650,9,55,16,30,36,9,58,15,222,78,12
20230309,서울특별시,11,성북구,11290,서울특별시,11,강남구,11680,5,146,13,38,70,15,68,15,376,102,80
20230309,서울특별시,11,성북구,11290,서울특별시,11,송파구,11710,11,98,11,31,46,15,77,23,382,105,19
20230309,서울특별시,11,성북구,11290,서울특별시,11,강동구,11740,4,58,7,19,32,6,38,17,239,93,7
20230309,서울특별시,11,도봉구,11320,서울특별시,11,강동구,11740,11,11,0,18,19,6,20,0,67,16,8
20230309,서울특별시,11,도봉구,11320,서울특별시,11,송파구,11710,10,21,0,26,29,7,37,5,89,24,4
20230309,서울특별시,11,도봉구,11320,서울특별시,11,강남구,11680,9,24,4,22,51,4,56,3,80,24,8
20230309,서울특별시,11,도봉구,11320,서울특별시,11,서초구,11650,8,13,0,25,32,3,36,0,48,32,6
20230309,서울특별시,11,도봉구,11320,서울특별시,11,관악구,11620,12,16,5,19,21,6,23,0,74,11,0
20230309,서울특별시,11,도봉구,11320,서울특별시,11,동작구,11590,3,8,3,18,23,4,13,0,51,15,5
20230309,서울특별시,11,도봉구,11320,서울특별시,11,영등포구,11560,0,9,4,25,22,6,14,3,50,11,8
20230309,서울특별시,11,도봉구,11320,서울특별시,11,금천구,11545,0,5,5,16,17,5,4,3,39,13,5
20230309,서울특별시,11,도봉구,11320,서울특별시,11,구로구,11530,5,10,0,19,22,8,12,4,56,16,0
20230309,서울특별시,11,도봉구,11320,서울특별시,11,강서구,11500,8,8,3,26,32,11,26,0,80,20,4
20230309,서울특별시,11,도봉구,11320,서울특별시,11,양천구,11470,3,12,5,10,17,3,18,0,53,14,0
20230309,서울특별시,11,도봉구,11320,서울특별시,11,마포구,11440,8,12,3,26,28,13,18,0,56,13,5
20230309,서울특별시,11,도봉구,11320,서울특별시,11,서대문구,11410,7,11,0,13,17,0,13,3,43,17,4
20230309,서울특별시,11,도봉구,11320,서울특별시,11,은평구,11380,5,8,4,18,25,4,20,4,76,18,0
20230309,서울특별시,11,도봉구,11320,서울특별시,11,노원구,11350,3,9,3,15,26,4,18,0,79,18,7
20230309,서울특별시,11,도봉구,11320,서울특별시,11,도봉구,11320,0,11,3,13,10,5,30,3,63,6,3
20230309,서울특별시,11,도봉구,11320,서울특별시,11,강북구,11305,0,7,3,6,10,0,9,0,45,13,0
20230309,서울특별시,11,도봉구,11320,서울특별시,11,성북구,11290,7,12,3,16,16,11,19,4,71,19,4
20230309,서울특별시,11,도봉구,11320,서울특별시,11,중랑구,11260,5,12,0,15,24,6,13,0,40,15,3
20230309,서울특별시,11,도봉구,11320,서울특별시,11,동대문구,11230,7,11,0,10,20,6,12,3,58,12,7
20230309,서울특별시,11,도봉구,11320,서울특별시,11,광진구,11215,0,5,3,7,18,3,28,0,46,20,10
20230309,서울특별시,11,도봉구,11320,서울특별시,11,성동구,11200,0,12,11,17,13,10,19,0,76,23,4
20230309,서울특별시,11,도봉구,11320,서울특별시,11,용산구,11170,4,7,0,26,15,0,14,0,41,7,0
20230309,서울특별시,11,도봉구,11320,서울특별시,11,중구,11140,0,8,3,10,12,3,11,0,40,6,0
20230309,서울특별시,11,도봉구,11320,서울특별시,11,종로구,11110,0,8,3,3,12,4,12,0,17,5,4
20230309,서울특별시,11,중랑구,11260,서울특별시,11,강동구,11740,6,52,11,8,40,7,40,10,94,30,33
20230309,서울특별시,11,중랑구,11260,서울특별시,11,송파구,11710,14,84,19,18,56,26,64,9,126,38,47
20230309,서울특별시,11,중랑구,11260,서울특별시,11,강남구,11680,12,81,15,25,53,14,53,6,122,44,50
20230309,서울특별시,11,중랑구,11260,서울특별시,11,서초구,11650,13,41,11,17,24,13,37,4,77,29,28
20230309,서울특별시,11,중랑구,11260,서울특별시,11,관악구,11620,16,48,8,21,31,10,37,5,145,41,52
20230309,서울특별시,11,중랑구,11260,서울특별시,11,동작구,11590,13,33,12,11,31,13,30,4,62,31,30
20230309,서울특별시,11,중랑구,11260,서울특별시,11,영등포구,11560,19,38,0,12,44,6,37,8,79,21,35
20230309,서울특별시,11,중랑구,11260,서울특별시,11,금천구,11545,8,25,5,6,25,8,7,3,66,24,21
20230309,서울특별시,11,중랑구,11260,서울특별시,11,구로구,11530,9,31,6,8,35,11,30,0,96,38,26
20230309,서울특별시,11,중랑구,11260,서울특별시,11,강서구,11500,5,56,8,28,47,17,46,10,110,46,49
20230309,서울특별시,11,중랑구,11260,서울특별시,11,양천구,11470,6,37,0,18,28,7,35,3,72,30,29
20230309,서울특별시,11,중랑구,11260,서울특별시,11,마포구,11440,17,48,6,17,42,13,36,6,91,32,22
20230309,서울특별시,11,중랑구,11260,서울특별시,11,서대문구,11410,15,36,10,7,25,14,37,6,74,23,37
20230309,서울특별시,11,중랑구,11260,서울특별시,11,은평구,11380,9,29,10,11,38,7,33,0,76,28,34
20230309,서울특별시,11,중랑구,11260,서울특별시,11,노원구,11350,6,32,14,10,39,11,28,7,88,29,46
20230309,서울특별시,11,중랑구,11260,서울특별시,11,도봉구,11320,3,27,6,10,17,5,25,4,41,17,18
20230309,서울특별시,11,중랑구,11260,서울특별시,11,강북구,11305,5,30,5,8,17,10,21,0,53,32,21
20230309,서울특별시,11,중랑구,11260,서울특별시,11,성북구,11290,7,51,10,15,27,11,37,12,104,31,23
20230309,서울특별시,11,중랑구,11260,서울특별시,11,중랑구,11260,7,52,13,11,30,9,50,5,85,31,22
20230309,서울특별시,11,중랑구,11260,서울특별시,11,동대문구,11230,6,35,16,9,22,7,18,5,103,41,26
20230309,서울특별시,11,중랑구,11260,서울특별시,11,광진구,11215,7,43,12,7,44,6,21,8,88,30,29
20230309,서울특별시,11,중랑구,11260,서울특별시,11,성동구,11200,5,41,11,12,29,6,31,4,91,44,16
20230309,서울특별시,11,중랑구,11260,서울특별시,11,용산구,11170,17,21,0,14,19,6,18,0,53,19,14
20230309,서울특별시,11,중랑구,11260,서울특별시,11,중구,11140,5,29,13,6,30,7,14,7,64,27,16
20230309,서울특별시,11,중랑구,11260,서울특별시,11,종로구,11110,6,19,6,6,13,9,15,0,34,23,12
20230309,서울특별시,11,노원구,11350,서울특별시,11,종로구,11110,0,6,5,5,19,0,20,4,18,5,0
20230309,서울특별시,11,노원구,11350,서울특별시,11,중구,11140,4,9,5,12,21,3,17,3,43,3,9
20230309,서울특별시,11,노원구,11350,서울특별시,11,용산구,11170,0,11,6,19,17,8,15,4,30,0,4
20230309,서울특별시,11,노원구,11350,서울특별시,11,성동구,11200,5,31,7,13,33,4,26,8,59,20,18
20230309,서울특별시,11,노원구,11350,서울특별시,11,광진구,11215,4,12,5,13,27,0,18,5,40,7,5
20230309,서울특별시,11,노원구,11350,서울특별시,11,동대문구,11230,0,21,5,9,23,3,36,14,50,9,5
20230309,서울특별시,11,노원구,11350,서울특별시,11,중랑구,11260,0,19,5,13,32,5,17,6,62,12,6
20230309,서울특별시,11,노원구,11350,서울특별시,11,성북구,11290,4,22,10,18,33,0,22,12,53,14,0
20230309,서울특별시,11,노원구,11350,서울특별시,11,강북구,11305,0,14,5,5,13,3,18,7,30,11,12
20230309,서울특별시,11,노원구,11350,서울특별시,11,도봉구,11320,0,12,12,10,22,0,13,6,40,8,6
20230309,서울특별시,11,노원구,11350,서울특별시,11,노원구,11350,4,23,16,14,38,5,50,13,72,12,17
20230309,서울특별시,11,노원구,11350,서울특별시,11,은평구,11380,4,13,4,10,31,3,19,17,42,5,5
20230309,서울특별시,11,노원구,11350,서울특별시,11,서대문구,11410,6,8,8,9,21,4,12,0,25,6,12
20230309,서울특별시,11,노원구,11350,서울특별시,11,마포구,11440,4,17,8,12,34,5,13,11,42,11,3
20230309,서울특별시,11,노원구,11350,서울특별시,11,양천구,11470,0,16,8,9,29,0,25,21,34,9,6
20230309,서울특별시,11,노원구,11350,서울특별시,11,강서구,11500,7,10,11,14,31,7,28,25,92,15,12
20230309,서울특별시,11,노원구,11350,서울특별시,11,구로구,11530,0,10,4,9,39,4,17,12,54,8,6
20230309,서울특별시,11,노원구,11350,서울특별시,11,금천구,11545,0,65,4,12,18,0,16,5,47,16,5
20230309,서울특별시,11,노원구,11350,서울특별시,11,영등포구,11560,6,8,9,13,27,4,24,15,53,9,4
20230309,서울특별시,11,노원구,11350,서울특별시,11,동작구,11590,0,11,0,6,26,3,27,14,42,11,4
20230309,서울특별시,11,노원구,11350,서울특별시,11,관악구,11620,4,15,10,18,40,7,19,18,64,15,8
20230309,서울특별시,11,노원구,11350,서울특별시,11,서초구,11650,4,14,8,6,51,8,20,16,43,6,6
20230309,서울특별시,11,노원구,11350,서울특별시,11,강남구,11680,3,42,9,8,83,7,50,19,72,11,7
20230309,서울특별시,11,노원구,11350,서울특별시,11,송파구,11710,15,27,18,17,54,8,33,21,78,13,8
20230309,서울특별시,11,노원구,11350,서울특별시,11,강동구,11740,8,13,13,14,39,4,32,22,62,21,6
20230309,서울특별시,11,은평구,11380,서울특별시,11,종로구,11110,0,6,6,0,13,3,17,0,18,0,10
20230309,서울특별시,11,은평구,11380,서울특별시,11,중구,11140,0,11,7,0,21,0,16,0,25,3,5
20230309,서울특별시,11,은평구,11380,서울특별시,11,용산구,11170,3,4,7,14,19,5,31,0,11,3,14
20230309,서울특별시,11,은평구,11380,서울특별시,11,성동구,11200,0,25,12,5,29,0,26,0,41,12,7
20230309,서울특별시,11,은평구,11380,서울특별시,11,광진구,11215,0,11,8,5,40,8,39,0,13,3,28
20230309,서울특별시,11,은평구,11380,서울특별시,11,동대문구,11230,0,18,3,4,32,4,40,0,31,12,22
20230309,서울특별시,11,은평구,11380,서울특별시,11,중랑구,11260,4,6,3,0,26,4,30,0,23,5,21
20230309,서울특별시,11,은평구,11380,서울특별시,11,성북구,11290,0,11,9,5,51,5,38,4,26,5,23
20230309,서울특별시,11,은평구,11380,서울특별시,11,강북구,11305,0,4,4,0,26,5,19,0,12,6,16
20230309,서울특별시,11,은평구,11380,서울특별시,11,도봉구,11320,0,3,0,0,28,0,30,0,18,7,13
20230309,서울특별시,11,은평구,11380,서울특별시,11,노원구,11350,3,3,4,0,55,3,58,0,23,6,25
20230309,서울특별시,11,은평구,11380,서울특별시,11,은평구,11380,0,15,8,8,52,9,82,0,28,9,25
20230309,서울특별시,11,은평구,11380,서울특별시,11,서대문구,11410,5,8,4,3,28,4,41,0,15,6,19
20230309,서울특별시,11,은평구,11380,서울특별시,11,마포구,11440,0,5,13,3,35,4,33,0,14,4,19
20230309,서울특별시,11,은평구,11380,서울특별시,11,양천구,11470,0,0,0,0,42,7,60,3,15,15,22
20230309,서울특별시,11,은평구,11380,서울특별시,11,강서구,11500,3,9,5,3,63,7,68,5,40,8,36
20230309,서울특별시,11,은평구,11380,서울특별시,11,구로구,11530,6,9,9,5,46,8,32,4,19,6,20
20230309,서울특별시,11,은평구,11380,서울특별시,11,금천구,11545,0,16,0,0,27,5,29,0,35,10,13
20230309,서울특별시,11,은평구,11380,서울특별시,11,영등포구,11560,0,7,7,5,36,7,39,0,6,11,24
20230309,서울특별시,11,은평구,11380,서울특별시,11,동작구,11590,0,4,0,0,29,7,39,0,20,8,22
20230309,서울특별시,11,은평구,11380,서울특별시,11,관악구,11620,0,7,18,3,47,12,64,0,22,11,28
20230309,서울특별시,11,은평구,11380,서울특별시,11,서초구,11650,0,7,6,8,57,8,50,3,19,7,21
20230309,서울특별시,11,은평구,11380,서울특별시,11,강남구,11680,0,16,8,8,60,12,70,3,24,11,28
20230309,서울특별시,11,은평구,11380,서울특별시,11,송파구,11710,4,19,6,3,70,13,92,0,29,14,30
20230309,서울특별시,11,은평구,11380,서울특별시,11,강동구,11740,3,7,5,3,55,12,49,0,14,11,28
20230309,서울특별시,11,광진구,11215,서울특별시,11,종로구,11110,4,14,10,10,25,3,10,0,43,17,5
20230309,서울특별시,11,광진구,11215,서울특별시,11,중구,11140,5,22,5,14,26,0,8,3,45,21,5
20230309,서울특별시,11,광진구,11215,서울특별시,11,용산구,11170,9,20,8,29,32,3,16,3,51,18,5
20230309,서울특별시,11,광진구,11215,서울특별시,11,성동구,11200,4,34,12,20,25,0,16,5,107,47,10
20230309,서울특별시,11,광진구,11215,서울특별시,11,광진구,11215,4,28,9,31,38,8,23,0,94,40,12
20230309,서울특별시,11,광진구,11215,서울특별시,11,동대문구,11230,14,12,10,17,45,0,13,4,84,35,9
20230309,서울특별시,11,광진구,11215,서울특별시,11,중랑구,11260,8,13,6,16,46,6,12,0,74,26,9
20230309,서울특별시,11,광진구,11215,서울특별시,11,성북구,11290,9,22,11,13,50,0,17,3,122,35,11
20230309,서울특별시,11,광진구,11215,서울특별시,11,강북구,11305,11,5,6,8,28,0,12,0,59,28,5
20230309,서울특별시,11,광진구,11215,서울특별시,11,도봉구,11320,4,16,0,9,28,0,12,3,48,23,9
20230309,서울특별시,11,광진구,11215,서울특별시,11,노원구,11350,16,27,11,24,42,9,21,5,77,34,14
20230309,서울특별시,11,광진구,11215,서울특별시,11,은평구,11380,12,25,11,24,53,0,15,6,83,41,10
20230309,서울특별시,11,광진구,11215,서울특별시,11,서대문구,11410,11,11,14,20,33,0,14,3,53,27,13
20230309,서울특별시,11,광진구,11215,서울특별시,11,마포구,11440,11,20,11,22,35,3,20,7,70,46,10
20230309,서울특별시,11,광진구,11215,서울특별시,11,양천구,11470,10,16,6,17,34,0,11,10,78,33,11
20230309,서울특별시,11,광진구,11215,서울특별시,11,강서구,11500,15,19,6,21,72,6,20,9,126,55,21
20230309,서울특별시,11,광진구,11215,서울특별시,11,구로구,11530,9,12,6,20,43,4,17,8,61,37,4
20230309,서울특별시,11,광진구,11215,서울특별시,11,금천구,11545,5,21,4,17,37,6,8,5,70,30,3
20230309,서울특별시,11,광진구,11215,서울특별시,11,영등포구,11560,8,24,14,33,36,0,20,5,73,44,16
20230309,서울특별시,11,광진구,11215,서울특별시,11,동작구,11590,11,22,13,21,43,3,10,0,61,40,9
20230309,서울특별시,11,광진구,11215,서울특별시,11,관악구,11620,10,33,6,14,45,5,17,6,114,46,18
20230309,서울특별시,11,광진구,11215,서울특별시,11,서초구,11650,11,34,11,26,34,4,11,0,90,30,15
20230309,서울특별시,11,광진구,11215,서울특별시,11,강남구,11680,9,56,15,43,81,8,19,12,112,69,20
20230309,서울특별시,11,광진구,11215,서울특별시,11,송파구,11710,18,36,10,31,53,7,33,5,108,54,19
20230309,서울특별시,11,광진구,11215,서울특별시,11,강동구,11740,15,25,8,22,44,3,24,4,78,36,6
20230309,서울특별시,11,마포구,11440,서울특별시,11,강동구,11740,5,50,27,80,90,4,95,8,97,43,45
20230309,서울특별시,11,마포구,11440,서울특별시,11,송파구,11710,21,93,41,132,196,8,137,19,124,56,61
20230309,서울특별시,11,마포구,11440,서울특별시,11,강남구,11680,24,139,43,154,190,14,194,11,152,59,65
20230309,서울특별시,11,마포구,11440,서울특별시,11,서초구,11650,13,96,40,90,122,8,132,15,90,43,58
20230309,서울특별시,11,마포구,11440,서울특별시,11,관악구,11620,12,82,38,107,98,10,83,12,168,53,49
20230309,서울특별시,11,마포구,11440,서울특별시,11,동작구,11590,9,56,16,69,81,8,69,5,102,46,43
20230309,서울특별시,11,마포구,11440,서울특별시,11,영등포구,11560,9,86,33,87,120,6,70,11,100,44,47
20230309,서울특별시,11,마포구,11440,서울특별시,11,금천구,11545,6,52,25,48,74,12,52,6,90,40,18
20230309,서울특별시,11,마포구,11440,서울특별시,11,구로구,11530,11,56,30,67,71,3,65,12,93,30,32
20230309,서울특별시,11,마포구,11440,서울특별시,11,강서구,11500,21,99,48,113,134,6,91,12,136,44,50
20230309,서울특별시,11,마포구,11440,서울특별시,11,양천구,11470,6,102,30,87,59,0,67,5,80,31,23
20230309,서울특별시,11,강북구,11305,서울특별시,11,종로구,11110,0,6,12,4,8,0,6,0,33,0,6
20230309,서울특별시,11,강북구,11305,서울특별시,11,중구,11140,0,9,13,3,19,0,5,0,29,9,4
20230309,서울특별시,11,강북구,11305,서울특별시,11,용산구,11170,0,5,24,15,0,0,6,0,32,6,5
20230309,서울특별시,11,강북구,11305,서울특별시,11,성동구,11200,0,28,10,8,7,0,7,0,67,6,11
20230309,서울특별시,11,강북구,11305,서울특별시,11,광진구,11215,3,17,0,0,9,0,6,0,48,5,5
20230309,서울특별시,11,강북구,11305,서울특별시,11,동대문구,11230,0,12,5,3,8,0,8,3,69,9,0
20230309,서울특별시,11,강북구,11305,서울특별시,11,중랑구,11260,4,14,6,6,11,0,3,3,45,9,8
20230309,서울특별시,11,강북구,11305,서울특별시,11,성북구,11290,6,24,10,5,11,0,4,5,80,11,10
20230309,서울특별시,11,강북구,11305,서울특별시,11,강북구,11305,3,19,8,4,9,0,11,0,46,5,5
20230309,서울특별시,11,강북구,11305,서울특별시,11,도봉구,11320,0,13,3,3,8,0,5,0,40,12,6
20230309,서울특별시,11,강북구,11305,서울특별시,11,노원구,11350,0,17,12,11,11,0,9,5,78,5,8
20230309,서울특별시,11,강북구,11305,서울특별시,11,은평구,11380,0,14,8,3,10,0,5,0,62,11,6
20230309,서울특별시,11,강북구,11305,서울특별시,11,서대문구,11410,0,6,5,8,11,0,5,0,46,7,5
20230309,서울특별시,11,강북구,11305,서울특별시,11,마포구,11440,3,15,13,5,16,0,9,0,52,14,9
20230309,서울특별시,11,강북구,11305,서울특별시,11,양천구,11470,0,7,12,4,10,0,4,0,45,3,7
20230309,서울특별시,11,강북구,11305,서울특별시,11,강서구,11500,0,24,10,8,12,0,16,3,92,10,10
20230309,서울특별시,11,강북구,11305,서울특별시,11,구로구,11530,0,15,0,0,13,0,0,0,50,9,8
20230309,서울특별시,11,강북구,11305,서울특별시,11,금천구,11545,0,13,7,9,7,0,0,0,46,9,5
20230309,서울특별시,11,강북구,11305,서울특별시,11,영등포구,11560,0,20,10,6,11,0,15,3,61,8,5
20230309,서울특별시,11,강북구,11305,서울특별시,11,동작구,11590,0,8,11,3,15,3,9,0,51,5,4
20230309,서울특별시,11,강북구,11305,서울특별시,11,관악구,11620,3,16,7,6,10,0,5,3,80,12,12
20230309,서울특별시,11,강북구,11305,서울특별시,11,서초구,11650,0,13,18,8,10,0,12,3,56,5,6
20230309,서울특별시,11,강북구,11305,서울특별시,11,강남구,11680,0,21,28,7,18,0,14,0,70,21,15
20230309,서울특별시,11,강북구,11305,서울특별시,11,송파구,11710,0,19,20,5,27,4,17,3,88,16,10
20230309,서울특별시,11,강북구,11305,서울특별시,11,강동구,11740,0,13,8,6,13,0,8,0,59,6,12
20230309,서울특별시,11,마포구,11440,서울특별시,11,마포구,11440,20,136,57,85,119,9,98,7,149,65,35
20230309,서울특별시,11,마포구,11440,서울특별시,11,서대문구,11410,12,67,37,72,62,9,48,6,89,30,26
20230309,서울특별시,11,마포구,11440,서울특별시,11,은평구,11380,14,81,31,89,79,8,75,8,96,29,30
20230309,서울특별시,11,마포구,11440,서울특별시,11,노원구,11350,5,66,37,85,87,7,75,7,116,31,34
20230309,서울특별시,11,마포구,11440,서울특별시,11,도봉구,11320,4,25,13,52,40,4,53,7,51,22,24
20230309,서울특별시,11,마포구,11440,서울특별시,11,강북구,11305,6,30,16,44,40,3,46,12,70,24,10
20230309,서울특별시,11,마포구,11440,서울특별시,11,성북구,11290,11,65,22,74,96,4,60,10,131,39,36
20230309,서울특별시,11,마포구,11440,서울특별시,11,중랑구,11260,7,45,18,48,68,7,53,6,65,21,31
20230309,서울특별시,11,마포구,11440,서울특별시,11,동대문구,11230,8,61,26,139,84,7,72,7,109,30,23
20230309,서울특별시,11,마포구,11440,서울특별시,11,광진구,11215,7,68,18,79,82,5,55,3,103,36,32
20230309,서울특별시,11,마포구,11440,서울특별시,11,성동구,11200,6,80,26,56,73,7,64,7,190,58,33
20230309,서울특별시,11,마포구,11440,서울특별시,11,용산구,11170,4,70,17,72,84,9,66,7,77,29,15
20230309,서울특별시,11,마포구,11440,서울특별시,11,중구,11140,6,46,34,47,72,4,56,4,77,37,20
20230309,서울특별시,11,마포구,11440,서울특별시,11,종로구,11110,6,75,25,40,25,3,60,0,50,17,25
20230309,서울특별시,11,강남구,11680,서울특별시,11,종로구,11110,5,55,28,18,46,10,43,6,105,39,30
20230309,서울특별시,11,강남구,11680,서울특별시,11,중구,11140,8,84,14,11,64,15,53,5,162,32,34
20230309,서울특별시,11,강남구,11680,서울특별시,11,용산구,11170,11,57,27,33,57,6,62,4,174,47,40
20230309,서울특별시,11,강남구,11680,서울특별시,11,성동구,11200,13,101,43,20,61,12,78,6,290,83,40
20230309,서울특별시,11,강남구,11680,서울특별시,11,광진구,11215,11,61,20,28,59,16,65,8,238,47,55
20230309,서울특별시,11,강남구,11680,서울특별시,11,동대문구,11230,8,67,30,16,46,16,60,13,283,59,51
20230309,서울특별시,11,강남구,11680,서울특별시,11,중랑구,11260,10,45,15,13,49,12,59,9,222,48,49
20230309,서울특별시,11,강남구,11680,서울특별시,11,성북구,11290,12,55,28,26,52,33,68,11,330,55,50
20230309,서울특별시,11,강남구,11680,서울특별시,11,강북구,11305,4,33,9,12,34,7,47,0,183,24,29
20230309,서울특별시,11,강남구,11680,서울특별시,11,도봉구,11320,4,31,16,4,34,7,39,4,159,41,32
20230309,서울특별시,11,강남구,11680,서울특별시,11,노원구,11350,13,68,15,31,69,26,92,9,263,38,66
20230309,서울특별시,11,강남구,11680,서울특별시,11,은평구,11380,11,49,30,25,63,24,64,3,231,50,55
20230309,서울특별시,11,강남구,11680,서울특별시,11,서대문구,11410,4,58,22,20,39,17,62,7,219,44,34
20230309,서울특별시,11,강남구,11680,서울특별시,11,마포구,11440,16,89,31,41,81,27,80,8,290,67,61
20230309,서울특별시,11,강남구,11680,서울특별시,11,양천구,11470,3,64,17,26,59,22,75,7,247,57,45
20230309,서울특별시,11,강남구,11680,서울특별시,11,강서구,11500,18,93,32,40,74,23,108,12,407,84,86
20230309,서울특별시,11,강남구,11680,서울특별시,11,구로구,11530,17,50,20,40,44,26,80,6,245,65,52
20230309,서울특별시,11,강남구,11680,서울특별시,11,금천구,11545,6,57,17,26,36,7,44,8,201,48,43
20230309,서울특별시,11,강남구,11680,서울특별시,11,영등포구,11560,14,107,31,27,90,24,79,7,238,60,57
20230309,서울특별시,11,강남구,11680,서울특별시,11,동작구,11590,18,71,16,26,44,16,87,5,228,53,50
20230309,서울특별시,11,강남구,11680,서울특별시,11,관악구,11620,12,79,29,30,67,22,82,8,368,66,78
20230309,서울특별시,11,강남구,11680,서울특별시,11,서초구,11650,26,119,67,46,134,26,133,16,313,93,536
20230309,서울특별시,11,강남구,11680,서울특별시,11,강남구,11680,27,323,108,93,216,58,304,23,550,152,683
20230309,서울특별시,11,강남구,11680,서울특별시,11,송파구,11710,32,162,69,65,166,32,200,21,405,129,881
20230309,서울특별시,11,강남구,11680,서울특별시,11,강동구,11740,16,102,27,22,64,24,70,7,239,52,65
20230309,서울특별시,11,송파구,11710,서울특별시,11,종로구,11110,3,25,7,11,20,8,16,0,43,20,12
20230309,서울특별시,11,송파구,11710,서울특별시,11,중구,11140,0,35,7,9,13,5,22,0,92,25,9
20230309,서울특별시,11,송파구,11710,서울특별시,11,용산구,11170,4,27,7,31,30,10,23,0,67,13,11
20230309,서울특별시,11,송파구,11710,서울특별시,11,성동구,11200,0,41,26,14,24,3,27,5,145,49,14
20230309,서울특별시,11,송파구,11710,서울특별시,11,광진구,11215,5,33,12,12,34,10,32,4,94,21,7
20230309,서울특별시,11,송파구,11710,서울특별시,11,동대문구,11230,0,43,11,10,27,0,22,5,93,22,10
20230309,서울특별시,11,송파구,11710,서울특별시,11,중랑구,11260,3,28,10,11,25,13,17,9,73,27,14
20230309,서울특별시,11,송파구,11710,서울특별시,11,성북구,11290,0,33,14,11,32,9,40,5,115,35,13
20230309,서울특별시,11,송파구,11710,서울특별시,11,강북구,11305,0,9,10,0,7,3,21,0,60,14,7
20230309,서울특별시,11,송파구,11710,서울특별시,11,도봉구,11320,0,24,4,10,16,9,21,0,57,14,0
20230309,서울특별시,11,송파구,11710,서울특별시,11,노원구,11350,0,26,14,11,26,15,43,5,81,26,12
20230309,서울특별시,11,송파구,11710,서울특별시,11,은평구,11380,0,21,10,15,34,9,23,0,79,18,17
20230309,서울특별시,11,송파구,11710,서울특별시,11,서대문구,11410,0,33,9,6,18,8,42,3,70,17,8
20230309,서울특별시,11,송파구,11710,서울특별시,11,마포구,11440,3,51,20,14,31,15,35,8,108,36,15
20230309,서울특별시,11,송파구,11710,서울특별시,11,강서구,11500,4,55,20,16,55,15,43,9,151,31,19
20230309,서울특별시,11,송파구,11710,서울특별시,11,구로구,11530,3,38,12,16,25,7,41,3,87,17,12
20230309,서울특별시,11,송파구,11710,서울특별시,11,금천구,11545,0,33,11,14,25,7,23,3,98,31,7
20230309,서울특별시,11,송파구,11710,서울특별시,11,영등포구,11560,0,34,12,23,44,10,49,5,98,33,12
20230309,서울특별시,11,송파구,11710,서울특별시,11,동작구,11590,7,27,13,9,16,14,31,0,87,18,10
20230309,서울특별시,11,송파구,11710,서울특별시,11,관악구,11620,8,33,14,17,33,7,46,3,121,32,11
20230309,서울특별시,11,송파구,11710,서울특별시,11,서초구,11650,8,51,17,20,39,10,58,5,91,30,14
20230309,서울특별시,11,송파구,11710,서울특별시,11,강남구,11680,9,91,33,31,67,18,110,4,206,45,29
20230309,서울특별시,11,송파구,11710,서울특별시,11,송파구,11710,5,126,37,26,54,20,139,16,201,62,22
20230309,서울특별시,11,송파구,11710,서울특별시,11,강동구,11740,0,34,14,9,24,12,43,4,83,35,16
20230309,서울특별시,11,서초구,11650,서울특별시,11,강동구,11740,4,51,19,12,68,3,27,9,48,27,16
20230309,서울특별시,11,서초구,11650,서울특별시,11,송파구,11710,16,125,58,34,101,5,59,15,80,30,49
20230309,서울특별시,11,서초구,11650,서울특별시,11,강남구,11680,29,168,88,45,124,16,94,16,120,41,53
20230309,서울특별시,11,서초구,11650,서울특별시,11,서초구,11650,40,164,81,34,98,7,300,16,127,28,21
20230309,서울특별시,11,서초구,11650,서울특별시,11,관악구,11620,8,43,38,24,67,5,52,8,55,22,22
20230309,서울특별시,11,서초구,11650,서울특별시,11,동작구,11590,12,65,43,14,69,4,53,9,53,18,17
20230309,서울특별시,11,서초구,11650,서울특별시,11,영등포구,11560,6,58,51,25,56,0,47,7,47,31,16
20230309,서울특별시,11,서초구,11650,서울특별시,11,금천구,11545,9,43,18,20,30,4,24,6,44,19,12
20230309,서울특별시,11,서초구,11650,서울특별시,11,구로구,11530,8,48,29,24,58,4,33,9,30,18,14
20230309,서울특별시,11,서초구,11650,서울특별시,11,강서구,11500,7,90,75,26,87,7,41,8,69,23,27
20230309,서울특별시,11,서초구,11650,서울특별시,11,양천구,11470,7,57,30,15,48,6,25,3,43,11,14
20230309,서울특별시,11,서초구,11650,서울특별시,11,마포구,11440,10,60,54,16,82,6,49,10,51,18,26
20230309,서울특별시,11,서초구,11650,서울특별시,11,서대문구,11410,5,36,33,5,48,0,23,11,31,22,19
20230309,서울특별시,11,서초구,11650,서울특별시,11,은평구,11380,7,52,32,14,48,3,27,10,39,11,21
20230309,서울특별시,11,서초구,11650,서울특별시,11,노원구,11350,3,52,50,22,56,9,30,13,45,17,15
20230309,서울특별시,11,서초구,11650,서울특별시,11,도봉구,11320,4,24,17,14,33,3,16,0,27,7,11
20230309,서울특별시,11,서초구,11650,서울특별시,11,강북구,11305,0,27,16,3,34,0,14,0,27,11,6
20230309,서울특별시,11,서초구,11650,서울특별시,11,성북구,11290,7,72,54,9,60,5,32,5,51,24,16
20230309,서울특별시,11,서초구,11650,서울특별시,11,중랑구,11260,6,39,27,12,54,0,23,5,38,14,7
20230309,서울특별시,11,서초구,11650,서울특별시,11,동대문구,11230,5,44,35,14,39,3,24,5,48,12,17
20230309,서울특별시,11,서초구,11650,서울특별시,11,광진구,11215,5,54,25,12,59,0,35,3,35,16,21
20230309,서울특별시,11,서초구,11650,서울특별시,11,성동구,11200,5,57,44,19,59,0,32,8,114,29,19
20230309,서울특별시,11,서초구,11650,서울특별시,11,용산구,11170,10,32,21,38,43,8,34,6,51,12,16
20230309,서울특별시,11,서초구,11650,서울특별시,11,중구,11140,6,35,18,15,30,4,18,0,52,17,11
20230309,서울특별시,11,서초구,11650,서울특별시,11,종로구,11110,0,31,23,13,25,4,15,0,26,12,7
20230309,서울특별시,11,강서구,11500,서울특별시,11,강동구,11740,11,50,35,44,74,8,107,15,106,52,57
20230309,서울특별시,11,강서구,11500,서울특별시,11,송파구,11710,22,97,36,60,110,17,164,41,141,103,98
20230309,서울특별시,11,강서구,11500,서울특별시,11,강남구,11680,29,131,53,92,128,20,136,38,176,107,97
20230309,서울특별시,11,강서구,11500,서울특별시,11,서초구,11650,12,92,52,54,105,10,96,47,130,91,60
20230309,서울특별시,11,강서구,11500,서울특별시,11,관악구,11620,14,54,33,41,76,18,103,16,142,70,55
20230309,서울특별시,11,강서구,11500,서울특별시,11,동작구,11590,17,36,22,39,66,7,71,20,112,283,38
20230309,서울특별시,11,강서구,11500,서울특별시,11,영등포구,11560,17,69,38,53,77,12,99,26,100,83,53
20230309,서울특별시,11,강서구,11500,서울특별시,11,금천구,11545,10,48,13,40,46,12,48,14,89,61,26
20230309,서울특별시,11,강서구,11500,서울특별시,11,구로구,11530,10,55,39,44,68,15,92,20,105,44,38
20230309,서울특별시,11,강서구,11500,서울특별시,11,강서구,11500,16,110,41,63,105,14,142,28,167,73,80
20230309,서울특별시,11,강서구,11500,서울특별시,11,양천구,11470,10,44,33,32,64,8,81,19,87,54,143
20230309,서울특별시,11,강서구,11500,서울특별시,11,마포구,11440,22,55,35,50,84,8,85,16,115,130,54
20230309,서울특별시,11,강서구,11500,서울특별시,11,서대문구,11410,13,43,25,40,69,7,65,15,94,58,45
20230309,서울특별시,11,강서구,11500,서울특별시,11,은평구,11380,16,51,29,40,71,13,101,17,96,52,47
20230309,서울특별시,11,강서구,11500,서울특별시,11,노원구,11350,15,56,31,46,59,13,94,14,97,69,56
20230309,서울특별시,11,강서구,11500,서울특별시,11,도봉구,11320,6,20,18,26,56,3,59,8,54,27,26
20230309,서울특별시,11,강서구,11500,서울특별시,11,강북구,11305,11,28,12,29,45,6,63,6,64,52,25
20230309,서울특별시,11,강서구,11500,서울특별시,11,성북구,11290,15,48,14,53,61,10,78,15,133,82,31
20230309,서울특별시,11,강서구,11500,서울특별시,11,중랑구,11260,13,58,20,36,49,6,99,16,94,53,35
20230309,서울특별시,11,강서구,11500,서울특별시,11,동대문구,11230,9,45,25,32,52,14,59,16,116,90,36
20230309,서울특별시,11,강서구,11500,서울특별시,11,광진구,11215,15,51,17,45,65,8,62,18,103,74,38
20230309,서울특별시,11,강서구,11500,서울특별시,11,성동구,11200,18,66,25,46,58,16,60,20,116,73,35
20230309,서울특별시,11,강서구,11500,서울특별시,11,용산구,11170,14,47,20,51,50,9,210,11,69,46,29
20230309,서울특별시,11,강서구,11500,서울특별시,11,중구,11140,10,35,16,35,42,5,38,21,86,91,29
20230309,서울특별시,11,강서구,11500,서울특별시,11,종로구,11110,13,45,20,22,53,6,42,7,86,49,25
20230309,서울특별시,11,양천구,11470,서울특별시,11,종로구,11110,0,12,12,13,15,4,4,0,19,14,10
20230309,서울특별시,11,양천구,11470,서울특별시,11,중구,11140,0,18,11,13,21,7,10,0,30,49,6
20230309,서울특별시,11,양천구,11470,서울특별시,11,용산구,11170,0,12,16,18,26,3,13,0,21,18,6
20230309,서울특별시,11,양천구,11470,서울특별시,11,성동구,11200,0,26,26,15,33,6,11,0,71,58,11
20230309,서울특별시,11,양천구,11470,서울특별시,11,광진구,11215,0,19,11,8,36,3,11,0,15,21,9
20230309,서울특별시,11,양천구,11470,서울특별시,11,동대문구,11230,0,44,10,19,32,11,13,0,34,24,10
20230309,서울특별시,11,양천구,11470,서울특별시,11,중랑구,11260,0,10,4,6,30,4,17,0,26,18,16
20230309,서울특별시,11,양천구,11470,서울특별시,11,성북구,11290,0,24,9,20,37,3,19,0,39,13,16
20230309,서울특별시,11,양천구,11470,서울특별시,11,강북구,11305,0,4,3,8,23,0,6,0,15,12,7
20230309,서울특별시,11,양천구,11470,서울특별시,11,도봉구,11320,0,9,6,7,30,3,13,0,17,5,9
20230309,서울특별시,11,양천구,11470,서울특별시,11,노원구,11350,3,13,11,15,41,0,18,0,19,18,10
20230309,서울특별시,11,양천구,11470,서울특별시,11,은평구,11380,5,16,5,10,37,5,20,0,25,16,14
20230309,서울특별시,11,양천구,11470,서울특별시,11,서대문구,11410,0,8,11,13,38,3,9,0,17,27,9
20230309,서울특별시,11,양천구,11470,서울특별시,11,마포구,11440,0,15,14,23,46,6,20,0,32,25,9
20230309,서울특별시,11,양천구,11470,서울특별시,11,양천구,11470,0,24,20,19,39,5,50,3,35,21,9
20230309,서울특별시,11,양천구,11470,서울특별시,11,강서구,11500,5,28,17,20,52,14,23,3,51,28,20
20230309,서울특별시,11,양천구,11470,서울특별시,11,구로구,11530,0,17,7,24,35,5,22,4,32,15,11
20230309,서울특별시,11,양천구,11470,서울특별시,11,금천구,11545,0,16,0,10,27,14,5,0,37,24,7
20230309,서울특별시,11,양천구,11470,서울특별시,11,영등포구,11560,3,13,8,20,31,8,17,0,39,25,20
20230309,서울특별시,11,양천구,11470,서울특별시,11,동작구,11590,0,20,5,15,40,0,23,0,24,24,9
20230309,서울특별시,11,양천구,11470,서울특별시,11,관악구,11620,5,23,11,17,49,3,20,0,38,28,20
20230309,서울특별시,11,양천구,11470,서울특별시,11,서초구,11650,4,19,12,22,53,6,13,0,21,21,9
20230309,서울특별시,11,양천구,11470,서울특별시,11,강남구,11680,5,52,19,34,74,5,28,0,46,30,27
20230309,서울특별시,11,양천구,11470,서울특별시,11,송파구,11710,4,30,17,30,71,9,31,3,36,40,16
20230309,서울특별시,11,양천구,11470,서울특별시,11,강동구,11740,0,19,5,19,33,0,10,0,35,20,11
20230309,서울특별시,11,중구,11140,서울특별시,11,종로구,11110,5,44,24,5,90,7,21,0,95,21,4
20230309,서울특별시,11,중구,11140,서울특별시,11,중구,11140,11,84,20,15,105,0,37,4,133,40,27
20230309,서울특별시,11,중구,11140,서울특별시,11,용산구,11170,17,73,18,6,46,0,36,0,128,22,11
20230309,서울특별시,11,중구,11140,서울특별시,11,성동구,11200,14,92,22,8,74,6,30,3,204,47,8
20230309,서울특별시,11,중구,11140,서울특별시,11,광진구,11215,4,50,17,6,58,4,43,0,203,52,10
20230309,서울특별시,11,중구,11140,서울특별시,11,동대문구,11230,4,50,13,3,52,0,21,0,179,51,10
20230309,서울특별시,11,중구,11140,서울특별시,11,중랑구,11260,5,32,16,3,24,8,27,0,144,33,11
20230309,서울특별시,11,중구,11140,서울특별시,11,성북구,11290,10,67,20,6,52,9,32,4,204,76,12
20230309,서울특별시,11,중구,11140,서울특별시,11,강북구,11305,0,34,9,5,30,4,23,0,114,32,4
20230309,서울특별시,11,중구,11140,서울특별시,11,도봉구,11320,7,27,10,6,28,4,21,0,111,22,6
20230309,서울특별시,11,중구,11140,서울특별시,11,노원구,11350,13,65,22,0,51,7,21,0,166,50,11
20230309,서울특별시,11,중구,11140,서울특별시,11,은평구,11380,6,52,10,10,39,7,31,0,160,52,17
20230309,서울특별시,11,중구,11140,서울특별시,11,서대문구,11410,8,70,7,5,44,4,22,3,173,34,10
20230309,서울특별시,11,중구,11140,서울특별시,11,마포구,11440,22,86,12,11,107,5,40,12,233,66,13
20230309,서울특별시,11,중구,11140,서울특별시,11,양천구,11470,7,66,8,8,39,7,29,6,172,46,6
20230309,서울특별시,11,중구,11140,서울특별시,11,강서구,11500,9,97,14,12,79,10,44,3,247,66,18
20230309,서울특별시,11,중구,11140,서울특별시,11,구로구,11530,4,47,16,8,48,0,20,4,137,29,16
20230309,서울특별시,11,중구,11140,서울특별시,11,금천구,11545,15,38,6,7,51,5,17,3,104,35,8
20230309,서울특별시,11,중구,11140,서울특별시,11,영등포구,11560,6,79,20,6,86,5,33,0,192,56,18
20230309,서울특별시,11,중구,11140,서울특별시,11,동작구,11590,7,48,13,0,61,6,14,0,167,42,13
20230309,서울특별시,11,중구,11140,서울특별시,11,관악구,11620,11,63,24,0,58,10,32,0,273,79,13
20230309,서울특별시,11,중구,11140,서울특별시,11,서초구,11650,13,74,27,14,244,12,28,4,233,59,14
20230309,서울특별시,11,중구,11140,서울특별시,11,강남구,11680,27,159,37,13,214,3,56,0,338,80,22
20230309,서울특별시,11,중구,11140,서울특별시,11,송파구,11710,15,98,22,10,90,5,53,3,328,83,21
20230309,서울특별시,11,중구,11140,서울특별시,11,강동구,11740,6,50,7,9,48,7,25,4,201,53,17
20230309,서울특별시,11,용산구,11170,서울특별시,11,강동구,11740,6,40,12,166,32,6,27,0,42,20,6
20230309,서울특별시,11,용산구,11170,서울특별시,11,송파구,11710,4,38,19,360,72,10,23,5,100,32,10
20230309,서울특별시,11,용산구,11170,서울특별시,11,강남구,11680,8,76,33,488,73,17,21,6,106,31,14
20230309,서울특별시,11,용산구,11170,서울특별시,11,서초구,11650,0,55,16,293,50,5,9,5,69,29,12
20230309,서울특별시,11,용산구,11170,서울특별시,11,관악구,11620,6,47,15,257,42,6,14,0,54,15,10
20230309,서울특별시,11,용산구,11170,서울특별시,11,동작구,11590,6,25,11,155,42,7,12,9,38,13,11
20230309,서울특별시,11,용산구,11170,서울특별시,11,영등포구,11560,4,46,18,283,36,13,18,5,46,13,9
20230309,서울특별시,11,용산구,11170,서울특별시,11,금천구,11545,5,31,18,186,24,6,7,3,30,15,7
20230309,서울특별시,11,용산구,11170,서울특별시,11,구로구,11530,4,34,20,248,30,7,18,3,41,15,9
20230309,서울특별시,11,용산구,11170,서울특별시,11,강서구,11500,4,44,21,264,40,6,29,3,76,27,14
20230309,서울특별시,11,용산구,11170,서울특별시,11,양천구,11470,3,27,14,142,32,5,7,3,38,10,3
20230309,서울특별시,11,용산구,11170,서울특별시,11,마포구,11440,7,56,18,275,39,4,27,6,78,27,4
20230309,서울특별시,11,용산구,11170,서울특별시,11,서대문구,11410,3,31,19,135,32,5,11,0,41,16,6
20230309,서울특별시,11,용산구,11170,서울특별시,11,은평구,11380,8,23,10,182,41,4,18,4,46,9,5
20230309,서울특별시,11,용산구,11170,서울특별시,11,노원구,11350,4,29,9,171,41,4,10,0,46,8,10
20230309,서울특별시,11,용산구,11170,서울특별시,11,도봉구,11320,4,16,3,92,10,7,7,0,32,7,9
20230309,서울특별시,11,용산구,11170,서울특별시,11,강북구,11305,0,14,4,116,27,5,9,0,27,7,3
20230309,서울특별시,11,용산구,11170,서울특별시,11,성북구,11290,0,20,17,173,31,0,11,3,48,14,7
20230309,서울특별시,11,용산구,11170,서울특별시,11,중랑구,11260,6,23,6,132,39,4,10,3,33,15,11
20230309,서울특별시,11,용산구,11170,서울특별시,11,동대문구,11230,0,18,16,129,26,0,8,0,42,17,8
20230309,서울특별시,11,용산구,11170,서울특별시,11,광진구,11215,3,28,6,194,32,4,20,4,55,13,8
20230309,서울특별시,11,용산구,11170,서울특별시,11,성동구,11200,3,33,19,185,29,5,8,0,75,24,8
20230309,서울특별시,11,용산구,11170,서울특별시,11,용산구,11170,7,49,17,273,24,0,34,3,47,13,7
20230309,서울특별시,11,용산구,11170,서울특별시,11,중구,11140,3,32,5,178,23,7,8,3,44,9,6
20230309,서울특별시,11,용산구,11170,서울특별시,11,종로구,11110,4,8,13,180,14,5,6,3,28,9,0
20230309,서울특별시,11,서대문구,11410,서울특별시,11,강동구,11740,8,14,15,25,45,9,13,11,59,38,10
20230309,서울특별시,11,서대문구,11410,서울특별시,11,송파구,11710,11,20,12,42,71,19,13,29,82,50,21
20230309,서울특별시,11,서대문구,11410,서울특별시,11,강남구,11680,15,47,19,44,48,12,15,16,80,53,12
20230309,서울특별시,11,서대문구,11410,서울특별시,11,서초구,11650,10,24,8,25,36,5,23,12,49,20,24
20230309,서울특별시,11,서대문구,11410,서울특별시,11,관악구,11620,5,16,10,28,46,13,14,6,57,42,13
20230309,서울특별시,11,서대문구,11410,서울특별시,11,동작구,11590,5,22,13,27,31,5,10,7,45,37,10
20230309,서울특별시,11,서대문구,11410,서울특별시,11,영등포구,11560,10,15,6,26,44,8,8,14,56,33,10
20230309,서울특별시,11,서대문구,11410,서울특별시,11,금천구,11545,5,11,3,17,25,6,4,6,50,23,11
20230309,서울특별시,11,서대문구,11410,서울특별시,11,구로구,11530,8,15,6,26,31,8,6,12,67,34,45
20230309,서울특별시,11,서대문구,11410,서울특별시,11,강서구,11500,7,22,7,45,54,9,22,23,57,37,12
20230309,서울특별시,11,서대문구,11410,서울특별시,11,양천구,11470,5,12,6,22,37,6,5,22,41,31,24
20230309,서울특별시,11,서대문구,11410,서울특별시,11,마포구,11440,0,25,12,22,41,14,13,11,80,34,32
20230309,서울특별시,11,서대문구,11410,서울특별시,11,서대문구,11410,9,25,25,22,30,0,33,9,49,11,29
20230309,서울특별시,11,서대문구,11410,서울특별시,11,은평구,11380,8,27,9,25,33,9,11,18,50,37,30
20230309,서울특별시,11,서대문구,11410,서울특별시,11,노원구,11350,0,11,5,28,36,5,16,15,59,28,30
20230309,서울특별시,11,서대문구,11410,서울특별시,11,도봉구,11320,4,8,4,20,17,8,9,4,29,27,11
20230309,서울특별시,11,서대문구,11410,서울특별시,11,강북구,11305,5,10,3,16,29,0,7,7,32,19,7
20230309,서울특별시,11,서대문구,11410,서울특별시,11,성북구,11290,7,23,6,25,31,6,16,21,77,28,14
20230309,서울특별시,11,서대문구,11410,서울특별시,11,중랑구,11260,9,14,5,19,50,3,6,9,49,27,30
20230309,서울특별시,11,서대문구,11410,서울특별시,11,동대문구,11230,5,19,5,19,39,4,13,23,43,25,12
20230309,서울특별시,11,서대문구,11410,서울특별시,11,광진구,11215,4,24,6,25,35,9,12,8,37,27,9
20230309,서울특별시,11,서대문구,11410,서울특별시,11,성동구,11200,4,25,12,20,29,4,9,11,68,20,8
20230309,서울특별시,11,서대문구,11410,서울특별시,11,용산구,11170,5,23,11,23,24,4,3,4,32,18,6
20230309,서울특별시,11,서대문구,11410,서울특별시,11,중구,11140,5,24,4,6,24,5,5,9,28,14,3
20230309,서울특별시,11,서대문구,11410,서울특별시,11,종로구,11110,3,10,6,6,18,4,9,8,31,23,5
20230309,서울특별시,11,성동구,11200,서울특별시,11,종로구,11110,0,33,14,5,26,0,40,4,91,34,200
20230309,서울특별시,11,성동구,11200,서울특별시,11,중구,11140,10,62,13,17,45,12,50,0,94,43,253
20230309,서울특별시,11,성동구,11200,서울특별시,11,용산구,11170,8,66,18,31,24,3,24,0,124,37,32
20230309,서울특별시,11,성동구,11200,서울특별시,11,성동구,11200,13,114,26,30,28,5,47,3,196,51,24
20230309,서울특별시,11,성동구,11200,서울특별시,11,광진구,11215,9,50,19,24,21,8,29,8,162,42,31
20230309,서울특별시,11,성동구,11200,서울특별시,11,동대문구,11230,11,39,20,22,61,3,53,5,185,36,480
20230309,서울특별시,11,성동구,11200,서울특별시,11,중랑구,11260,0,35,11,15,18,7,20,4,133,34,35
20230309,서울특별시,11,성동구,11200,서울특별시,11,성북구,11290,11,31,20,27,67,4,47,8,180,38,627
20230309,서울특별시,11,성동구,11200,서울특별시,11,강북구,11305,5,30,6,6,23,3,19,0,91,28,12
20230309,서울특별시,11,성동구,11200,서울특별시,11,도봉구,11320,0,25,4,9,23,0,25,3,108,24,26
20230309,서울특별시,11,성동구,11200,서울특별시,11,노원구,11350,6,53,11,23,35,5,26,0,154,45,44
20230309,서울특별시,11,성동구,11200,서울특별시,11,은평구,11380,5,51,10,18,22,5,36,3,129,43,26
20230309,서울특별시,11,성동구,11200,서울특별시,11,서대문구,11410,7,42,24,15,24,3,22,0,125,49,25
20230309,서울특별시,11,성동구,11200,서울특별시,11,마포구,11440,10,88,18,28,52,4,42,0,184,62,47
20230309,서울특별시,11,성동구,11200,서울특별시,11,양천구,11470,7,46,15,22,28,4,32,8,129,41,26
20230309,서울특별시,11,성동구,11200,서울특별시,11,강서구,11500,17,89,22,25,46,4,43,14,244,53,46
20230309,서울특별시,11,성동구,11200,서울특별시,11,구로구,11530,10,46,17,27,30,6,17,6,132,41,28
20230309,서울특별시,11,성동구,11200,서울특별시,11,금천구,11545,5,45,6,20,13,6,25,3,107,30,22
20230309,서울특별시,11,성동구,11200,서울특별시,11,영등포구,11560,10,68,13,22,32,12,39,20,175,50,35
20230309,서울특별시,11,성동구,11200,서울특별시,11,동작구,11590,7,49,19,16,31,0,20,3,179,42,41
20230309,서울특별시,11,성동구,11200,서울특별시,11,관악구,11620,11,53,14,27,38,9,24,3,217,44,36
20230309,서울특별시,11,성동구,11200,서울특별시,11,서초구,11650,6,84,26,31,50,9,49,4,205,66,49
20230309,서울특별시,11,성동구,11200,서울특별시,11,강남구,11680,19,122,46,51,58,22,80,17,336,105,98
20230309,서울특별시,11,성동구,11200,서울특별시,11,송파구,11710,16,78,22,27,45,6,59,44,293,80,73
20230309,서울특별시,11,성동구,11200,서울특별시,11,강동구,11740,4,65,12,20,24,3,20,5,146,44,43
20230309,서울특별시,11,동작구,11590,서울특별시,11,강동구,11740,7,9,26,10,30,3,30,12,48,11,13
20230309,서울특별시,11,동작구,11590,서울특별시,11,송파구,11710,10,16,38,24,40,4,34,5,73,23,13
20230309,서울특별시,11,동작구,11590,서울특별시,11,강남구,11680,12,29,37,17,53,6,53,18,75,18,17
20230309,서울특별시,11,동작구,11590,서울특별시,11,서초구,11650,7,11,29,17,23,3,49,4,54,14,11
20230309,서울특별시,11,동작구,11590,서울특별시,11,관악구,11620,3,22,52,15,39,6,42,0,71,13,16
20230309,서울특별시,11,동작구,11590,서울특별시,11,동작구,11590,3,14,21,8,29,3,57,3,53,12,16
20230309,서울특별시,11,동작구,11590,서울특별시,11,영등포구,11560,11,17,21,12,23,5,26,6,44,15,20
20230309,서울특별시,11,동작구,11590,서울특별시,11,금천구,11545,0,17,11,6,18,0,22,4,51,12,13
20230309,서울특별시,11,동작구,11590,서울특별시,11,구로구,11530,3,7,18,13,34,0,25,0,41,5,11
20230309,서울특별시,11,동작구,11590,서울특별시,11,강서구,11500,5,8,26,13,32,8,38,7,71,22,16
20230309,서울특별시,11,동작구,11590,서울특별시,11,양천구,11470,3,11,18,8,18,6,25,3,34,12,10
20230309,서울특별시,11,동작구,11590,서울특별시,11,마포구,11440,7,15,27,20,26,7,31,7,67,12,10
20230309,서울특별시,11,동작구,11590,서울특별시,11,서대문구,11410,3,7,29,7,17,4,27,0,37,6,8
20230309,서울특별시,11,동작구,11590,서울특별시,11,은평구,11380,5,12,12,10,24,7,26,4,46,8,10
20230309,서울특별시,11,동작구,11590,서울특별시,11,노원구,11350,9,8,20,10,33,5,26,7,54,6,15
20230309,서울특별시,11,동작구,11590,서울특별시,11,도봉구,11320,5,7,9,0,21,4,15,0,26,4,0
20230309,서울특별시,11,동작구,11590,서울특별시,11,강북구,11305,3,9,6,6,18,0,17,5,27,5,8
20230309,서울특별시,11,동작구,11590,서울특별시,11,성북구,11290,3,20,29,6,25,4,30,3,59,11,13
20230309,서울특별시,11,동작구,11590,서울특별시,11,중랑구,11260,6,10,12,8,19,4,15,9,41,6,10
20230309,서울특별시,11,동작구,11590,서울특별시,11,동대문구,11230,0,13,26,8,21,5,19,4,43,9,10
20230309,서울특별시,11,동작구,11590,서울특별시,11,광진구,11215,6,9,15,13,29,7,20,4,47,9,9
20230309,서울특별시,11,동작구,11590,서울특별시,11,성동구,11200,3,23,31,5,25,5,23,0,76,27,8
20230309,서울특별시,11,동작구,11590,서울특별시,11,용산구,11170,0,8,15,10,22,0,18,7,38,9,13
20230309,서울특별시,11,동작구,11590,서울특별시,11,중구,11140,4,6,14,8,15,4,7,3,36,9,0
20230309,서울특별시,11,동작구,11590,서울특별시,11,종로구,11110,5,7,21,3,17,11,23,0,28,14,0
20230310,서울특별시,11,서대문구,11410,서울특별시,11,성북구,11290,0,13,10,22,19,0,9,12,52,25,4
20230310,서울특별시,11,서대문구,11410,서울특별시,11,강북구,11305,0,9,6,18,8,4,8,11,14,8,0
20230310,서울특별시,11,서대문구,11410,서울특별시,11,도봉구,11320,0,9,4,14,9,0,6,11,27,8,5
20230310,서울특별시,11,서대문구,11410,서울특별시,11,노원구,11350,0,11,8,31,20,0,15,22,30,20,54
20230310,서울특별시,11,서대문구,11410,서울특별시,11,은평구,11380,0,18,21,20,14,7,10,8,36,20,5
20230310,서울특별시,11,서대문구,11410,서울특별시,11,서대문구,11410,3,14,13,19,15,3,25,12,22,16,15
20230310,서울특별시,11,서대문구,11410,서울특별시,11,마포구,11440,4,19,15,23,20,3,10,16,60,18,6
20230310,서울특별시,11,서대문구,11410,서울특별시,11,양천구,11470,0,9,5,21,22,4,7,14,26,11,5
20230310,서울특별시,11,서대문구,11410,서울특별시,11,강서구,11500,0,21,9,36,30,8,11,26,49,25,9
20230310,서울특별시,11,서대문구,11410,서울특별시,11,구로구,11530,0,16,19,42,27,4,4,15,37,15,3
20230310,서울특별시,11,서대문구,11410,서울특별시,11,금천구,11545,0,15,4,19,20,0,5,5,35,11,7
20230310,서울특별시,11,서대문구,11410,서울특별시,11,영등포구,11560,0,24,4,28,22,5,14,22,32,19,6
20230310,서울특별시,11,서대문구,11410,서울특별시,11,동작구,11590,0,11,4,17,13,3,8,9,23,18,9
20230310,서울특별시,11,서대문구,11410,서울특별시,11,관악구,11620,3,19,11,37,25,3,6,13,38,22,9
20230310,서울특별시,11,서대문구,11410,서울특별시,11,서초구,11650,5,22,10,28,23,6,13,10,25,15,15
20230310,서울특별시,11,서대문구,11410,서울특별시,11,강남구,11680,3,46,17,35,37,6,18,5,62,26,23
20230310,서울특별시,11,서대문구,11410,서울특별시,11,송파구,11710,0,30,10,35,32,8,17,12,53,22,8
20230310,서울특별시,11,서대문구,11410,서울특별시,11,강동구,11740,4,9,7,17,24,3,12,31,32,22,4
20230310,서울특별시,11,은평구,11380,서울특별시,11,양천구,11470,0,8,8,0,25,0,74,3,18,7,16
20230310,서울특별시,11,은평구,11380,서울특별시,11,강서구,11500,0,11,8,0,42,12,42,7,37,9,36
20230310,서울특별시,11,은평구,11380,서울특별시,11,구로구,11530,0,4,3,0,21,3,34,4,22,10,23
20230310,서울특별시,11,은평구,11380,서울특별시,11,금천구,11545,0,4,4,6,12,4,16,4,30,12,10
20230310,서울특별시,11,은평구,11380,서울특별시,11,영등포구,11560,5,7,3,4,24,0,28,7,23,9,29
20230310,서울특별시,11,은평구,11380,서울특별시,11,동작구,11590,0,7,4,6,11,0,37,5,15,4,19
20230310,서울특별시,11,은평구,11380,서울특별시,11,관악구,11620,0,7,5,0,23,5,37,6,11,9,23
20230310,서울특별시,11,은평구,11380,서울특별시,11,서초구,11650,4,7,11,6,29,6,38,0,21,5,21
20230310,서울특별시,11,은평구,11380,서울특별시,11,강남구,11680,0,20,9,9,43,16,51,3,30,14,34
20230310,서울특별시,11,은평구,11380,서울특별시,11,송파구,11710,0,9,9,5,36,17,62,8,28,3,41
20230310,서울특별시,11,은평구,11380,서울특별시,11,강동구,11740,6,8,7,3,32,7,39,0,26,23,22
20230310,서울특별시,11,용산구,11170,서울특별시,11,종로구,11110,0,20,7,108,22,3,6,0,46,7,5
20230310,서울특별시,11,용산구,11170,서울특별시,11,중구,11140,3,34,13,123,25,0,7,4,61,15,6
20230310,서울특별시,11,용산구,11170,서울특별시,11,용산구,11170,3,59,15,194,49,3,44,5,55,19,7
20230310,서울특별시,11,용산구,11170,서울특별시,11,성동구,11200,5,45,13,191,29,5,15,0,69,21,9
20230310,서울특별시,11,용산구,11170,서울특별시,11,광진구,11215,6,32,5,172,40,0,16,0,54,16,5
20230310,서울특별시,11,용산구,11170,서울특별시,11,동대문구,11230,4,20,11,138,36,0,7,0,57,16,3
20230310,서울특별시,11,용산구,11170,서울특별시,11,중랑구,11260,0,20,0,132,41,3,8,4,37,13,9
20230310,서울특별시,11,용산구,11170,서울특별시,11,성북구,11290,8,27,3,202,31,0,17,4,81,6,6
20230310,서울특별시,11,용산구,11170,서울특별시,11,강북구,11305,0,19,3,84,16,4,10,0,26,11,5
20230310,서울특별시,11,용산구,11170,서울특별시,11,도봉구,11320,5,20,7,102,24,0,14,0,26,7,6
20230310,서울특별시,11,용산구,11170,서울특별시,11,노원구,11350,6,35,7,167,66,0,20,5,48,15,8
20230310,서울특별시,11,용산구,11170,서울특별시,11,은평구,11380,7,21,7,159,35,3,23,0,45,16,7
20230310,서울특별시,11,용산구,11170,서울특별시,11,서대문구,11410,9,22,3,113,32,4,9,6,33,13,9
20230310,서울특별시,11,용산구,11170,서울특별시,11,마포구,11440,4,39,18,227,47,3,19,0,62,31,9
20230310,서울특별시,11,용산구,11170,서울특별시,11,양천구,11470,0,27,13,150,42,4,13,0,40,17,12
20230310,서울특별시,11,용산구,11170,서울특별시,11,강서구,11500,4,43,16,255,49,3,21,4,73,20,10
20230310,서울특별시,11,용산구,11170,서울특별시,11,구로구,11530,3,36,13,245,31,0,17,4,46,9,7
20230310,서울특별시,11,용산구,11170,서울특별시,11,금천구,11545,6,37,9,210,23,3,7,0,44,14,0
20230310,서울특별시,11,용산구,11170,서울특별시,11,영등포구,11560,5,35,12,258,44,5,14,4,54,9,9
20230310,서울특별시,11,용산구,11170,서울특별시,11,동작구,11590,0,24,10,153,38,0,18,0,56,12,10
20230310,서울특별시,11,용산구,11170,서울특별시,11,관악구,11620,0,46,17,233,44,3,12,5,65,25,11
20230310,서울특별시,11,용산구,11170,서울특별시,11,서초구,11650,5,47,19,284,75,6,26,0,74,26,9
20230310,서울특별시,11,용산구,11170,서울특별시,11,강남구,11680,10,82,26,474,88,7,22,7,104,20,20
20230310,서울특별시,11,용산구,11170,서울특별시,11,송파구,11710,4,61,14,354,81,12,20,6,94,41,23
20230310,서울특별시,11,용산구,11170,서울특별시,11,강동구,11740,5,31,9,166,45,3,19,8,64,16,3
20230310,서울특별시,11,동작구,11590,서울특별시,11,종로구,11110,0,8,25,6,7,0,5,0,31,0,3
20230310,서울특별시,11,동작구,11590,서울특별시,11,중구,11140,7,19,21,7,11,0,9,0,44,3,7
20230310,서울특별시,11,동작구,11590,서울특별시,11,용산구,11170,3,15,13,17,15,0,8,3,34,8,5
20230310,서울특별시,11,동작구,11590,서울특별시,11,성동구,11200,3,32,39,10,19,5,11,10,72,30,11
20230310,서울특별시,11,양천구,11470,서울특별시,11,금천구,11545,0,12,8,19,18,9,8,0,35,18,8
20230310,서울특별시,11,양천구,11470,서울특별시,11,구로구,11530,0,14,14,23,19,7,20,0,32,21,7
20230310,서울특별시,11,양천구,11470,서울특별시,11,강서구,11500,0,20,16,21,31,18,34,0,59,26,9
20230310,서울특별시,11,양천구,11470,서울특별시,11,양천구,11470,4,21,18,12,15,4,45,3,47,14,10
20230310,서울특별시,11,양천구,11470,서울특별시,11,마포구,11440,0,18,16,20,39,5,9,3,26,15,8
20230310,서울특별시,11,양천구,11470,서울특별시,11,서대문구,11410,0,17,6,15,26,4,5,0,15,17,4
20230310,서울특별시,11,양천구,11470,서울특별시,11,은평구,11380,0,14,4,13,32,3,13,0,20,17,7
20230310,서울특별시,11,양천구,11470,서울특별시,11,노원구,11350,0,23,6,16,45,3,5,0,22,15,6
20230310,서울특별시,11,양천구,11470,서울특별시,11,도봉구,11320,0,4,0,17,19,0,4,0,17,4,3
20230310,서울특별시,11,양천구,11470,서울특별시,11,강북구,11305,0,7,0,6,14,0,6,0,19,11,4
20230310,서울특별시,11,양천구,11470,서울특별시,11,성북구,11290,0,24,6,15,41,7,8,0,44,17,9
20230310,서울특별시,11,양천구,11470,서울특별시,11,중랑구,11260,0,5,6,8,23,3,5,0,32,14,7
20230310,서울특별시,11,양천구,11470,서울특별시,11,동대문구,11230,0,20,8,15,27,10,10,0,25,16,4
20230310,서울특별시,11,양천구,11470,서울특별시,11,광진구,11215,0,9,6,11,18,0,6,0,23,20,9
20230310,서울특별시,11,양천구,11470,서울특별시,11,성동구,11200,0,22,12,8,15,6,5,0,50,84,8
20230310,서울특별시,11,양천구,11470,서울특별시,11,용산구,11170,0,8,6,19,19,5,9,0,14,11,9
20230310,서울특별시,11,양천구,11470,서울특별시,11,중구,11140,0,18,9,10,8,12,16,0,39,39,3
20230310,서울특별시,11,양천구,11470,서울특별시,11,종로구,11110,0,8,8,6,9,0,6,0,16,11,3
20230310,서울특별시,11,강동구,11740,서울특별시,11,동대문구,11230,7,26,0,5,32,0,30,3,24,15,4
20230310,서울특별시,11,강동구,11740,서울특별시,11,광진구,11215,10,21,7,18,19,5,29,3,20,14,8
20230310,서울특별시,11,강동구,11740,서울특별시,11,성동구,11200,10,35,8,8,24,6,29,4,55,33,10
20230310,서울특별시,11,종로구,11110,서울특별시,11,강동구,11740,0,40,15,7,20,4,7,7,90,47,22
20230310,서울특별시,11,종로구,11110,서울특별시,11,송파구,11710,12,58,28,17,53,4,15,9,174,72,24
20230310,서울특별시,11,종로구,11110,서울특별시,11,강남구,11680,18,84,40,8,47,6,21,0,210,79,22
20230310,서울특별시,11,종로구,11110,서울특별시,11,서초구,11650,10,54,14,14,41,0,10,0,119,50,8
20230310,서울특별시,11,종로구,11110,서울특별시,11,관악구,11620,8,35,21,9,28,0,19,3,157,41,11
20230310,서울특별시,11,종로구,11110,서울특별시,11,동작구,11590,4,24,15,8,17,0,9,4,87,33,12
20230310,서울특별시,11,종로구,11110,서울특별시,11,영등포구,11560,10,34,15,15,38,0,16,4,109,44,11
20230310,서울특별시,11,강동구,11740,서울특별시,11,용산구,11170,5,12,7,15,22,10,39,0,23,5,5
20230310,서울특별시,11,강동구,11740,서울특별시,11,중구,11140,7,26,6,5,18,0,19,0,34,6,0
20230310,서울특별시,11,강동구,11740,서울특별시,11,종로구,11110,11,13,0,0,15,0,24,0,22,16,0
20230310,서울특별시,11,송파구,11710,서울특별시,11,관악구,11620,5,43,17,25,33,14,45,5,119,13,18
20230310,서울특별시,11,송파구,11710,서울특별시,11,서초구,11650,7,50,32,20,32,13,33,3,79,31,13
20230310,서울특별시,11,송파구,11710,서울특별시,11,강남구,11680,15,124,34,26,63,18,82,0,151,50,67
20230310,서울특별시,11,송파구,11710,서울특별시,11,송파구,11710,6,154,42,27,78,20,99,4,174,37,28
20230310,서울특별시,11,종로구,11110,서울특별시,11,금천구,11545,5,27,0,9,16,0,10,0,76,27,4
20230310,서울특별시,11,종로구,11110,서울특별시,11,구로구,11530,5,33,14,16,22,0,12,0,79,41,8
20230310,서울특별시,11,종로구,11110,서울특별시,11,강서구,11500,10,44,13,10,39,0,15,8,158,73,13
20230310,서울특별시,11,종로구,11110,서울특별시,11,양천구,11470,5,28,16,10,19,0,9,3,76,34,9
20230310,서울특별시,11,종로구,11110,서울특별시,11,마포구,11440,14,44,25,10,35,3,9,3,105,53,8
20230310,서울특별시,11,종로구,11110,서울특별시,11,서대문구,11410,4,32,15,11,23,3,8,0,75,36,7
20230310,서울특별시,11,종로구,11110,서울특별시,11,은평구,11380,0,26,14,17,20,5,15,6,92,46,9
20230310,서울특별시,11,종로구,11110,서울특별시,11,노원구,11350,8,32,23,12,26,4,15,5,100,56,4
20230310,서울특별시,11,종로구,11110,서울특별시,11,도봉구,11320,0,16,15,4,16,0,8,5,48,32,8
20230310,서울특별시,11,종로구,11110,서울특별시,11,강북구,11305,7,22,5,7,16,0,9,4,53,23,5
20230310,서울특별시,11,종로구,11110,서울특별시,11,성북구,11290,12,35,16,10,23,4,8,10,105,38,13
20230310,서울특별시,11,종로구,11110,서울특별시,11,중랑구,11260,4,25,3,10,24,0,5,4,73,46,0
20230310,서울특별시,11,종로구,11110,서울특별시,11,동대문구,11230,10,27,11,8,22,0,11,0,86,32,11
20230310,서울특별시,11,종로구,11110,서울특별시,11,광진구,11215,0,33,9,15,27,0,13,3,100,35,9
20230310,서울특별시,11,종로구,11110,서울특별시,11,성동구,11200,6,43,27,5,32,3,12,0,137,52,8
20230310,서울특별시,11,종로구,11110,서울특별시,11,용산구,11170,9,21,16,20,26,3,11,3,85,33,8
20230310,서울특별시,11,종로구,11110,서울특별시,11,중구,11140,5,31,7,8,9,0,16,0,59,31,5
20230310,서울특별시,11,송파구,11710,서울특별시,11,강동구,11740,3,52,26,12,28,14,37,4,90,33,17
20230310,서울특별시,11,강동구,11740,서울특별시,11,강동구,11740,7,57,6,14,31,3,58,5,36,21,11
20230310,서울특별시,11,강동구,11740,서울특별시,11,송파구,11710,19,50,8,16,49,8,56,0,56,29,9
20230310,서울특별시,11,종로구,11110,서울특별시,11,종로구,11110,8,34,14,5,16,0,28,0,70,23,5
20230310,서울특별시,11,강동구,11740,서울특별시,11,강남구,11680,18,96,8,21,42,11,85,5,54,30,20
20230310,서울특별시,11,강동구,11740,서울특별시,11,서초구,11650,8,49,9,23,60,5,49,3,23,18,6
20230310,서울특별시,11,강동구,11740,서울특별시,11,관악구,11620,19,25,9,12,28,6,47,0,25,12,11
20230310,서울특별시,11,강동구,11740,서울특별시,11,동작구,11590,9,23,4,19,25,0,28,0,20,14,4
20230310,서울특별시,11,강동구,11740,서울특별시,11,영등포구,11560,12,33,5,11,38,4,32,0,24,13,12
20230310,서울특별시,11,강동구,11740,서울특별시,11,금천구,11545,4,49,4,8,12,0,22,4,51,20,5
20230310,서울특별시,11,강동구,11740,서울특별시,11,구로구,11530,6,27,10,21,39,8,28,0,27,11,9
20230310,서울특별시,11,강동구,11740,서울특별시,11,강서구,11500,8,40,6,22,45,6,48,0,39,27,9
20230310,서울특별시,11,강동구,11740,서울특별시,11,양천구,11470,9,20,5,16,20,4,24,0,15,18,4
20230310,서울특별시,11,강동구,11740,서울특별시,11,마포구,11440,14,34,10,14,35,3,51,3,35,15,3
20230310,서울특별시,11,광진구,11215,서울특별시,11,종로구,11110,0,8,0,13,15,4,6,0,30,10,3
20230310,서울특별시,11,광진구,11215,서울특별시,11,중구,11140,0,18,5,10,24,5,10,0,45,14,6
20230310,서울특별시,11,광진구,11215,서울특별시,11,용산구,11170,5,9,3,18,18,8,5,5,42,17,8
20230310,서울특별시,11,광진구,11215,서울특별시,11,성동구,11200,0,33,16,9,23,6,13,5,144,36,21
20230310,서울특별시,11,광진구,11215,서울특별시,11,광진구,11215,10,25,23,17,32,7,43,6,78,25,18
20230310,서울특별시,11,광진구,11215,서울특별시,11,동대문구,11230,13,19,6,14,38,13,11,0,70,24,18
20230310,서울특별시,11,광진구,11215,서울특별시,11,중랑구,11260,6,22,7,10,28,11,9,7,75,15,14
20230310,서울특별시,11,광진구,11215,서울특별시,11,성북구,11290,9,32,5,10,36,10,12,0,92,27,21
20230310,서울특별시,11,광진구,11215,서울특별시,11,강북구,11305,0,4,5,5,22,8,8,0,45,16,7
20230310,서울특별시,11,광진구,11215,서울특별시,11,도봉구,11320,0,15,6,10,24,9,11,0,59,7,15
20230310,서울특별시,11,광진구,11215,서울특별시,11,노원구,11350,5,21,6,12,34,11,20,5,93,24,18
20230310,서울특별시,11,광진구,11215,서울특별시,11,은평구,11380,5,16,6,10,32,6,11,9,102,30,16
20230310,서울특별시,11,광진구,11215,서울특별시,11,서대문구,11410,8,18,11,6,25,7,6,3,47,22,7
20230310,서울특별시,11,광진구,11215,서울특별시,11,마포구,11440,6,21,11,20,41,7,15,0,82,29,17
20230310,서울특별시,11,광진구,11215,서울특별시,11,양천구,11470,3,24,10,5,37,7,16,3,79,17,15
20230310,서울특별시,11,광진구,11215,서울특별시,11,강서구,11500,12,19,10,24,45,9,20,5,115,38,23
20230310,서울특별시,11,광진구,11215,서울특별시,11,구로구,11530,3,23,12,15,36,4,12,0,64,21,15
20230310,서울특별시,11,광진구,11215,서울특별시,11,금천구,11545,5,15,4,18,51,7,14,0,54,15,8
20230310,서울특별시,11,광진구,11215,서울특별시,11,영등포구,11560,5,29,9,19,34,7,10,3,70,33,20
20230310,서울특별시,11,광진구,11215,서울특별시,11,동작구,11590,5,19,5,12,25,8,11,0,72,23,16
20230310,서울특별시,11,광진구,11215,서울특별시,11,관악구,11620,13,25,6,14,41,10,19,4,91,38,24
20230310,서울특별시,11,광진구,11215,서울특별시,11,서초구,11650,9,19,14,24,35,12,20,6,91,20,17
20230310,서울특별시,11,광진구,11215,서울특별시,11,강남구,11680,10,52,10,28,61,8,24,3,123,38,33
20230310,서울특별시,11,광진구,11215,서울특별시,11,송파구,11710,8,34,15,25,51,14,20,5,132,44,26
20230310,서울특별시,11,광진구,11215,서울특별시,11,강동구,11740,4,21,4,18,28,6,16,3,82,26,17
20230310,서울특별시,11,송파구,11710,서울특별시,11,동작구,11590,6,30,19,8,31,7,21,0,65,17,10
20230310,서울특별시,11,송파구,11710,서울특별시,11,영등포구,11560,5,53,23,14,35,16,37,5,90,25,49
20230310,서울특별시,11,송파구,11710,서울특별시,11,금천구,11545,0,36,13,14,19,14,22,0,98,22,11
20230310,서울특별시,11,송파구,11710,서울특별시,11,구로구,11530,3,31,14,15,43,9,32,5,98,20,12
20230310,서울특별시,11,동작구,11590,서울특별시,11,강동구,11740,5,11,11,5,26,0,17,0,43,20,9
20230310,서울특별시,11,동작구,11590,서울특별시,11,송파구,11710,5,29,45,14,49,7,21,7,66,22,29
20230310,서울특별시,11,동작구,11590,서울특별시,11,강남구,11680,12,28,48,19,43,8,28,3,55,22,13
20230310,서울특별시,11,동작구,11590,서울특별시,11,서초구,11650,8,11,29,20,33,5,26,20,46,14,13
20230310,서울특별시,11,동작구,11590,서울특별시,11,관악구,11620,3,29,41,20,26,4,24,0,63,10,17
20230310,서울특별시,11,동작구,11590,서울특별시,11,동작구,11590,3,14,30,6,19,5,38,5,45,13,7
20230310,서울특별시,11,동작구,11590,서울특별시,11,영등포구,11560,0,15,32,13,16,0,27,4,49,15,14
20230310,서울특별시,11,동작구,11590,서울특별시,11,금천구,11545,0,11,6,10,19,4,10,0,40,13,10
20230310,서울특별시,11,동작구,11590,서울특별시,11,구로구,11530,5,9,7,12,37,5,11,6,35,7,11
20230310,서울특별시,11,도봉구,11320,서울특별시,11,종로구,11110,5,14,0,9,5,0,4,0,18,0,0
20230310,서울특별시,11,도봉구,11320,서울특별시,11,중구,11140,3,8,0,16,10,4,4,0,34,4,0
20230310,서울특별시,11,도봉구,11320,서울특별시,11,용산구,11170,0,5,0,13,22,0,6,3,30,4,3
20230310,서울특별시,11,도봉구,11320,서울특별시,11,성동구,11200,0,8,7,19,18,0,28,0,46,28,3
20230310,서울특별시,11,도봉구,11320,서울특별시,11,광진구,11215,4,8,4,13,16,9,15,0,42,12,3
20230310,서울특별시,11,도봉구,11320,서울특별시,11,동대문구,11230,4,5,0,21,17,4,10,3,60,13,0
20230310,서울특별시,11,도봉구,11320,서울특별시,11,중랑구,11260,0,8,0,12,12,0,13,0,55,14,7
20230310,서울특별시,11,도봉구,11320,서울특별시,11,성북구,11290,4,19,5,10,19,6,14,0,70,6,3
20230310,서울특별시,11,도봉구,11320,서울특별시,11,강북구,11305,3,9,5,12,19,4,10,0,57,14,6
20230310,서울특별시,11,도봉구,11320,서울특별시,11,도봉구,11320,0,7,3,16,10,0,19,0,51,12,4
20230310,서울특별시,11,도봉구,11320,서울특별시,11,노원구,11350,5,10,4,22,25,6,11,4,64,18,0
20230310,서울특별시,11,은평구,11380,서울특별시,11,강북구,11305,0,9,0,0,20,3,28,3,15,4,22
20230310,서울특별시,11,은평구,11380,서울특별시,11,성북구,11290,7,18,9,4,31,9,31,3,41,12,28
20230310,서울특별시,11,은평구,11380,서울특별시,11,중랑구,11260,3,6,0,0,25,0,25,0,22,7,30
20230310,서울특별시,11,은평구,11380,서울특별시,11,동대문구,11230,0,8,5,0,15,3,19,0,32,7,15
20230310,서울특별시,11,은평구,11380,서울특별시,11,광진구,11215,9,5,9,0,18,3,31,0,28,7,16
20230310,서울특별시,11,서초구,11650,서울특별시,11,강동구,11740,6,33,36,16,53,8,26,3,59,20,17
20230310,서울특별시,11,서초구,11650,서울특별시,11,송파구,11710,15,89,39,43,85,6,55,3,82,24,31
20230310,서울특별시,11,서초구,11650,서울특별시,11,강남구,11680,23,125,84,47,157,7,129,7,125,42,65
20230310,서울특별시,11,서초구,11650,서울특별시,11,서초구,11650,31,101,72,33,105,9,272,12,112,28,41
20230310,서울특별시,11,서초구,11650,서울특별시,11,관악구,11620,14,40,47,20,53,4,39,0,55,16,25
20230310,서울특별시,11,서초구,11650,서울특별시,11,동작구,11590,11,44,29,21,42,0,39,8,43,18,16
20230310,서울특별시,11,서초구,11650,서울특별시,11,영등포구,11560,4,41,28,26,53,0,24,0,43,17,21
20230310,서울특별시,11,서초구,11650,서울특별시,11,금천구,11545,5,37,19,18,30,3,31,0,49,25,14
20230310,서울특별시,11,서초구,11650,서울특별시,11,구로구,11530,5,41,14,29,41,6,27,9,50,16,22
20230310,서울특별시,11,서초구,11650,서울특별시,11,강서구,11500,10,56,40,24,71,6,42,6,60,25,28
20230310,서울특별시,11,서초구,11650,서울특별시,11,양천구,11470,8,43,37,12,35,6,31,3,45,12,13
20230310,서울특별시,11,서초구,11650,서울특별시,11,마포구,11440,13,53,33,27,54,14,71,4,48,8,18
20230310,서울특별시,11,서초구,11650,서울특별시,11,서대문구,11410,8,27,26,17,53,0,15,0,35,9,13
20230310,서울특별시,11,서초구,11650,서울특별시,11,은평구,11380,6,42,22,11,46,0,34,3,41,22,19
20230310,서울특별시,11,서초구,11650,서울특별시,11,노원구,11350,5,37,27,20,52,5,24,0,40,12,17
20230310,서울특별시,11,서초구,11650,서울특별시,11,도봉구,11320,0,29,18,8,42,7,13,0,24,7,7
20230310,서울특별시,11,서초구,11650,서울특별시,11,강북구,11305,3,25,16,10,33,5,29,0,25,9,7
20230310,서울특별시,11,서초구,11650,서울특별시,11,성북구,11290,3,37,24,16,43,5,27,0,70,19,17
20230310,서울특별시,11,서초구,11650,서울특별시,11,중랑구,11260,4,23,14,14,46,4,25,4,39,8,17
20230310,서울특별시,11,서초구,11650,서울특별시,11,동대문구,11230,7,39,25,16,49,5,19,0,37,16,20
20230310,서울특별시,11,서초구,11650,서울특별시,11,광진구,11215,12,37,24,8,39,3,19,0,51,6,21
20230310,서울특별시,11,서초구,11650,서울특별시,11,성동구,11200,5,59,29,27,40,5,18,0,103,30,16
20230310,서울특별시,11,서초구,11650,서울특별시,11,용산구,11170,9,32,26,33,37,10,23,0,32,14,15
20230310,서울특별시,11,서초구,11650,서울특별시,11,중구,11140,4,33,22,18,26,0,43,0,58,14,8
20230310,서울특별시,11,서초구,11650,서울특별시,11,종로구,11110,4,24,24,12,24,9,14,0,34,6,10
20230310,서울특별시,11,동작구,11590,서울특별시,11,강서구,11500,5,16,20,13,37,4,23,9,67,17,18
20230310,서울특별시,11,동작구,11590,서울특별시,11,양천구,11470,6,22,18,8,22,5,13,5,41,9,11
20230310,서울특별시,11,동작구,11590,서울특별시,11,마포구,11440,9,10,21,21,29,0,20,7,32,16,10
20230310,서울특별시,11,동작구,11590,서울특별시,11,서대문구,11410,0,11,22,13,14,3,16,4,31,7,6
20230310,서울특별시,11,동작구,11590,서울특별시,11,은평구,11380,7,3,22,6,24,3,15,0,40,14,13
20230310,서울특별시,11,동작구,11590,서울특별시,11,노원구,11350,3,10,17,9,25,4,19,3,50,9,11
20230310,서울특별시,11,송파구,11710,서울특별시,11,강서구,11500,7,62,29,15,50,20,35,7,126,37,21
20230310,서울특별시,11,송파구,11710,서울특별시,11,양천구,11470,9,42,16,6,28,12,25,4,75,24,8
20230310,서울특별시,11,송파구,11710,서울특별시,11,마포구,11440,0,56,21,20,48,11,30,3,111,26,15
20230310,서울특별시,11,송파구,11710,서울특별시,11,서대문구,11410,5,30,18,11,14,14,20,0,66,22,4
20230310,서울특별시,11,영등포구,11560,서울특별시,11,강동구,11740,4,89,16,13,33,0,25,0,43,47,33
20230310,서울특별시,11,영등포구,11560,서울특별시,11,송파구,11710,8,124,19,30,34,6,36,5,78,46,48
20230310,서울특별시,11,영등포구,11560,서울특별시,11,강남구,11680,8,201,29,30,58,10,51,0,101,42,53
20230310,서울특별시,11,영등포구,11560,서울특별시,11,서초구,11650,4,119,21,23,38,4,27,0,60,23,22
20230310,서울특별시,11,영등포구,11560,서울특별시,11,관악구,11620,5,104,21,23,48,0,23,3,49,32,41
20230310,서울특별시,11,영등포구,11560,서울특별시,11,동작구,11590,6,77,12,18,24,0,18,0,46,23,28
20230310,서울특별시,11,영등포구,11560,서울특별시,11,영등포구,11560,10,128,35,18,46,12,58,8,60,39,56
20230310,서울특별시,11,영등포구,11560,서울특별시,11,금천구,11545,0,85,18,15,27,3,12,0,40,18,22
20230310,서울특별시,11,영등포구,11560,서울특별시,11,구로구,11530,7,100,28,20,47,0,15,4,53,29,42
20230310,서울특별시,11,영등포구,11560,서울특별시,11,강서구,11500,10,161,22,23,45,4,28,3,84,40,38
20230310,서울특별시,11,영등포구,11560,서울특별시,11,양천구,11470,7,89,24,20,24,0,19,5,44,32,31
20230310,서울특별시,11,영등포구,11560,서울특별시,11,마포구,11440,8,99,24,26,34,4,37,0,73,36,32
20230310,서울특별시,11,영등포구,11560,서울특별시,11,서대문구,11410,4,58,14,15,29,0,15,3,45,23,28
20230310,서울특별시,11,영등포구,11560,서울특별시,11,은평구,11380,6,83,7,16,26,4,21,0,42,27,28
20230310,서울특별시,11,영등포구,11560,서울특별시,11,노원구,11350,4,72,15,10,35,0,32,0,43,22,29
20230310,서울특별시,11,영등포구,11560,서울특별시,11,도봉구,11320,0,57,6,11,22,0,12,0,24,18,16
20230310,서울특별시,11,영등포구,11560,서울특별시,11,강북구,11305,3,50,6,9,12,0,14,0,38,22,16
20230310,서울특별시,11,영등포구,11560,서울특별시,11,성북구,11290,0,80,10,18,36,0,15,0,55,41,20
20230310,서울특별시,11,영등포구,11560,서울특별시,11,중랑구,11260,0,86,12,16,25,3,16,0,46,21,28
20230310,서울특별시,11,영등포구,11560,서울특별시,11,동대문구,11230,0,105,17,11,27,0,30,0,72,19,39
20230310,서울특별시,11,영등포구,11560,서울특별시,11,광진구,11215,5,83,18,17,23,3,30,0,53,29,34
20230310,서울특별시,11,영등포구,11560,서울특별시,11,성동구,11200,3,84,14,15,22,4,28,0,79,45,25
20230310,서울특별시,11,영등포구,11560,서울특별시,11,용산구,11170,6,64,10,21,24,3,21,0,33,24,20
20230310,서울특별시,11,영등포구,11560,서울특별시,11,중구,11140,3,80,14,15,26,0,28,6,49,36,12
20230310,서울특별시,11,동작구,11590,서울특별시,11,도봉구,11320,0,4,9,10,10,3,12,3,24,3,10
20230310,서울특별시,11,동작구,11590,서울특별시,11,강북구,11305,3,6,8,8,13,0,9,3,30,6,5
20230310,서울특별시,11,동작구,11590,서울특별시,11,성북구,11290,3,14,25,15,14,7,15,9,60,14,11
20230310,서울특별시,11,동작구,11590,서울특별시,11,중랑구,11260,0,10,9,5,21,0,17,0,44,11,0
20230310,서울특별시,11,동작구,11590,서울특별시,11,동대문구,11230,4,7,26,6,30,3,12,3,35,6,6
20230310,서울특별시,11,동작구,11590,서울특별시,11,광진구,11215,3,13,16,8,29,4,7,4,37,11,9
20230310,서울특별시,11,영등포구,11560,서울특별시,11,종로구,11110,0,71,8,11,23,0,27,0,27,20,12
20230310,서울특별시,11,강남구,11680,서울특별시,11,동작구,11590,8,77,21,20,42,12,64,9,210,65,66
20230310,서울특별시,11,강남구,11680,서울특별시,11,관악구,11620,15,120,28,26,65,15,86,7,303,72,68
20230310,서울특별시,11,강남구,11680,서울특별시,11,서초구,11650,15,183,68,41,153,16,169,19,321,76,518
20230310,서울특별시,11,강남구,11680,서울특별시,11,강남구,11680,19,311,164,76,229,38,294,24,571,148,640
20230310,서울특별시,11,강남구,11680,서울특별시,11,송파구,11710,28,154,72,42,204,22,197,13,432,99,684
20230310,서울특별시,11,강남구,11680,서울특별시,11,강동구,11740,8,105,22,17,58,11,63,3,243,73,51
20230310,서울특별시,11,중랑구,11260,서울특별시,11,강동구,11740,4,59,9,8,31,11,33,0,85,55,14
20230310,서울특별시,11,중랑구,11260,서울특별시,11,송파구,11710,10,91,20,31,53,16,62,14,151,50,36
20230310,서울특별시,11,중랑구,11260,서울특별시,11,강남구,11680,10,109,26,25,55,15,50,8,120,59,41
20230310,서울특별시,11,중랑구,11260,서울특별시,11,서초구,11650,8,68,10,20,44,11,46,8,75,48,17
20230310,서울특별시,11,중랑구,11260,서울특별시,11,관악구,11620,8,64,12,16,36,15,41,0,120,37,20
20230310,서울특별시,11,중랑구,11260,서울특별시,11,동작구,11590,3,58,16,14,36,10,32,5,88,25,20
20230310,서울특별시,11,중랑구,11260,서울특별시,11,영등포구,11560,7,54,14,17,39,16,16,7,84,23,19
20230310,서울특별시,11,중랑구,11260,서울특별시,11,금천구,11545,4,40,7,9,32,8,12,3,54,21,7
20230310,서울특별시,11,중랑구,11260,서울특별시,11,구로구,11530,8,55,10,12,25,8,25,5,76,39,22
20230310,서울특별시,11,중랑구,11260,서울특별시,11,강서구,11500,13,69,16,15,37,13,42,8,139,46,22
20230310,서울특별시,11,중랑구,11260,서울특별시,11,양천구,11470,9,34,7,14,21,11,38,6,76,21,17
20230310,서울특별시,11,중랑구,11260,서울특별시,11,마포구,11440,9,57,9,18,34,7,32,13,80,35,17
20230310,서울특별시,11,중랑구,11260,서울특별시,11,서대문구,11410,3,31,7,12,23,0,24,0,73,26,13
20230310,서울특별시,11,중랑구,11260,서울특별시,11,은평구,11380,8,41,9,16,34,7,44,4,82,33,24
20230310,서울특별시,11,중랑구,11260,서울특별시,11,노원구,11350,7,55,23,11,25,10,42,6,97,35,28
20230310,서울특별시,11,중랑구,11260,서울특별시,11,도봉구,11320,4,31,9,5,17,10,23,0,50,17,10
20230310,서울특별시,11,중랑구,11260,서울특별시,11,강북구,11305,5,20,7,8,15,5,26,6,68,22,16
20230310,서울특별시,11,중랑구,11260,서울특별시,11,성북구,11290,9,78,14,12,33,5,31,11,128,33,19
20230310,서울특별시,11,중랑구,11260,서울특별시,11,중랑구,11260,6,60,10,17,36,9,47,7,84,30,14
20230310,서울특별시,11,중랑구,11260,서울특별시,11,동대문구,11230,8,55,7,9,22,4,28,5,93,26,15
20230310,서울특별시,11,은평구,11380,서울특별시,11,성동구,11200,0,17,9,0,22,5,29,0,46,34,16
20230310,서울특별시,11,은평구,11380,서울특별시,11,용산구,11170,0,4,8,15,19,4,35,0,14,5,12
20230310,서울특별시,11,은평구,11380,서울특별시,11,중구,11140,0,6,5,3,9,0,12,0,28,7,8
20230310,서울특별시,11,은평구,11380,서울특별시,11,종로구,11110,0,7,0,0,3,4,16,0,15,5,16
20230310,서울특별시,11,중랑구,11260,서울특별시,11,광진구,11215,6,77,10,11,27,5,19,3,81,29,16
20230310,서울특별시,11,중랑구,11260,서울특별시,11,성동구,11200,10,53,17,10,26,8,24,4,87,46,15
20230310,서울특별시,11,중랑구,11260,서울특별시,11,용산구,11170,5,24,4,11,31,6,25,0,69,36,9
20230310,서울특별시,11,중랑구,11260,서울특별시,11,중구,11140,7,51,8,11,16,4,16,4,59,20,7
20230310,서울특별시,11,중랑구,11260,서울특별시,11,종로구,11110,0,27,6,6,24,7,19,0,27,16,7
20230310,서울특별시,11,강북구,11305,서울특별시,11,종로구,11110,0,7,3,0,0,0,0,0,27,12,0
20230310,서울특별시,11,강북구,11305,서울특별시,11,중구,11140,0,10,0,0,7,0,5,0,35,5,0
20230310,서울특별시,11,강북구,11305,서울특별시,11,용산구,11170,3,12,3,10,5,0,5,0,39,0,3
20230310,서울특별시,11,강북구,11305,서울특별시,11,성동구,11200,0,25,6,0,8,0,7,0,75,21,6
20230310,서울특별시,11,강북구,11305,서울특별시,11,광진구,11215,0,22,5,3,8,0,11,3,62,5,9
20230310,서울특별시,11,강북구,11305,서울특별시,11,동대문구,11230,4,6,0,6,4,0,5,4,61,9,3
20230310,서울특별시,11,강북구,11305,서울특별시,11,중랑구,11260,0,12,6,4,3,0,7,4,51,6,8
20230310,서울특별시,11,강북구,11305,서울특별시,11,성북구,11290,0,11,3,5,5,0,15,0,84,11,5
20230310,서울특별시,11,강북구,11305,서울특별시,11,강북구,11305,3,12,6,4,7,0,18,0,42,5,0
20230310,서울특별시,11,강북구,11305,서울특별시,11,도봉구,11320,0,11,7,4,11,0,13,0,54,4,0
20230310,서울특별시,11,강북구,11305,서울특별시,11,노원구,11350,0,22,10,5,9,0,8,0,66,8,3
20230310,서울특별시,11,강북구,11305,서울특별시,11,은평구,11380,4,14,3,7,14,0,9,0,53,4,0
20230310,서울특별시,11,강북구,11305,서울특별시,11,서대문구,11410,5,17,5,8,7,0,0,4,40,3,10
20230310,서울특별시,11,강북구,11305,서울특별시,11,마포구,11440,0,20,5,6,13,0,8,0,71,12,4
20230310,서울특별시,11,강북구,11305,서울특별시,11,양천구,11470,0,13,0,0,11,0,15,0,54,8,8
20230310,서울특별시,11,강북구,11305,서울특별시,11,강서구,11500,0,24,6,13,20,0,15,0,89,11,14
20230310,서울특별시,11,강북구,11305,서울특별시,11,구로구,11530,0,14,0,3,8,0,11,0,51,6,7
20230310,서울특별시,11,강북구,11305,서울특별시,11,금천구,11545,0,17,0,0,3,0,3,0,46,9,3
20230310,서울특별시,11,강북구,11305,서울특별시,11,영등포구,11560,6,18,4,6,6,0,9,0,46,5,7
20230310,서울특별시,11,강북구,11305,서울특별시,11,동작구,11590,0,11,0,5,7,0,7,5,67,4,9
20230310,서울특별시,11,강남구,11680,서울특별시,11,영등포구,11560,18,142,34,36,98,10,73,8,228,53,87
20230310,서울특별시,11,강남구,11680,서울특별시,11,금천구,11545,14,83,20,23,48,8,38,7,182,63,39
20230310,서울특별시,11,강남구,11680,서울특별시,11,구로구,11530,6,74,28,22,74,12,67,8,237,49,55
20230310,서울특별시,11,강남구,11680,서울특별시,11,강서구,11500,25,124,42,35,112,12,96,7,371,67,82
20230310,서울특별시,11,강남구,11680,서울특별시,11,양천구,11470,16,83,34,32,49,10,63,8,267,43,40
20230310,서울특별시,11,강남구,11680,서울특별시,11,마포구,11440,13,110,46,30,80,12,108,12,257,66,83
20230310,서울특별시,11,강남구,11680,서울특별시,11,서대문구,11410,10,73,39,15,62,15,49,3,167,45,36
20230310,서울특별시,11,강남구,11680,서울특별시,11,은평구,11380,9,77,24,19,75,8,70,4,239,43,70
20230310,서울특별시,11,강남구,11680,서울특별시,11,노원구,11350,17,78,31,18,69,12,79,11,272,62,68
20230310,서울특별시,11,강남구,11680,서울특별시,11,도봉구,11320,3,40,18,12,40,7,49,5,154,51,22
20230310,서울특별시,11,강남구,11680,서울특별시,11,강북구,11305,3,41,12,8,47,8,56,0,160,48,27
20230310,서울특별시,11,강남구,11680,서울특별시,11,성북구,11290,9,91,37,18,62,9,56,7,280,67,58
20230310,서울특별시,11,강남구,11680,서울특별시,11,중랑구,11260,10,53,23,16,60,10,44,5,228,46,41
20230310,서울특별시,11,강남구,11680,서울특별시,11,동대문구,11230,10,75,21,19,47,6,67,4,216,49,56
20230310,서울특별시,11,강남구,11680,서울특별시,11,광진구,11215,9,92,27,25,54,17,53,5,247,46,60
20230310,서울특별시,11,강남구,11680,서울특별시,11,성동구,11200,9,108,51,23,70,6,87,3,290,90,59
20230310,서울특별시,11,강남구,11680,서울특별시,11,용산구,11170,17,93,37,46,53,0,73,7,163,42,54
20230310,서울특별시,11,강남구,11680,서울특별시,11,중구,11140,7,92,23,15,54,7,52,3,127,35,55
20230310,서울특별시,11,강남구,11680,서울특별시,11,종로구,11110,6,59,37,11,55,9,53,3,108,38,25
20230310,서울특별시,11,성북구,11290,서울특별시,11,종로구,11110,0,30,10,6,14,0,14,11,97,19,6
20230310,서울특별시,11,성북구,11290,서울특별시,11,중구,11140,0,42,6,13,18,7,37,11,95,37,6
20230310,서울특별시,11,성북구,11290,서울특별시,11,용산구,11170,4,32,9,18,25,4,38,12,131,32,4
20230310,서울특별시,11,성북구,11290,서울특별시,11,성동구,11200,7,61,12,7,32,9,40,17,241,94,9
20230310,서울특별시,11,성북구,11290,서울특별시,11,광진구,11215,4,42,7,19,30,8,58,21,258,49,7
20230310,서울특별시,11,성북구,11290,서울특별시,11,동대문구,11230,8,34,7,15,25,8,43,13,236,61,9
20230310,서울특별시,11,성북구,11290,서울특별시,11,중랑구,11260,6,32,4,14,31,11,36,18,223,52,5
20230310,서울특별시,11,성북구,11290,서울특별시,11,성북구,11290,5,63,17,14,23,8,80,26,261,70,11
20230310,서울특별시,11,성북구,11290,서울특별시,11,강북구,11305,3,19,11,5,20,4,31,12,153,27,9
20230310,서울특별시,11,성북구,11290,서울특별시,11,도봉구,11320,5,37,13,13,21,7,36,12,162,43,9
20230310,서울특별시,11,성북구,11290,서울특별시,11,노원구,11350,7,51,13,24,41,12,47,25,249,67,12
20230310,서울특별시,11,성북구,11290,서울특별시,11,은평구,11380,8,35,11,9,32,10,46,25,240,69,8
20230310,서울특별시,11,성북구,11290,서울특별시,11,서대문구,11410,3,35,16,20,17,6,38,20,186,64,8
20230310,서울특별시,11,성북구,11290,서울특별시,11,마포구,11440,7,54,12,22,35,9,40,28,248,81,15
20230310,서울특별시,11,성북구,11290,서울특별시,11,양천구,11470,8,33,12,20,29,6,44,14,244,66,7
20230310,서울특별시,11,성북구,11290,서울특별시,11,강서구,11500,9,85,13,18,46,14,73,39,326,113,13
20230310,서울특별시,11,성북구,11290,서울특별시,11,구로구,11530,7,46,7,18,30,10,50,19,236,58,8
20230310,서울특별시,11,성북구,11290,서울특별시,11,금천구,11545,4,39,6,9,17,4,20,12,173,46,5
20230310,서울특별시,11,성북구,11290,서울특별시,11,영등포구,11560,5,58,10,12,25,7,51,23,234,62,15
20230310,서울특별시,11,성북구,11290,서울특별시,11,동작구,11590,5,44,9,15,30,7,49,23,265,81,11
20230310,서울특별시,11,성북구,11290,서울특별시,11,관악구,11620,4,69,10,18,26,9,54,22,320,105,13
20230310,서울특별시,11,성북구,11290,서울특별시,11,서초구,11650,8,60,11,21,40,11,50,20,221,71,15
20230310,서울특별시,11,성북구,11290,서울특별시,11,강남구,11680,14,115,22,35,45,14,80,21,370,120,19
20230310,서울특별시,11,성북구,11290,서울특별시,11,송파구,11710,14,91,12,26,58,11,83,44,392,113,18
20230310,서울특별시,11,성북구,11290,서울특별시,11,강동구,11740,4,48,8,21,47,12,39,32,230,49,10
20230310,서울특별시,11,송파구,11710,서울특별시,11,은평구,11380,5,45,12,4,19,8,23,0,72,23,10
20230310,서울특별시,11,송파구,11710,서울특별시,11,노원구,11350,6,39,17,12,23,10,29,0,77,24,12
20230310,서울특별시,11,송파구,11710,서울특별시,11,도봉구,11320,0,13,11,5,18,0,15,0,59,21,3
20230310,서울특별시,11,송파구,11710,서울특별시,11,강북구,11305,0,24,24,8,16,5,18,0,46,10,5
20230310,서울특별시,11,송파구,11710,서울특별시,11,성북구,11290,7,54,14,11,27,5,30,0,112,32,12
20230310,서울특별시,11,송파구,11710,서울특별시,11,중랑구,11260,0,60,9,4,17,11,22,6,67,21,7
20230310,서울특별시,11,관악구,11620,서울특별시,11,강동구,11740,6,15,11,7,14,0,4,0,25,24,7
20230310,서울특별시,11,관악구,11620,서울특별시,11,송파구,11710,4,24,22,17,18,3,12,7,52,30,9
20230310,서울특별시,11,관악구,11620,서울특별시,11,강남구,11680,9,41,31,8,27,0,16,4,46,35,16
20230310,서울특별시,11,관악구,11620,서울특별시,11,서초구,11650,4,19,34,7,20,3,11,0,30,24,7
20230310,서울특별시,11,관악구,11620,서울특별시,11,관악구,11620,0,34,32,13,78,0,69,3,59,18,423
20230310,서울특별시,11,관악구,11620,서울특별시,11,동작구,11590,0,13,39,8,46,0,35,7,41,18,348
20230310,서울특별시,11,관악구,11620,서울특별시,11,영등포구,11560,0,17,13,10,22,3,12,0,24,15,7
20230310,서울특별시,11,관악구,11620,서울특별시,11,금천구,11545,0,16,13,8,26,0,25,0,58,21,171
20230310,서울특별시,11,관악구,11620,서울특별시,11,구로구,11530,8,14,20,5,14,3,3,3,41,15,11
20230310,서울특별시,11,관악구,11620,서울특별시,11,강서구,11500,4,12,17,9,33,0,11,10,50,21,12
20230310,서울특별시,11,관악구,11620,서울특별시,11,양천구,11470,4,22,26,3,8,0,6,0,26,18,8
20230310,서울특별시,11,관악구,11620,서울특별시,11,마포구,11440,5,10,24,10,18,0,13,3,35,10,5
20230310,서울특별시,11,관악구,11620,서울특별시,11,서대문구,11410,0,18,28,7,12,0,10,0,26,11,9
20230310,서울특별시,11,관악구,11620,서울특별시,11,은평구,11380,0,18,14,5,23,0,11,4,30,17,6
20230310,서울특별시,11,관악구,11620,서울특별시,11,노원구,11350,0,12,18,6,13,3,14,4,32,29,6
20230310,서울특별시,11,관악구,11620,서울특별시,11,도봉구,11320,0,5,16,0,6,0,6,0,25,18,6
20230310,서울특별시,11,관악구,11620,서울특별시,11,강북구,11305,0,3,12,5,9,3,5,0,22,10,6
20230310,서울특별시,11,관악구,11620,서울특별시,11,성북구,11290,4,16,35,5,17,0,11,5,51,16,5
20230310,서울특별시,11,관악구,11620,서울특별시,11,중랑구,11260,0,10,7,5,21,0,3,6,43,13,0
20230310,서울특별시,11,관악구,11620,서울특별시,11,동대문구,11230,0,16,34,7,13,0,4,4,55,14,4
20230310,서울특별시,11,관악구,11620,서울특별시,11,광진구,11215,3,14,25,8,16,0,6,0,37,18,5
20230310,서울특별시,11,관악구,11620,서울특별시,11,성동구,11200,0,24,37,8,13,3,11,0,74,28,6
20230310,서울특별시,11,관악구,11620,서울특별시,11,용산구,11170,0,7,18,13,12,0,8,3,13,10,5
20230310,서울특별시,11,관악구,11620,서울특별시,11,중구,11140,7,11,14,4,17,0,8,0,37,11,7
20230310,서울특별시,11,관악구,11620,서울특별시,11,종로구,11110,0,6,33,3,8,0,6,0,28,15,3
20230310,서울특별시,11,동대문구,11230,서울특별시,11,강동구,11740,10,33,24,11,39,0,40,11,149,26,10
20230310,서울특별시,11,동대문구,11230,서울특별시,11,송파구,11710,15,68,26,23,52,11,66,8,210,30,17
20230310,서울특별시,11,동대문구,11230,서울특별시,11,강남구,11680,8,73,18,19,70,6,83,6,172,36,36
20230310,서울특별시,11,동대문구,11230,서울특별시,11,서초구,11650,7,39,7,23,42,4,54,5,123,24,10
20230310,서울특별시,11,동대문구,11230,서울특별시,11,관악구,11620,6,32,14,15,42,0,50,5,140,26,16
20230310,서울특별시,11,동대문구,11230,서울특별시,11,동작구,11590,5,30,10,13,27,0,34,8,124,23,17
20230310,서울특별시,11,동대문구,11230,서울특별시,11,영등포구,11560,7,29,22,19,47,0,37,8,128,21,11
20230310,서울특별시,11,동대문구,11230,서울특별시,11,금천구,11545,0,26,14,7,36,0,24,8,85,19,10
20230310,서울특별시,11,동대문구,11230,서울특별시,11,구로구,11530,5,19,11,9,41,0,48,12,124,17,7
20230310,서울특별시,11,동대문구,11230,서울특별시,11,강서구,11500,10,40,23,26,42,0,59,10,179,32,15
20230310,서울특별시,11,동대문구,11230,서울특별시,11,양천구,11470,5,35,22,9,28,0,41,7,110,29,15
20230310,서울특별시,11,동대문구,11230,서울특별시,11,마포구,11440,7,31,15,11,45,3,59,10,127,28,12
20230310,서울특별시,11,동대문구,11230,서울특별시,11,서대문구,11410,5,26,8,6,20,0,29,15,110,17,11
20230310,서울특별시,11,동대문구,11230,서울특별시,11,은평구,11380,4,20,12,8,28,4,44,13,132,31,12
20230310,서울특별시,11,동대문구,11230,서울특별시,11,노원구,11350,6,38,13,10,38,0,44,3,149,18,19
20230310,서울특별시,11,동대문구,11230,서울특별시,11,도봉구,11320,0,17,8,5,23,0,24,7,64,18,6
20230310,서울특별시,11,동대문구,11230,서울특별시,11,강북구,11305,6,18,0,0,22,0,30,6,80,14,12
20230310,서울특별시,11,동대문구,11230,서울특별시,11,성북구,11290,8,31,19,14,25,0,41,9,160,31,11
20230310,서울특별시,11,동대문구,11230,서울특별시,11,중랑구,11260,4,26,17,11,23,3,28,7,110,17,12
20230310,서울특별시,11,동대문구,11230,서울특별시,11,동대문구,11230,6,34,13,13,38,0,44,5,114,27,8
20230310,서울특별시,11,동대문구,11230,서울특별시,11,광진구,11215,4,24,9,9,22,3,34,10,132,18,9
20230310,서울특별시,11,동대문구,11230,서울특별시,11,성동구,11200,0,29,14,11,30,0,39,4,123,51,7
20230310,서울특별시,11,동대문구,11230,서울특별시,11,용산구,11170,0,12,6,24,31,3,27,0,80,11,11
20230310,서울특별시,11,동대문구,11230,서울특별시,11,중구,11140,0,31,8,5,19,4,23,5,86,14,6
20230310,서울특별시,11,동대문구,11230,서울특별시,11,종로구,11110,4,17,3,9,35,4,25,0,55,7,6
20230310,서울특별시,11,도봉구,11320,서울특별시,11,은평구,11380,8,5,0,22,27,11,11,3,60,18,0
20230310,서울특별시,11,도봉구,11320,서울특별시,11,서대문구,11410,3,5,4,20,14,0,12,3,40,11,0
20230310,서울특별시,11,도봉구,11320,서울특별시,11,마포구,11440,6,11,3,19,22,3,19,0,51,12,4
20230310,서울특별시,11,도봉구,11320,서울특별시,11,양천구,11470,3,12,4,10,19,3,9,0,47,13,3
20230310,서울특별시,11,도봉구,11320,서울특별시,11,강서구,11500,7,19,7,22,31,8,25,0,98,24,4
20230310,서울특별시,11,도봉구,11320,서울특별시,11,구로구,11530,0,9,5,18,17,3,17,0,65,19,0
20230310,서울특별시,11,도봉구,11320,서울특별시,11,금천구,11545,0,9,0,12,11,6,0,0,58,18,3
20230310,서울특별시,11,도봉구,11320,서울특별시,11,영등포구,11560,4,14,3,17,17,6,14,4,44,15,5
20230310,서울특별시,11,도봉구,11320,서울특별시,11,동작구,11590,4,4,0,14,11,4,10,0,50,16,3
20230310,서울특별시,11,도봉구,11320,서울특별시,11,관악구,11620,3,10,7,22,27,6,13,0,72,21,3
20230310,서울특별시,11,도봉구,11320,서울특별시,11,서초구,11650,4,5,0,18,28,9,21,0,55,18,4
20230310,서울특별시,11,도봉구,11320,서울특별시,11,강남구,11680,6,19,7,26,39,10,32,0,56,27,6
20230310,서울특별시,11,구로구,11530,서울특별시,11,강동구,11740,12,75,10,26,22,13,24,0,71,39,22
20230310,서울특별시,11,구로구,11530,서울특별시,11,송파구,11710,20,100,24,35,44,9,25,9,116,39,33
20230310,서울특별시,11,구로구,11530,서울특별시,11,강남구,11680,13,133,20,50,75,18,28,12,110,28,37
20230310,서울특별시,11,구로구,11530,서울특별시,11,서초구,11650,11,79,19,28,44,7,14,6,98,22,34
20230310,서울특별시,11,구로구,11530,서울특별시,11,관악구,11620,23,102,10,31,53,12,24,5,108,32,20
20230310,서울특별시,11,구로구,11530,서울특별시,11,동작구,11590,9,62,8,29,24,5,19,4,78,22,10
20230310,서울특별시,11,구로구,11530,서울특별시,11,영등포구,11560,15,81,18,37,42,13,27,9,94,29,25
20230310,서울특별시,11,구로구,11530,서울특별시,11,금천구,11545,8,51,10,23,30,0,14,3,79,23,9
20230310,서울특별시,11,구로구,11530,서울특별시,11,구로구,11530,13,81,19,42,32,8,64,20,102,14,20
20230310,서울특별시,11,구로구,11530,서울특별시,11,강서구,11500,11,101,28,50,50,11,31,14,141,42,45
20230310,서울특별시,11,구로구,11530,서울특별시,11,양천구,11470,13,57,25,19,22,7,11,6,82,24,29
20230310,서울특별시,11,구로구,11530,서울특별시,11,마포구,11440,12,73,12,36,34,7,15,4,91,27,28
20230310,서울특별시,11,구로구,11530,서울특별시,11,서대문구,11410,12,47,13,18,23,7,13,0,53,17,8
20230310,서울특별시,11,구로구,11530,서울특별시,11,은평구,11380,19,63,12,35,30,15,12,7,95,31,21
20230310,서울특별시,11,구로구,11530,서울특별시,11,노원구,11350,16,51,14,25,29,4,15,3,96,25,20
20230310,서울특별시,11,구로구,11530,서울특별시,11,도봉구,11320,7,51,4,14,23,5,8,3,47,13,13
20230310,서울특별시,11,구로구,11530,서울특별시,11,강북구,11305,4,35,8,10,19,3,8,5,57,16,17
20230310,서울특별시,11,구로구,11530,서울특별시,11,성북구,11290,11,73,17,22,24,10,6,4,94,23,23
20230310,서울특별시,11,구로구,11530,서울특별시,11,중랑구,11260,12,49,5,17,20,7,14,0,78,20,13
20230310,서울특별시,11,구로구,11530,서울특별시,11,동대문구,11230,9,60,10,27,32,7,10,0,84,29,20
20230310,서울특별시,11,구로구,11530,서울특별시,11,광진구,11215,14,75,7,24,25,8,11,5,79,23,10
20230310,서울특별시,11,구로구,11530,서울특별시,11,성동구,11200,13,60,12,20,35,4,18,3,94,31,18
20230310,서울특별시,11,구로구,11530,서울특별시,11,용산구,11170,4,52,8,48,22,3,9,0,47,11,10
20230310,서울특별시,11,구로구,11530,서울특별시,11,중구,11140,3,35,11,26,19,5,7,0,52,13,7
20230310,서울특별시,11,구로구,11530,서울특별시,11,종로구,11110,5,25,10,13,26,4,5,5,23,12,17
20230310,서울특별시,11,강북구,11305,서울특별시,11,관악구,11620,3,13,0,5,11,0,9,0,87,11,7
20230310,서울특별시,11,강북구,11305,서울특별시,11,서초구,11650,3,19,6,8,7,0,10,0,42,7,4
20230310,서울특별시,11,강북구,11305,서울특별시,11,강남구,11680,4,35,5,12,18,0,18,3,69,13,18
20230310,서울특별시,11,강북구,11305,서울특별시,11,송파구,11710,0,26,6,3,13,0,9,7,78,20,11
20230310,서울특별시,11,강북구,11305,서울특별시,11,강동구,11740,0,11,0,8,10,3,8,5,63,11,9
20230310,서울특별시,11,노원구,11350,서울특별시,11,종로구,11110,4,8,5,6,8,0,6,5,28,0,4
20230310,서울특별시,11,노원구,11350,서울특별시,11,중구,11140,0,15,6,5,17,0,8,7,39,13,11
20230310,서울특별시,11,노원구,11350,서울특별시,11,용산구,11170,0,11,8,17,18,0,9,11,26,9,5
20230310,서울특별시,11,노원구,11350,서울특별시,11,성동구,11200,0,20,9,12,35,4,14,14,59,30,6
20230310,서울특별시,11,노원구,11350,서울특별시,11,광진구,11215,0,8,6,8,22,0,20,13,48,7,19
20230310,서울특별시,11,노원구,11350,서울특별시,11,동대문구,11230,0,18,7,9,26,4,17,12,45,10,5
20230310,서울특별시,11,노원구,11350,서울특별시,11,중랑구,11260,3,11,14,9,27,0,18,18,55,17,12
20230310,서울특별시,11,노원구,11350,서울특별시,11,성북구,11290,5,13,13,5,29,3,25,16,77,17,8
20230310,서울특별시,11,노원구,11350,서울특별시,11,강북구,11305,0,5,6,10,31,0,13,7,31,6,13
20230310,서울특별시,11,노원구,11350,서울특별시,11,도봉구,11320,0,5,10,5,16,0,21,9,37,6,4
20230310,서울특별시,11,노원구,11350,서울특별시,11,노원구,11350,3,33,20,15,30,5,50,28,70,11,11
20230310,서울특별시,11,노원구,11350,서울특별시,11,은평구,11380,0,5,5,10,24,0,18,17,42,8,4
20230310,서울특별시,11,노원구,11350,서울특별시,11,서대문구,11410,3,6,0,10,23,0,11,16,32,0,10
20230310,서울특별시,11,노원구,11350,서울특별시,11,마포구,11440,5,9,10,15,25,0,24,11,56,6,11
20230310,서울특별시,11,노원구,11350,서울특별시,11,양천구,11470,6,9,0,10,28,0,13,12,59,13,10
20230310,서울특별시,11,노원구,11350,서울특별시,11,강서구,11500,4,14,3,19,38,7,37,23,78,11,17
20230310,서울특별시,11,노원구,11350,서울특별시,11,구로구,11530,3,5,5,16,37,0,18,17,62,9,4
20230310,서울특별시,11,노원구,11350,서울특별시,11,금천구,11545,0,13,6,8,16,4,15,8,44,11,4
20230310,서울특별시,11,노원구,11350,서울특별시,11,영등포구,11560,3,13,4,14,37,0,12,15,47,6,14
20230310,서울특별시,11,노원구,11350,서울특별시,11,동작구,11590,0,4,6,7,19,3,15,12,51,10,5
20230310,서울특별시,11,노원구,11350,서울특별시,11,관악구,11620,0,13,6,13,31,4,24,7,53,14,5
20230310,서울특별시,11,노원구,11350,서울특별시,11,서초구,11650,4,9,10,7,34,4,22,11,35,11,7
20230310,서울특별시,11,노원구,11350,서울특별시,11,강남구,11680,9,25,14,22,73,8,36,12,64,17,10
20230310,서울특별시,11,노원구,11350,서울특별시,11,송파구,11710,3,30,10,17,52,7,26,24,69,10,17
20230310,서울특별시,11,노원구,11350,서울특별시,11,강동구,11740,0,7,5,13,30,0,29,27,67,14,8
20230310,서울특별시,11,은평구,11380,서울특별시,11,노원구,11350,0,7,4,0,32,6,46,0,33,5,30
20230310,서울특별시,11,은평구,11380,서울특별시,11,은평구,11380,3,8,11,3,35,5,75,0,27,4,14
20230310,서울특별시,11,은평구,11380,서울특별시,11,서대문구,11410,4,3,6,7,22,3,33,4,22,6,16
20230310,서울특별시,11,은평구,11380,서울특별시,11,마포구,11440,4,4,6,6,28,3,30,4,29,9,32
20230310,서울특별시,11,강서구,11500,서울특별시,11,강동구,11740,12,47,23,38,70,9,70,13,80,44,74
20230310,서울특별시,11,강서구,11500,서울특별시,11,송파구,11710,20,98,44,66,133,15,144,23,150,73,104
20230310,서울특별시,11,강서구,11500,서울특별시,11,강남구,11680,21,117,41,89,96,24,146,14,141,95,124
20230310,서울특별시,11,강서구,11500,서울특별시,11,서초구,11650,13,66,40,63,63,15,81,12,86,55,87
20230310,서울특별시,11,강서구,11500,서울특별시,11,관악구,11620,16,52,40,61,83,16,94,5,113,50,56
20230310,서울특별시,11,강서구,11500,서울특별시,11,동작구,11590,0,50,28,42,61,8,75,10,80,187,49
20230310,서울특별시,11,강서구,11500,서울특별시,11,영등포구,11560,11,92,30,47,75,12,96,11,78,63,73
20230310,서울특별시,11,강서구,11500,서울특별시,11,금천구,11545,10,49,23,45,50,3,69,3,82,47,27
20230310,서울특별시,11,강서구,11500,서울특별시,11,구로구,11530,8,42,29,43,69,9,69,12,86,43,51
20230310,서울특별시,11,강서구,11500,서울특별시,11,강서구,11500,15,107,62,62,119,15,152,16,159,47,74
20230310,서울특별시,11,강서구,11500,서울특별시,11,양천구,11470,7,64,35,46,51,6,78,16,71,51,49
20230310,서울특별시,11,강서구,11500,서울특별시,11,마포구,11440,14,65,48,73,64,17,84,15,106,113,53
20230310,서울특별시,11,강서구,11500,서울특별시,11,서대문구,11410,7,51,27,44,53,9,62,13,86,29,36
20230310,서울특별시,11,강서구,11500,서울특별시,11,은평구,11380,8,38,25,41,65,10,84,12,64,48,39
20230310,서울특별시,11,강서구,11500,서울특별시,11,노원구,11350,12,65,20,39,69,10,102,15,97,48,52
20230310,서울특별시,11,강서구,11500,서울특별시,11,도봉구,11320,5,30,3,30,30,12,52,9,58,28,20
20230310,서울특별시,11,강서구,11500,서울특별시,11,강북구,11305,4,28,16,34,42,3,45,8,63,40,19
20230310,서울특별시,11,강서구,11500,서울특별시,11,성북구,11290,15,67,27,50,84,10,58,12,119,67,57
20230310,서울특별시,11,강서구,11500,서울특별시,11,중랑구,11260,6,29,20,34,36,14,47,8,91,35,50
20230310,서울특별시,11,강서구,11500,서울특별시,11,동대문구,11230,9,44,23,39,61,10,55,9,103,89,46
20230310,서울특별시,11,강서구,11500,서울특별시,11,광진구,11215,9,62,22,46,61,6,67,16,59,86,48
20230310,서울특별시,11,강서구,11500,서울특별시,11,성동구,11200,5,78,42,30,67,7,55,14,119,85,43
20230310,서울특별시,11,강서구,11500,서울특별시,11,용산구,11170,8,33,13,32,37,8,55,7,50,32,49
20230310,서울특별시,11,강서구,11500,서울특별시,11,중구,11140,8,54,23,23,47,8,61,6,85,49,28
20230310,서울특별시,11,강서구,11500,서울특별시,11,종로구,11110,15,26,11,33,28,8,45,0,90,30,21
20230310,서울특별시,11,강동구,11740,서울특별시,11,서대문구,11410,10,25,3,12,21,0,33,3,21,11,8
20230310,서울특별시,11,강동구,11740,서울특별시,11,은평구,11380,7,14,6,10,30,3,32,0,27,19,11
20230310,서울특별시,11,강동구,11740,서울특별시,11,노원구,11350,10,17,4,17,28,7,34,0,28,20,12
20230310,서울특별시,11,강동구,11740,서울특별시,11,도봉구,11320,4,7,4,10,18,4,24,4,12,6,3
20230310,서울특별시,11,강동구,11740,서울특별시,11,강북구,11305,3,7,0,3,15,3,17,0,19,6,3
20230310,서울특별시,11,강동구,11740,서울특별시,11,성북구,11290,12,25,8,17,34,11,40,0,28,14,7
20230310,서울특별시,11,강동구,11740,서울특별시,11,중랑구,11260,18,17,0,7,19,5,24,0,28,11,3
20230310,서울특별시,11,송파구,11710,서울특별시,11,동대문구,11230,4,53,15,9,20,9,32,0,104,23,8
20230310,서울특별시,11,송파구,11710,서울특별시,11,광진구,11215,0,40,21,14,34,9,30,0,66,24,11
20230310,서울특별시,11,마포구,11440,서울특별시,11,강동구,11740,9,57,26,71,76,3,64,13,85,43,28
20230310,서울특별시,11,마포구,11440,서울특별시,11,송파구,11710,19,108,39,104,171,10,91,21,156,51,76
20230310,서울특별시,11,마포구,11440,서울특별시,11,강남구,11680,23,120,58,111,163,11,127,16,184,66,79
20230310,서울특별시,11,마포구,11440,서울특별시,11,서초구,11650,17,77,42,80,119,5,65,5,105,53,49
20230310,서울특별시,11,마포구,11440,서울특별시,11,관악구,11620,12,64,43,81,117,4,63,9,179,65,39
20230310,서울특별시,11,마포구,11440,서울특별시,11,동작구,11590,10,53,20,58,84,9,52,9,132,37,36
20230310,서울특별시,11,마포구,11440,서울특별시,11,영등포구,11560,12,57,25,85,124,6,66,11,105,50,43
20230310,서울특별시,11,마포구,11440,서울특별시,11,금천구,11545,9,36,18,53,77,4,35,4,85,34,20
20230310,서울특별시,11,마포구,11440,서울특별시,11,구로구,11530,4,65,30,45,98,3,53,5,103,21,29
20230310,서울특별시,11,마포구,11440,서울특별시,11,강서구,11500,14,83,32,83,160,9,70,11,152,59,59
20230310,서울특별시,11,마포구,11440,서울특별시,11,양천구,11470,5,90,21,66,77,4,43,5,73,30,36
20230310,서울특별시,11,마포구,11440,서울특별시,11,마포구,11440,14,132,60,98,142,3,135,6,150,68,49
20230310,서울특별시,11,마포구,11440,서울특별시,11,서대문구,11410,11,55,38,71,90,6,56,5,104,26,29
20230310,서울특별시,11,마포구,11440,서울특별시,11,은평구,11380,0,50,34,72,89,6,65,7,88,37,32
20230310,서울특별시,11,마포구,11440,서울특별시,11,노원구,11350,8,38,23,53,115,3,66,4,100,40,29
20230310,서울특별시,11,마포구,11440,서울특별시,11,도봉구,11320,6,39,18,30,40,0,27,0,59,15,14
20230310,서울특별시,11,마포구,11440,서울특별시,11,강북구,11305,5,27,9,38,45,0,29,4,65,20,15
20230310,서울특별시,11,마포구,11440,서울특별시,11,성북구,11290,12,85,29,72,88,6,67,9,145,34,43
20230310,서울특별시,11,마포구,11440,서울특별시,11,중랑구,11260,8,51,17,50,85,6,33,7,83,25,34
20230310,서울특별시,11,마포구,11440,서울특별시,11,동대문구,11230,15,75,22,109,73,5,35,7,109,29,27
20230310,서울특별시,11,마포구,11440,서울특별시,11,광진구,11215,7,55,17,74,73,4,37,8,107,35,27
20230310,서울특별시,11,마포구,11440,서울특별시,11,성동구,11200,11,69,29,57,83,9,48,4,173,56,29
20230310,서울특별시,11,마포구,11440,서울특별시,11,용산구,11170,7,65,26,55,104,5,38,4,80,21,31
20230310,서울특별시,11,마포구,11440,서울특별시,11,중구,11140,4,65,21,36,61,0,35,0,92,27,22
20230310,서울특별시,11,마포구,11440,서울특별시,11,종로구,11110,6,50,24,41,61,0,41,7,62,23,12
20230310,서울특별시,11,송파구,11710,서울특별시,11,성동구,11200,4,84,33,11,23,10,24,3,136,59,8
20230310,서울특별시,11,송파구,11710,서울특별시,11,용산구,11170,4,38,12,24,17,8,26,0,46,18,9
20230310,서울특별시,11,송파구,11710,서울특별시,11,중구,11140,3,28,13,11,23,8,33,0,79,25,6
20230310,서울특별시,11,송파구,11710,서울특별시,11,종로구,11110,3,27,10,8,11,4,16,0,41,14,8
20230310,서울특별시,11,양천구,11470,서울특별시,11,강동구,11740,0,24,8,13,35,3,7,0,29,22,8
20230310,서울특별시,11,양천구,11470,서울특별시,11,송파구,11710,0,31,8,31,70,15,15,0,43,21,12
20230310,서울특별시,11,양천구,11470,서울특별시,11,강남구,11680,5,48,12,27,53,5,26,0,35,33,15
20230310,서울특별시,11,금천구,11545,서울특별시,11,종로구,11110,7,20,29,24,30,12,26,5,50,25,27
20230310,서울특별시,11,금천구,11545,서울특별시,11,중구,11140,9,37,23,39,38,13,21,0,68,40,51
20230310,서울특별시,11,금천구,11545,서울특별시,11,용산구,11170,12,24,19,44,39,17,24,11,82,30,43
20230310,서울특별시,11,금천구,11545,서울특별시,11,성동구,11200,18,44,32,31,40,23,33,8,125,81,58
20230310,서울특별시,11,금천구,11545,서울특별시,11,광진구,11215,11,34,28,38,51,20,35,11,131,58,64
20230310,서울특별시,11,금천구,11545,서울특별시,11,동대문구,11230,10,30,23,30,34,23,43,14,95,202,66
20230310,서울특별시,11,금천구,11545,서울특별시,11,중랑구,11260,10,27,20,17,37,9,26,10,88,60,64
20230310,서울특별시,11,금천구,11545,서울특별시,11,성북구,11290,19,44,33,36,51,14,38,16,142,56,81
20230310,서울특별시,11,금천구,11545,서울특별시,11,강북구,11305,6,14,20,24,22,10,22,9,71,43,50
20230310,서울특별시,11,금천구,11545,서울특별시,11,도봉구,11320,7,16,20,25,28,4,17,7,77,36,48
20230310,서울특별시,11,금천구,11545,서울특별시,11,노원구,11350,25,30,34,27,54,20,41,23,148,70,67
20230310,서울특별시,11,금천구,11545,서울특별시,11,은평구,11380,8,27,34,40,48,16,44,9,142,57,72
20230310,서울특별시,11,금천구,11545,서울특별시,11,서대문구,11410,7,21,27,30,36,21,23,15,120,56,72
20230310,서울특별시,11,금천구,11545,서울특별시,11,마포구,11440,22,42,45,48,63,23,41,14,141,124,95
20230310,서울특별시,11,금천구,11545,서울특별시,11,양천구,11470,8,32,34,44,37,31,42,14,126,70,86
20230310,서울특별시,11,금천구,11545,서울특별시,11,강서구,11500,28,54,58,60,50,36,63,25,169,128,103
20230310,서울특별시,11,금천구,11545,서울특별시,11,구로구,11530,12,41,38,42,62,35,42,16,124,128,75
20230310,서울특별시,11,금천구,11545,서울특별시,11,금천구,11545,9,54,26,34,40,14,30,7,98,66,53
20230310,서울특별시,11,금천구,11545,서울특별시,11,영등포구,11560,13,44,33,47,64,44,30,16,132,97,95
20230310,서울특별시,11,금천구,11545,서울특별시,11,동작구,11590,10,31,29,37,40,14,25,18,144,54,63
20230310,서울특별시,11,금천구,11545,서울특별시,11,관악구,11620,22,40,35,49,52,10,47,8,152,83,83
20230310,서울특별시,11,금천구,11545,서울특별시,11,서초구,11650,16,69,39,51,74,33,42,18,142,93,82
20230310,서울특별시,11,중구,11140,서울특별시,11,종로구,11110,7,61,29,6,63,0,15,0,96,18,3
20230310,서울특별시,11,중구,11140,서울특별시,11,중구,11140,7,57,21,9,64,3,27,3,122,48,14
20230310,서울특별시,11,금천구,11545,서울특별시,11,강남구,11680,24,109,58,73,93,53,83,18,231,101,155
20230310,서울특별시,11,금천구,11545,서울특별시,11,송파구,11710,23,92,52,60,95,42,76,36,216,109,140
20230310,서울특별시,11,금천구,11545,서울특별시,11,강동구,11740,6,42,33,39,49,27,39,16,162,91,85
20230310,서울특별시,11,양천구,11470,서울특별시,11,서초구,11650,5,14,11,25,32,5,16,0,23,16,7
20230310,서울특별시,11,양천구,11470,서울특별시,11,관악구,11620,3,21,7,11,30,6,11,0,32,21,7
20230310,서울특별시,11,은평구,11380,서울특별시,11,도봉구,11320,0,5,3,4,17,3,24,4,18,7,16
20230310,서울특별시,11,양천구,11470,서울특별시,11,동작구,11590,0,8,7,13,20,4,9,0,21,13,10
20230310,서울특별시,11,양천구,11470,서울특별시,11,영등포구,11560,0,11,15,17,34,9,16,0,27,29,8
20230310,서울특별시,11,도봉구,11320,서울특별시,11,송파구,11710,6,21,5,24,35,8,21,0,66,23,6
20230310,서울특별시,11,도봉구,11320,서울특별시,11,강동구,11740,0,9,5,20,17,6,13,0,58,21,3
20230310,서울특별시,11,중구,11140,서울특별시,11,용산구,11170,9,65,20,19,57,3,28,0,164,36,7
20230310,서울특별시,11,중구,11140,서울특별시,11,성동구,11200,4,79,41,9,81,0,21,3,246,65,9
20230310,서울특별시,11,중구,11140,서울특별시,11,광진구,11215,8,45,11,7,47,8,28,4,206,53,9
20230310,서울특별시,11,중구,11140,서울특별시,11,동대문구,11230,6,58,18,9,52,4,14,5,172,49,11
20230310,서울특별시,11,중구,11140,서울특별시,11,중랑구,11260,10,46,13,4,38,5,23,6,147,39,5
20230310,서울특별시,11,중구,11140,서울특별시,11,성북구,11290,6,58,18,8,67,0,17,4,177,55,10
20230310,서울특별시,11,중구,11140,서울특별시,11,강북구,11305,5,35,9,0,34,0,14,0,115,43,8
20230310,서울특별시,11,중구,11140,서울특별시,11,도봉구,11320,7,27,7,0,28,5,12,0,112,29,10
20230310,서울특별시,11,중구,11140,서울특별시,11,노원구,11350,9,36,27,8,45,0,18,8,198,48,16
20230310,서울특별시,11,중구,11140,서울특별시,11,은평구,11380,8,48,18,3,47,5,21,5,160,57,6
20230310,서울특별시,11,중구,11140,서울특별시,11,서대문구,11410,4,57,28,4,24,0,12,0,172,41,11
20230310,서울특별시,11,중구,11140,서울특별시,11,마포구,11440,16,84,22,9,94,3,25,6,261,69,19
20230310,서울특별시,11,중구,11140,서울특별시,11,양천구,11470,6,68,19,9,32,7,18,4,168,50,5
20230310,서울특별시,11,중구,11140,서울특별시,11,강서구,11500,11,77,15,12,73,9,36,8,236,70,14
20230310,서울특별시,11,중구,11140,서울특별시,11,구로구,11530,9,50,26,10,52,16,13,0,160,42,10
20230310,서울특별시,11,중구,11140,서울특별시,11,금천구,11545,5,39,18,5,58,3,10,0,111,31,4
20230310,서울특별시,11,중구,11140,서울특별시,11,영등포구,11560,7,64,20,8,104,3,16,5,196,37,17
20230310,서울특별시,11,중구,11140,서울특별시,11,동작구,11590,6,37,27,0,46,8,12,3,177,54,9
20230310,서울특별시,11,중구,11140,서울특별시,11,관악구,11620,6,48,19,5,52,5,17,3,236,70,20
20230310,서울특별시,11,중구,11140,서울특별시,11,서초구,11650,10,75,33,11,119,6,23,4,214,72,17
20230310,서울특별시,11,중구,11140,서울특별시,11,강남구,11680,26,116,53,22,216,14,33,8,357,106,31
20230310,서울특별시,11,중구,11140,서울특별시,11,송파구,11710,15,61,37,16,82,12,36,18,332,104,24
20230310,서울특별시,11,중구,11140,서울특별시,11,강동구,11740,6,51,16,6,46,7,17,3,185,46,14
20230310,서울특별시,11,성동구,11200,서울특별시,11,종로구,11110,0,43,23,13,33,0,27,4,82,20,150
20230310,서울특별시,11,성동구,11200,서울특별시,11,중구,11140,14,74,15,23,54,4,51,0,114,41,177
20230310,서울특별시,11,성동구,11200,서울특별시,11,용산구,11170,21,53,16,36,28,0,40,0,105,46,20
20230310,서울특별시,11,성동구,11200,서울특별시,11,성동구,11200,18,118,33,13,32,3,47,10,208,72,26
20230310,서울특별시,11,성동구,11200,서울특별시,11,광진구,11215,17,61,16,22,31,7,31,3,157,54,27
20230310,서울특별시,11,성동구,11200,서울특별시,11,동대문구,11230,13,64,7,58,57,0,42,3,163,54,335
20230310,서울특별시,11,성동구,11200,서울특별시,11,중랑구,11260,6,65,9,18,32,5,16,5,146,37,24
20230310,서울특별시,11,성동구,11200,서울특별시,11,성북구,11290,8,68,16,40,70,7,58,5,172,55,410
20230310,서울특별시,11,성동구,11200,서울특별시,11,강북구,11305,7,46,3,14,11,0,15,0,95,38,6
20230310,서울특별시,11,성동구,11200,서울특별시,11,도봉구,11320,6,40,6,14,27,0,19,0,77,31,12
20230310,서울특별시,11,성동구,11200,서울특별시,11,노원구,11350,13,69,12,23,33,4,20,0,132,48,34
20230310,서울특별시,11,성동구,11200,서울특별시,11,은평구,11380,10,66,6,28,30,0,22,4,172,49,31
20230310,서울특별시,11,성동구,11200,서울특별시,11,서대문구,11410,7,55,12,14,35,0,11,0,131,47,19
20230310,서울특별시,11,성동구,11200,서울특별시,11,마포구,11440,12,94,28,33,47,0,48,5,180,77,35
20230310,서울특별시,11,성동구,11200,서울특별시,11,양천구,11470,9,70,9,9,22,5,30,5,121,52,25
20230310,서울특별시,11,성동구,11200,서울특별시,11,강서구,11500,14,130,19,64,50,7,33,10,227,75,33
20230310,서울특별시,11,성동구,11200,서울특별시,11,구로구,11530,9,44,10,30,37,0,19,8,128,32,15
20230310,서울특별시,11,성동구,11200,서울특별시,11,금천구,11545,8,57,6,22,34,0,21,0,119,39,10
20230310,서울특별시,11,성동구,11200,서울특별시,11,영등포구,11560,9,98,15,20,61,4,41,18,172,56,35
20230310,서울특별시,11,성동구,11200,서울특별시,11,동작구,11590,9,69,10,27,17,0,19,3,147,57,22
20230310,서울특별시,11,성동구,11200,서울특별시,11,관악구,11620,16,69,9,34,26,5,30,6,227,64,37
20230310,서울특별시,11,성동구,11200,서울특별시,11,서초구,11650,14,102,27,33,49,9,49,10,183,72,39
20230310,서울특별시,11,성동구,11200,서울특별시,11,강남구,11680,37,168,43,48,94,6,70,10,298,107,52
20230310,서울특별시,11,성동구,11200,서울특별시,11,송파구,11710,26,118,29,38,44,13,60,5,249,102,40
20230310,서울특별시,11,성동구,11200,서울특별시,11,강동구,11740,15,61,8,25,23,0,19,3,145,45,24
20230310,서울특별시,11,서대문구,11410,서울특별시,11,종로구,11110,3,10,7,11,6,5,6,0,24,8,5
20230310,서울특별시,11,서대문구,11410,서울특별시,11,중구,11140,0,12,8,4,15,0,5,8,35,20,0
20230310,서울특별시,11,서대문구,11410,서울특별시,11,용산구,11170,0,10,0,26,11,0,7,9,18,17,5
20230310,서울특별시,11,서대문구,11410,서울특별시,11,성동구,11200,0,14,13,17,18,3,3,10,56,31,11
20230310,서울특별시,11,서대문구,11410,서울특별시,11,광진구,11215,0,10,9,20,20,5,13,4,37,17,9
20230310,서울특별시,11,서대문구,11410,서울특별시,11,동대문구,11230,0,20,6,23,23,6,8,11,37,11,24
20230310,서울특별시,11,서대문구,11410,서울특별시,11,중랑구,11260,0,8,4,16,14,3,6,6,28,14,5
20230311,서울특별시,11,강북구,11305,서울특별시,11,중구,11140,0,3,0,0,0,0,0,0,8,0,0
20230311,서울특별시,11,강북구,11305,서울특별시,11,용산구,11170,0,0,0,0,0,0,0,0,0,0,0
20230311,서울특별시,11,강북구,11305,서울특별시,11,성동구,11200,0,6,11,0,0,0,0,0,19,10,0
20230311,서울특별시,11,강북구,11305,서울특별시,11,광진구,11215,0,0,3,0,3,0,0,0,4,0,0
20230311,서울특별시,11,강북구,11305,서울특별시,11,동대문구,11230,0,4,0,0,0,0,0,0,10,0,0
20230311,서울특별시,11,강북구,11305,서울특별시,11,중랑구,11260,0,0,0,0,0,0,0,0,5,0,0
20230311,서울특별시,11,강북구,11305,서울특별시,11,성북구,11290,0,4,0,0,0,0,0,0,16,3,0
20230311,서울특별시,11,강서구,11500,서울특별시,11,관악구,11620,0,10,5,4,0,4,0,0,15,10,0
20230311,서울특별시,11,강서구,11500,서울특별시,11,동작구,11590,0,6,3,0,0,0,0,0,7,12,0
20230311,서울특별시,11,강북구,11305,서울특별시,11,강북구,11305,0,0,0,0,0,0,5,0,10,0,0
20230311,서울특별시,11,강북구,11305,서울특별시,11,도봉구,11320,0,0,0,0,0,0,0,0,4,0,0
20230311,서울특별시,11,강북구,11305,서울특별시,11,노원구,11350,0,0,0,0,0,0,0,0,7,0,0
20230311,서울특별시,11,강북구,11305,서울특별시,11,은평구,11380,0,0,4,0,0,0,0,0,8,0,0
20230311,서울특별시,11,노원구,11350,서울특별시,11,금천구,11545,0,68,0,0,3,0,0,0,32,8,0
20230311,서울특별시,11,노원구,11350,서울특별시,11,구로구,11530,0,0,0,0,0,0,0,0,5,0,0
20230311,서울특별시,11,노원구,11350,서울특별시,11,강서구,11500,0,6,3,4,4,0,0,0,13,3,0
20230311,서울특별시,11,노원구,11350,서울특별시,11,양천구,11470,0,4,0,0,5,0,0,0,0,3,0
20230311,서울특별시,11,금천구,11545,서울특별시,11,강동구,11740,0,3,0,3,11,3,0,8,81,40,15
20230311,서울특별시,11,노원구,11350,서울특별시,11,마포구,11440,0,3,3,3,3,0,0,0,3,3,0
20230311,서울특별시,11,양천구,11470,서울특별시,11,광진구,11215,0,0,0,0,3,0,0,0,4,0,0
20230311,서울특별시,11,관악구,11620,서울특별시,11,강동구,11740,0,0,7,0,0,0,0,0,5,4,0
20230311,서울특별시,11,관악구,11620,서울특별시,11,송파구,11710,0,5,9,3,0,0,0,0,7,0,0
20230311,서울특별시,11,관악구,11620,서울특별시,11,강남구,11680,0,16,11,0,5,5,0,0,13,0,0
20230311,서울특별시,11,관악구,11620,서울특별시,11,서초구,11650,0,3,12,5,0,0,0,0,11,0,0
20230311,서울특별시,11,관악구,11620,서울특별시,11,관악구,11620,0,7,13,3,4,0,9,0,14,0,53
20230311,서울특별시,11,관악구,11620,서울특별시,11,동작구,11590,0,4,11,0,5,0,4,0,6,0,49
20230311,서울특별시,11,관악구,11620,서울특별시,11,영등포구,11560,0,5,12,0,0,0,0,0,7,0,0
20230311,서울특별시,11,관악구,11620,서울특별시,11,금천구,11545,0,0,7,0,3,0,0,0,43,6,25
20230311,서울특별시,11,관악구,11620,서울특별시,11,구로구,11530,0,0,0,4,0,0,0,0,11,0,0
20230311,서울특별시,11,관악구,11620,서울특별시,11,강서구,11500,0,6,6,0,0,0,0,0,16,3,0
20230311,서울특별시,11,관악구,11620,서울특별시,11,양천구,11470,0,3,9,3,0,0,3,0,5,0,0
20230311,서울특별시,11,관악구,11620,서울특별시,11,마포구,11440,0,0,9,0,4,0,0,0,13,4,0
20230311,서울특별시,11,관악구,11620,서울특별시,11,서대문구,11410,0,0,9,3,0,0,0,0,4,0,0
20230311,서울특별시,11,관악구,11620,서울특별시,11,은평구,11380,0,0,5,0,0,0,0,0,8,0,0
20230311,서울특별시,11,강서구,11500,서울특별시,11,영등포구,11560,0,11,7,0,15,3,4,0,13,10,0
20230311,서울특별시,11,강서구,11500,서울특별시,11,금천구,11545,0,9,0,6,8,7,3,0,35,20,0
20230311,서울특별시,11,강서구,11500,서울특별시,11,구로구,11530,0,6,4,4,0,0,0,3,22,8,0
20230311,서울특별시,11,강서구,11500,서울특별시,11,강서구,11500,0,11,17,3,8,0,6,3,31,16,7
20230311,서울특별시,11,강서구,11500,서울특별시,11,양천구,11470,0,8,7,0,10,3,0,0,20,12,0
20230311,서울특별시,11,강서구,11500,서울특별시,11,마포구,11440,0,12,0,5,10,0,0,0,13,61,0
20230311,서울특별시,11,강서구,11500,서울특별시,11,서대문구,11410,0,5,3,0,8,0,0,0,6,10,0
20230311,서울특별시,11,강서구,11500,서울특별시,11,은평구,11380,0,7,3,3,7,3,0,0,7,8,0
20230311,서울특별시,11,강서구,11500,서울특별시,11,노원구,11350,0,4,3,0,27,0,0,0,15,8,0
20230311,서울특별시,11,강서구,11500,서울특별시,11,도봉구,11320,0,0,0,0,4,0,0,0,4,9,0
20230311,서울특별시,11,양천구,11470,서울특별시,11,동대문구,11230,0,9,0,0,0,0,0,0,14,6,0
20230311,서울특별시,11,양천구,11470,서울특별시,11,중랑구,11260,0,3,3,0,0,0,0,0,9,0,0
20230311,서울특별시,11,양천구,11470,서울특별시,11,성북구,11290,0,3,0,0,0,0,0,0,17,0,0
20230311,서울특별시,11,중랑구,11260,서울특별시,11,구로구,11530,0,0,0,0,0,0,0,0,5,0,0
20230311,서울특별시,11,중랑구,11260,서울특별시,11,강서구,11500,0,0,0,0,0,0,0,0,10,0,0
20230311,서울특별시,11,중랑구,11260,서울특별시,11,양천구,11470,0,0,0,0,0,0,0,0,0,0,0
20230311,서울특별시,11,중랑구,11260,서울특별시,11,마포구,11440,0,0,0,3,0,0,0,0,0,0,0
20230311,서울특별시,11,중랑구,11260,서울특별시,11,서대문구,11410,0,0,3,0,0,0,0,0,0,0,0
20230311,서울특별시,11,중랑구,11260,서울특별시,11,은평구,11380,0,0,0,0,0,0,0,0,5,0,0
20230311,서울특별시,11,송파구,11710,서울특별시,11,강동구,11740,0,5,18,4,5,0,25,0,13,6,0
20230311,서울특별시,11,송파구,11710,서울특별시,11,송파구,11710,0,33,27,0,8,3,28,0,32,5,4
20230311,서울특별시,11,노원구,11350,서울특별시,11,강북구,11305,0,0,5,0,3,0,0,0,7,0,0
20230311,서울특별시,11,노원구,11350,서울특별시,11,성북구,11290,0,5,5,0,7,0,0,0,35,0,0
20230311,서울특별시,11,노원구,11350,서울특별시,11,중랑구,11260,0,3,3,0,7,3,3,0,10,0,0
20230311,서울특별시,11,노원구,11350,서울특별시,11,동대문구,11230,0,4,4,0,0,0,0,0,8,0,0
20230311,서울특별시,11,노원구,11350,서울특별시,11,광진구,11215,0,3,3,0,5,0,0,0,7,0,0
20230311,서울특별시,11,노원구,11350,서울특별시,11,성동구,11200,4,16,6,0,0,0,0,0,31,16,0
20230311,서울특별시,11,노원구,11350,서울특별시,11,용산구,11170,0,3,0,0,0,0,0,0,6,0,0
20230311,서울특별시,11,노원구,11350,서울특별시,11,중구,11140,0,6,4,0,12,0,0,0,12,0,0
20230311,서울특별시,11,노원구,11350,서울특별시,11,종로구,11110,0,5,0,0,10,0,0,0,15,3,0
20230311,서울특별시,11,송파구,11710,서울특별시,11,강남구,11680,0,39,17,4,3,4,21,0,36,10,3
20230311,서울특별시,11,송파구,11710,서울특별시,11,서초구,11650,0,12,14,3,7,0,16,0,12,4,0
20230311,서울특별시,11,송파구,11710,서울특별시,11,관악구,11620,0,9,17,5,3,3,15,0,3,0,0
20230311,서울특별시,11,송파구,11710,서울특별시,11,동작구,11590,0,7,7,3,0,0,16,0,6,0,0
20230311,서울특별시,11,송파구,11710,서울특별시,11,영등포구,11560,0,17,11,5,0,3,26,0,3,0,0
20230311,서울특별시,11,강서구,11500,서울특별시,11,강북구,11305,0,3,0,0,6,0,0,0,9,17,0
20230311,서울특별시,11,강서구,11500,서울특별시,11,성북구,11290,0,17,0,5,26,0,0,0,33,15,0
20230311,서울특별시,11,송파구,11710,서울특별시,11,금천구,11545,0,6,17,6,8,0,14,0,36,15,0
20230311,서울특별시,11,송파구,11710,서울특별시,11,구로구,11530,0,9,7,3,0,0,22,0,14,0,0
20230311,서울특별시,11,송파구,11710,서울특별시,11,강서구,11500,0,12,13,3,0,0,27,0,28,4,0
20230311,서울특별시,11,송파구,11710,서울특별시,11,양천구,11470,0,7,5,0,4,0,19,0,8,0,0
20230311,서울특별시,11,송파구,11710,서울특별시,11,마포구,11440,0,19,11,3,0,0,26,0,14,4,0
20230311,서울특별시,11,송파구,11710,서울특별시,11,서대문구,11410,0,6,11,3,0,0,23,0,5,0,0
20230311,서울특별시,11,송파구,11710,서울특별시,11,은평구,11380,0,6,13,0,0,0,19,0,5,4,0
20230311,서울특별시,11,금천구,11545,서울특별시,11,송파구,11710,0,3,4,0,7,7,4,19,88,37,25
20230311,서울특별시,11,금천구,11545,서울특별시,11,강남구,11680,5,13,5,0,9,5,9,12,105,31,23
20230311,서울특별시,11,금천구,11545,서울특별시,11,서초구,11650,0,0,3,0,6,3,0,7,61,41,30
20230311,서울특별시,11,금천구,11545,서울특별시,11,관악구,11620,4,0,4,0,0,3,6,6,47,22,12
20230311,서울특별시,11,금천구,11545,서울특별시,11,동작구,11590,0,0,3,0,6,5,0,9,45,20,8
20230311,서울특별시,11,금천구,11545,서울특별시,11,영등포구,11560,0,3,6,10,7,4,0,8,53,30,15
20230311,서울특별시,11,금천구,11545,서울특별시,11,금천구,11545,0,0,3,3,6,9,0,0,48,19,6
20230311,서울특별시,11,금천구,11545,서울특별시,11,구로구,11530,0,3,0,5,7,0,0,13,50,43,5
20230311,서울특별시,11,금천구,11545,서울특별시,11,강서구,11500,3,0,7,4,6,3,3,9,84,40,16
20230311,서울특별시,11,금천구,11545,서울특별시,11,양천구,11470,0,0,3,0,5,3,0,6,59,30,9
20230311,서울특별시,11,금천구,11545,서울특별시,11,마포구,11440,3,0,13,0,9,0,5,8,63,53,10
20230311,서울특별시,11,서대문구,11410,서울특별시,11,마포구,11440,0,3,4,3,3,0,4,0,6,0,0
20230311,서울특별시,11,서대문구,11410,서울특별시,11,양천구,11470,0,0,7,0,0,0,0,0,0,0,0
20230311,서울특별시,11,서대문구,11410,서울특별시,11,강서구,11500,0,0,3,0,0,0,0,0,7,0,0
20230311,서울특별시,11,서대문구,11410,서울특별시,11,구로구,11530,0,0,0,0,0,0,0,0,5,0,0
20230311,서울특별시,11,송파구,11710,서울특별시,11,노원구,11350,0,7,16,0,6,3,27,0,7,0,0
20230311,서울특별시,11,양천구,11470,서울특별시,11,강북구,11305,0,5,0,0,0,0,0,0,4,0,0
20230311,서울특별시,11,노원구,11350,서울특별시,11,서대문구,11410,0,0,3,0,0,0,0,0,5,0,0
20230311,서울특별시,11,노원구,11350,서울특별시,11,은평구,11380,0,0,0,0,0,0,0,0,0,0,0
20230311,서울특별시,11,노원구,11350,서울특별시,11,노원구,11350,0,5,8,0,0,0,3,0,6,3,0
20230311,서울특별시,11,노원구,11350,서울특별시,11,도봉구,11320,0,3,3,3,0,0,0,0,7,0,0
20230311,서울특별시,11,강서구,11500,서울특별시,11,서초구,11650,0,13,0,0,14,0,0,0,17,17,0
20230311,서울특별시,11,종로구,11110,서울특별시,11,용산구,11170,0,5,3,0,4,0,0,0,5,0,0
20230311,서울특별시,11,종로구,11110,서울특별시,11,성동구,11200,0,5,9,0,10,0,0,0,22,5,0
20230311,서울특별시,11,은평구,11380,서울특별시,11,종로구,11110,0,0,0,0,0,0,0,0,7,3,0
20230311,서울특별시,11,은평구,11380,서울특별시,11,중구,11140,0,0,0,0,0,0,0,0,8,3,0
20230311,서울특별시,11,광진구,11215,서울특별시,11,광진구,11215,0,6,11,6,3,0,3,0,20,9,0
20230311,서울특별시,11,광진구,11215,서울특별시,11,성동구,11200,0,13,9,5,0,0,0,0,31,24,0
20230311,서울특별시,11,광진구,11215,서울특별시,11,용산구,11170,0,0,0,3,0,0,0,0,7,3,0
20230311,서울특별시,11,광진구,11215,서울특별시,11,중구,11140,0,4,0,3,0,0,0,0,15,13,0
20230311,서울특별시,11,광진구,11215,서울특별시,11,종로구,11110,0,0,3,0,0,0,0,0,13,6,0
20230311,서울특별시,11,서대문구,11410,서울특별시,11,관악구,11620,0,0,4,3,0,0,0,0,0,0,0
20230311,서울특별시,11,서대문구,11410,서울특별시,11,서초구,11650,0,0,5,0,0,0,4,0,7,0,0
20230311,서울특별시,11,서대문구,11410,서울특별시,11,강남구,11680,0,14,6,0,0,0,0,0,10,4,0
20230311,서울특별시,11,서대문구,11410,서울특별시,11,금천구,11545,0,0,3,3,3,0,0,0,13,0,0
20230311,서울특별시,11,영등포구,11560,서울특별시,11,강동구,11740,0,0,0,0,3,0,0,0,0,4,0
20230311,서울특별시,11,영등포구,11560,서울특별시,11,송파구,11710,0,3,9,0,7,0,0,0,8,0,0
20230311,서울특별시,11,영등포구,11560,서울특별시,11,강남구,11680,0,15,7,6,3,0,7,0,13,4,0
20230311,서울특별시,11,마포구,11440,서울특별시,11,강동구,11740,0,0,5,0,0,0,0,0,3,5,0
20230311,서울특별시,11,서대문구,11410,서울특별시,11,영등포구,11560,0,5,0,0,0,0,0,0,5,0,0
20230311,서울특별시,11,서대문구,11410,서울특별시,11,동작구,11590,0,3,0,0,0,0,3,0,0,0,0
20230311,서울특별시,11,광진구,11215,서울특별시,11,강동구,11740,0,0,0,6,0,0,0,0,7,9,0
20230311,서울특별시,11,강서구,11500,서울특별시,11,중랑구,11260,0,11,3,3,23,0,0,0,20,10,0
20230311,서울특별시,11,강서구,11500,서울특별시,11,동대문구,11230,0,6,4,3,16,0,0,0,31,20,0
20230311,서울특별시,11,강서구,11500,서울특별시,11,광진구,11215,0,6,5,0,0,0,0,0,14,13,0
20230311,서울특별시,11,강서구,11500,서울특별시,11,성동구,11200,0,19,19,4,3,0,0,0,44,35,0
20230311,서울특별시,11,강서구,11500,서울특별시,11,용산구,11170,0,3,0,3,0,0,0,0,10,7,0
20230311,서울특별시,11,강서구,11500,서울특별시,11,중구,11140,0,7,3,0,4,0,0,0,23,12,0
20230311,서울특별시,11,강서구,11500,서울특별시,11,종로구,11110,0,9,0,0,0,0,0,0,17,12,0
20230311,서울특별시,11,서초구,11650,서울특별시,11,강동구,11740,0,15,8,0,18,0,8,0,7,9,3
20230311,서울특별시,11,서초구,11650,서울특별시,11,송파구,11710,0,21,16,0,39,3,6,3,8,3,0
20230311,서울특별시,11,서초구,11650,서울특별시,11,강남구,11680,3,45,20,0,38,5,16,0,28,8,0
20230311,서울특별시,11,서초구,11650,서울특별시,11,서초구,11650,5,59,23,7,48,0,154,7,39,7,0
20230311,서울특별시,11,서초구,11650,서울특별시,11,관악구,11620,0,4,6,3,34,0,10,0,13,0,0
20230311,서울특별시,11,서초구,11650,서울특별시,11,동작구,11590,0,12,8,3,30,0,16,0,7,0,0
20230311,서울특별시,11,서초구,11650,서울특별시,11,영등포구,11560,0,11,3,3,27,0,0,0,5,7,0
20230311,서울특별시,11,마포구,11440,서울특별시,11,도봉구,11320,0,0,0,0,0,0,0,0,10,0,0
20230311,서울특별시,11,마포구,11440,서울특별시,11,강북구,11305,0,0,0,0,0,0,0,0,5,0,0
20230311,서울특별시,11,마포구,11440,서울특별시,11,성북구,11290,0,8,6,0,3,0,0,0,21,4,0
20230311,서울특별시,11,마포구,11440,서울특별시,11,중랑구,11260,0,6,5,0,0,0,0,0,10,0,0
20230311,서울특별시,11,마포구,11440,서울특별시,11,동대문구,11230,0,10,5,0,3,0,0,0,13,0,0
20230311,서울특별시,11,마포구,11440,서울특별시,11,광진구,11215,0,6,4,0,3,0,0,0,8,3,0
20230311,서울특별시,11,마포구,11440,서울특별시,11,성동구,11200,0,15,4,4,6,0,0,0,49,13,0
20230311,서울특별시,11,마포구,11440,서울특별시,11,용산구,11170,0,6,6,6,0,0,0,0,27,4,0
20230311,서울특별시,11,마포구,11440,서울특별시,11,중구,11140,0,10,7,0,3,0,0,0,33,5,0
20230311,서울특별시,11,마포구,11440,서울특별시,11,종로구,11110,0,0,0,0,0,0,0,0,12,4,0
20230311,서울특별시,11,서초구,11650,서울특별시,11,금천구,11545,0,3,5,0,12,0,7,0,29,8,0
20230311,서울특별시,11,서초구,11650,서울특별시,11,구로구,11530,0,8,0,4,14,0,7,0,6,0,0
20230311,서울특별시,11,서초구,11650,서울특별시,11,강서구,11500,0,16,9,0,44,0,10,0,11,0,0
20230311,서울특별시,11,중랑구,11260,서울특별시,11,노원구,11350,0,3,4,0,0,0,0,0,4,0,0
20230311,서울특별시,11,중랑구,11260,서울특별시,11,도봉구,11320,0,4,0,0,0,0,0,0,6,0,0
20230311,서울특별시,11,중랑구,11260,서울특별시,11,강북구,11305,0,3,0,0,0,0,0,0,5,0,0
20230311,서울특별시,11,중랑구,11260,서울특별시,11,성북구,11290,0,7,0,0,0,0,0,0,11,4,0
20230311,서울특별시,11,중랑구,11260,서울특별시,11,중랑구,11260,0,0,7,0,0,0,0,0,9,0,0
20230311,서울특별시,11,중랑구,11260,서울특별시,11,동대문구,11230,0,4,4,0,0,0,0,0,11,0,0
20230311,서울특별시,11,중랑구,11260,서울특별시,11,광진구,11215,0,0,5,0,0,0,0,0,11,0,0
20230311,서울특별시,11,중랑구,11260,서울특별시,11,성동구,11200,0,7,8,9,0,0,0,0,22,9,3
20230311,서울특별시,11,중랑구,11260,서울특별시,11,용산구,11170,0,0,3,5,0,0,0,0,5,0,0
20230311,서울특별시,11,중랑구,11260,서울특별시,11,중구,11140,0,0,0,0,0,0,0,0,6,0,0
20230311,서울특별시,11,중랑구,11260,서울특별시,11,종로구,11110,0,0,0,0,0,0,0,0,9,0,0
20230311,서울특별시,11,중랑구,11260,서울특별시,11,강동구,11740,0,0,0,0,0,0,0,0,0,0,0
20230311,서울특별시,11,중랑구,11260,서울특별시,11,송파구,11710,0,3,0,0,0,0,0,0,5,0,0
20230311,서울특별시,11,중랑구,11260,서울특별시,11,강남구,11680,0,11,0,0,0,0,0,0,6,0,0
20230311,서울특별시,11,중랑구,11260,서울특별시,11,서초구,11650,0,0,0,0,0,0,0,0,6,0,0
20230311,서울특별시,11,중랑구,11260,서울특별시,11,관악구,11620,0,0,0,0,0,0,0,0,5,0,0
20230311,서울특별시,11,중랑구,11260,서울특별시,11,동작구,11590,0,3,0,0,0,0,0,0,3,0,0
20230311,서울특별시,11,중랑구,11260,서울특별시,11,영등포구,11560,0,0,0,0,0,0,0,0,0,3,0
20230311,서울특별시,11,서초구,11650,서울특별시,11,양천구,11470,0,11,11,0,36,0,0,0,4,0,0
20230311,서울특별시,11,서초구,11650,서울특별시,11,마포구,11440,0,8,4,3,23,0,5,0,8,3,0
20230311,서울특별시,11,서초구,11650,서울특별시,11,서대문구,11410,0,3,4,0,20,0,5,0,4,3,0
20230311,서울특별시,11,서초구,11650,서울특별시,11,은평구,11380,0,11,4,0,24,0,6,0,0,3,0
20230311,서울특별시,11,서초구,11650,서울특별시,11,노원구,11350,0,11,9,0,24,0,3,0,3,5,0
20230311,서울특별시,11,서초구,11650,서울특별시,11,도봉구,11320,0,4,0,0,13,0,3,0,0,0,0
20230311,서울특별시,11,서초구,11650,서울특별시,11,강북구,11305,0,3,4,0,15,0,6,0,7,0,0
20230311,서울특별시,11,서초구,11650,서울특별시,11,성북구,11290,0,18,11,0,22,0,6,0,18,5,0
20230311,서울특별시,11,서초구,11650,서울특별시,11,중랑구,11260,0,8,3,0,28,0,3,0,5,0,0
20230311,서울특별시,11,서초구,11650,서울특별시,11,동대문구,11230,0,16,4,0,18,0,4,0,12,4,0
20230311,서울특별시,11,서초구,11650,서울특별시,11,광진구,11215,0,10,5,0,30,0,4,0,7,3,0
20230311,서울특별시,11,서초구,11650,서울특별시,11,성동구,11200,5,19,17,0,26,0,12,0,47,15,0
20230311,서울특별시,11,서초구,11650,서울특별시,11,용산구,11170,0,9,8,12,14,0,6,0,14,0,3
20230311,서울특별시,11,서초구,11650,서울특별시,11,중구,11140,0,4,3,3,18,0,5,0,24,3,0
20230311,서울특별시,11,서초구,11650,서울특별시,11,종로구,11110,0,3,7,0,9,0,3,0,8,4,0
20230311,서울특별시,11,구로구,11530,서울특별시,11,강동구,11740,0,27,0,0,0,0,0,0,23,8,0
20230311,서울특별시,11,서대문구,11410,서울특별시,11,송파구,11710,0,0,3,0,0,0,6,0,8,0,0
20230311,서울특별시,11,관악구,11620,서울특별시,11,노원구,11350,0,0,11,3,0,0,0,0,6,0,0
20230311,서울특별시,11,관악구,11620,서울특별시,11,도봉구,11320,0,0,3,0,0,0,0,0,0,0,0
20230311,서울특별시,11,관악구,11620,서울특별시,11,강북구,11305,0,0,0,0,0,0,0,0,13,0,0
20230311,서울특별시,11,관악구,11620,서울특별시,11,성북구,11290,0,6,7,0,0,0,0,0,20,5,0
20230311,서울특별시,11,관악구,11620,서울특별시,11,중랑구,11260,0,6,3,0,0,0,0,0,8,5,0
20230311,서울특별시,11,관악구,11620,서울특별시,11,동대문구,11230,0,8,6,0,0,0,0,0,14,0,0
20230311,서울특별시,11,관악구,11620,서울특별시,11,광진구,11215,0,0,10,0,3,0,0,0,0,0,0
20230311,서울특별시,11,관악구,11620,서울특별시,11,성동구,11200,0,8,16,3,4,0,0,0,41,16,0
20230311,서울특별시,11,관악구,11620,서울특별시,11,용산구,11170,0,0,3,8,0,0,0,0,11,3,0
20230311,서울특별시,11,관악구,11620,서울특별시,11,중구,11140,0,8,0,0,3,0,0,0,21,5,0
20230311,서울특별시,11,관악구,11620,서울특별시,11,종로구,11110,0,7,11,0,0,0,0,0,15,0,0
20230311,서울특별시,11,서대문구,11410,서울특별시,11,강동구,11740,0,0,0,0,0,0,0,0,5,7,0
20230311,서울특별시,11,종로구,11110,서울특별시,11,광진구,11215,0,5,3,0,7,0,5,0,4,4,0
20230311,서울특별시,11,종로구,11110,서울특별시,11,동대문구,11230,0,9,0,0,7,0,0,0,5,0,0
20230311,서울특별시,11,종로구,11110,서울특별시,11,중랑구,11260,0,8,4,0,5,0,0,0,3,0,0
20230311,서울특별시,11,종로구,11110,서울특별시,11,강동구,11740,0,11,3,3,9,0,4,0,0,5,0
20230311,서울특별시,11,종로구,11110,서울특별시,11,송파구,11710,0,16,4,0,8,0,3,0,5,0,0
20230311,서울특별시,11,종로구,11110,서울특별시,11,강남구,11680,0,9,16,4,9,0,3,0,7,4,3
20230311,서울특별시,11,종로구,11110,서울특별시,11,서초구,11650,0,9,7,3,8,0,0,0,5,0,0
20230311,서울특별시,11,종로구,11110,서울특별시,11,관악구,11620,0,7,9,0,5,0,0,0,6,0,0
20230311,서울특별시,11,종로구,11110,서울특별시,11,동작구,11590,0,4,4,0,7,0,0,0,5,3,0
20230311,서울특별시,11,종로구,11110,서울특별시,11,영등포구,11560,0,6,4,0,7,0,0,0,5,7,0
20230311,서울특별시,11,종로구,11110,서울특별시,11,금천구,11545,0,0,0,0,6,0,4,0,6,6,0
20230311,서울특별시,11,종로구,11110,서울특별시,11,구로구,11530,0,10,0,0,6,0,3,0,0,5,0
20230311,서울특별시,11,종로구,11110,서울특별시,11,강서구,11500,0,6,6,4,7,0,0,0,4,0,0
20230311,서울특별시,11,종로구,11110,서울특별시,11,성북구,11290,0,8,4,0,4,0,0,8,8,0,0
20230311,서울특별시,11,종로구,11110,서울특별시,11,강북구,11305,0,11,3,0,6,0,0,0,0,0,0
20230311,서울특별시,11,강서구,11500,서울특별시,11,강동구,11740,0,4,0,3,15,0,0,0,6,5,0
20230311,서울특별시,11,마포구,11440,서울특별시,11,송파구,11710,0,10,10,0,5,0,3,0,9,5,0
20230311,서울특별시,11,마포구,11440,서울특별시,11,강남구,11680,0,21,7,3,7,0,0,0,24,6,3
20230311,서울특별시,11,마포구,11440,서울특별시,11,서초구,11650,0,8,8,0,4,0,0,0,15,3,0
20230311,서울특별시,11,마포구,11440,서울특별시,11,관악구,11620,0,6,0,3,5,0,0,0,11,0,0
20230311,서울특별시,11,마포구,11440,서울특별시,11,동작구,11590,0,0,5,0,3,0,0,0,10,4,0
20230311,서울특별시,11,마포구,11440,서울특별시,11,영등포구,11560,0,10,7,0,0,0,0,0,11,3,0
20230311,서울특별시,11,용산구,11170,서울특별시,11,종로구,11110,0,0,0,3,0,0,0,0,7,0,0
20230311,서울특별시,11,용산구,11170,서울특별시,11,중구,11140,0,4,0,4,0,0,0,0,16,0,0
20230311,서울특별시,11,용산구,11170,서울특별시,11,용산구,11170,0,0,7,7,0,0,0,0,16,0,0
20230311,서울특별시,11,용산구,11170,서울특별시,11,성동구,11200,0,7,11,0,0,0,0,0,13,13,0
20230311,서울특별시,11,용산구,11170,서울특별시,11,광진구,11215,0,0,0,0,8,0,0,0,10,0,0
20230311,서울특별시,11,용산구,11170,서울특별시,11,동대문구,11230,0,3,0,6,0,0,0,0,5,0,0
20230311,서울특별시,11,용산구,11170,서울특별시,11,중랑구,11260,0,0,0,5,4,0,0,0,5,0,0
20230311,서울특별시,11,용산구,11170,서울특별시,11,성북구,11290,0,5,0,0,3,0,0,0,18,0,0
20230311,서울특별시,11,용산구,11170,서울특별시,11,강북구,11305,0,0,0,0,4,0,0,0,8,0,0
20230311,서울특별시,11,용산구,11170,서울특별시,11,도봉구,11320,0,0,0,4,0,0,0,0,5,0,0
20230311,서울특별시,11,용산구,11170,서울특별시,11,노원구,11350,0,0,5,8,6,0,0,0,0,0,0
20230311,서울특별시,11,용산구,11170,서울특별시,11,은평구,11380,0,0,4,6,3,0,0,0,0,0,0
20230311,서울특별시,11,용산구,11170,서울특별시,11,서대문구,11410,0,5,5,3,0,0,0,0,5,0,0
20230311,서울특별시,11,용산구,11170,서울특별시,11,마포구,11440,0,6,10,9,5,0,0,0,14,0,0
20230311,서울특별시,11,용산구,11170,서울특별시,11,양천구,11470,0,0,8,0,7,0,0,0,0,16,0
20230311,서울특별시,11,용산구,11170,서울특별시,11,강서구,11500,0,3,0,4,9,0,0,0,12,0,0
20230311,서울특별시,11,용산구,11170,서울특별시,11,구로구,11530,0,3,5,4,8,0,0,0,5,0,0
20230311,서울특별시,11,용산구,11170,서울특별시,11,금천구,11545,0,0,5,6,5,0,0,0,8,0,0
20230311,서울특별시,11,용산구,11170,서울특별시,11,영등포구,11560,0,6,10,6,6,0,0,0,6,0,0
20230311,서울특별시,11,용산구,11170,서울특별시,11,동작구,11590,0,3,0,5,3,0,0,0,4,0,0
20230311,서울특별시,11,용산구,11170,서울특별시,11,관악구,11620,0,3,5,4,9,0,0,0,4,0,0
20230311,서울특별시,11,용산구,11170,서울특별시,11,서초구,11650,0,7,10,11,4,0,0,0,4,0,0
20230311,서울특별시,11,용산구,11170,서울특별시,11,강남구,11680,0,21,12,7,7,0,0,0,17,4,0
20230311,서울특별시,11,용산구,11170,서울특별시,11,송파구,11710,0,8,5,6,10,0,0,0,8,0,0
20230311,서울특별시,11,용산구,11170,서울특별시,11,강동구,11740,0,0,3,7,7,0,0,0,8,4,0
20230311,서울특별시,11,강서구,11500,서울특별시,11,송파구,11710,0,19,7,3,14,0,3,3,15,28,0
20230311,서울특별시,11,강북구,11305,서울특별시,11,서대문구,11410,0,0,3,0,0,0,0,0,3,0,0
20230311,서울특별시,11,강북구,11305,서울특별시,11,마포구,11440,0,0,0,0,0,0,0,0,3,0,0
20230311,서울특별시,11,강북구,11305,서울특별시,11,양천구,11470,0,0,0,0,0,0,0,0,0,0,0
20230311,서울특별시,11,강북구,11305,서울특별시,11,강서구,11500,0,0,0,3,3,0,0,0,0,0,0
20230311,서울특별시,11,강북구,11305,서울특별시,11,구로구,11530,0,0,0,0,0,0,0,0,4,0,0
20230311,서울특별시,11,강북구,11305,서울특별시,11,금천구,11545,0,6,0,0,0,0,0,0,12,5,0
20230311,서울특별시,11,강북구,11305,서울특별시,11,영등포구,11560,0,0,4,0,0,0,0,0,4,0,0
20230311,서울특별시,11,강북구,11305,서울특별시,11,동작구,11590,0,0,0,0,0,0,0,0,4,0,0
20230311,서울특별시,11,강북구,11305,서울특별시,11,관악구,11620,0,0,0,0,0,0,0,0,3,0,0
20230311,서울특별시,11,강북구,11305,서울특별시,11,서초구,11650,0,0,0,0,0,0,0,0,4,0,0
20230311,서울특별시,11,강북구,11305,서울특별시,11,강남구,11680,0,11,5,0,0,0,0,0,7,0,5
20230311,서울특별시,11,강북구,11305,서울특별시,11,송파구,11710,0,0,0,0,0,0,0,0,6,3,0
20230311,서울특별시,11,강북구,11305,서울특별시,11,강동구,11740,0,0,0,0,0,0,0,0,0,0,0
20230311,서울특별시,11,종로구,11110,서울특별시,11,도봉구,11320,0,3,0,0,7,0,0,0,6,3,0
20230311,서울특별시,11,종로구,11110,서울특별시,11,노원구,11350,0,6,6,0,8,0,0,0,6,4,0
20230311,서울특별시,11,종로구,11110,서울특별시,11,은평구,11380,0,12,0,0,5,0,0,0,3,0,0
20230311,서울특별시,11,종로구,11110,서울특별시,11,서대문구,11410,0,4,4,0,5,0,0,3,3,0,0
20230311,서울특별시,11,종로구,11110,서울특별시,11,마포구,11440,0,5,8,3,14,0,0,0,3,3,0
20230311,서울특별시,11,종로구,11110,서울특별시,11,양천구,11470,0,4,3,0,5,0,0,0,4,0,0
20230311,서울특별시,11,마포구,11440,서울특별시,11,금천구,11545,0,3,0,0,0,0,0,0,17,4,0
20230311,서울특별시,11,마포구,11440,서울특별시,11,구로구,11530,0,7,6,0,0,0,0,0,12,0,0
20230311,서울특별시,11,마포구,11440,서울특별시,11,강서구,11500,0,9,9,5,0,0,6,0,18,0,0
20230311,서울특별시,11,마포구,11440,서울특별시,11,양천구,11470,0,4,7,0,0,0,0,0,0,0,0
20230311,서울특별시,11,마포구,11440,서울특별시,11,마포구,11440,0,16,6,7,6,0,4,0,25,22,0
20230311,서울특별시,11,마포구,11440,서울특별시,11,서대문구,11410,0,3,11,0,0,0,0,0,11,4,0
20230311,서울특별시,11,마포구,11440,서울특별시,11,은평구,11380,0,9,9,0,0,0,4,0,6,0,3
20230311,서울특별시,11,마포구,11440,서울특별시,11,노원구,11350,0,3,5,0,3,0,0,0,5,4,0
20230311,서울특별시,11,동작구,11590,서울특별시,11,종로구,11110,0,0,6,0,0,0,0,0,15,0,0
20230311,서울특별시,11,동작구,11590,서울특별시,11,중구,11140,0,9,9,0,0,0,0,0,20,3,0
20230311,서울특별시,11,동작구,11590,서울특별시,11,용산구,11170,0,3,6,7,0,0,0,0,7,0,0
20230311,서울특별시,11,동작구,11590,서울특별시,11,성동구,11200,0,10,16,0,4,0,0,0,44,12,0
20230311,서울특별시,11,동작구,11590,서울특별시,11,광진구,11215,0,5,3,0,0,0,0,0,8,0,0
20230311,서울특별시,11,동작구,11590,서울특별시,11,동대문구,11230,0,5,0,0,0,0,0,0,18,3,0
20230311,서울특별시,11,동작구,11590,서울특별시,11,중랑구,11260,0,0,5,0,0,0,0,0,13,0,0
20230311,서울특별시,11,동작구,11590,서울특별시,11,성북구,11290,0,6,7,0,0,0,0,0,22,4,0
20230311,서울특별시,11,동작구,11590,서울특별시,11,강북구,11305,0,0,3,0,0,0,0,0,8,4,0
20230311,서울특별시,11,종로구,11110,서울특별시,11,종로구,11110,0,4,16,0,7,0,6,0,8,0,0
20230311,서울특별시,11,종로구,11110,서울특별시,11,중구,11140,0,14,7,3,5,0,0,0,9,0,0
20230311,서울특별시,11,은평구,11380,서울특별시,11,용산구,11170,0,3,0,5,0,0,0,0,6,0,0
20230311,서울특별시,11,동대문구,11230,서울특별시,11,양천구,11470,0,60,4,0,0,0,0,0,0,0,0
20230311,서울특별시,11,동대문구,11230,서울특별시,11,강서구,11500,0,86,0,4,3,0,5,0,10,0,0
20230311,서울특별시,11,동대문구,11230,서울특별시,11,구로구,11530,0,65,0,0,0,0,5,0,7,3,0
20230311,서울특별시,11,동대문구,11230,서울특별시,11,금천구,11545,0,52,0,0,0,0,0,0,17,3,0
20230311,서울특별시,11,동대문구,11230,서울특별시,11,영등포구,11560,0,46,0,5,0,0,0,0,6,0,0
20230311,서울특별시,11,동대문구,11230,서울특별시,11,동작구,11590,0,60,0,0,0,0,3,0,3,0,0
20230311,서울특별시,11,동대문구,11230,서울특별시,11,관악구,11620,0,49,0,0,0,0,0,0,3,0,0
20230311,서울특별시,11,동대문구,11230,서울특별시,11,서초구,11650,0,59,0,0,5,0,0,0,3,0,0
20230311,서울특별시,11,동대문구,11230,서울특별시,11,강남구,11680,0,64,5,4,3,0,3,0,7,0,0
20230311,서울특별시,11,동대문구,11230,서울특별시,11,송파구,11710,0,99,0,0,0,0,0,0,7,0,0
20230311,서울특별시,11,동대문구,11230,서울특별시,11,강동구,11740,0,82,4,0,3,0,3,0,6,6,0
20230311,서울특별시,11,양천구,11470,서울특별시,11,종로구,11110,0,3,0,0,0,0,0,0,14,0,0
20230311,서울특별시,11,양천구,11470,서울특별시,11,중구,11140,0,4,5,0,3,0,0,0,13,4,0
20230311,서울특별시,11,구로구,11530,서울특별시,11,송파구,11710,0,194,0,5,0,0,0,0,36,7,0
20230311,서울특별시,11,구로구,11530,서울특별시,11,강남구,11680,0,48,4,0,3,0,0,0,27,10,3
20230311,서울특별시,11,구로구,11530,서울특별시,11,서초구,11650,0,13,4,0,0,0,0,3,11,4,0
20230311,서울특별시,11,구로구,11530,서울특별시,11,관악구,11620,0,32,5,0,0,0,0,0,33,12,0
20230311,서울특별시,11,구로구,11530,서울특별시,11,동작구,11590,0,24,0,0,0,0,0,0,25,7,0
20230311,서울특별시,11,구로구,11530,서울특별시,11,영등포구,11560,0,20,3,0,3,0,0,0,25,5,0
20230311,서울특별시,11,구로구,11530,서울특별시,11,금천구,11545,0,12,0,3,0,0,0,0,31,5,0
20230311,서울특별시,11,구로구,11530,서울특별시,11,구로구,11530,0,23,6,3,3,0,0,0,34,7,0
20230311,서울특별시,11,구로구,11530,서울특별시,11,강서구,11500,0,23,9,3,0,4,0,0,55,10,3
20230311,서울특별시,11,구로구,11530,서울특별시,11,양천구,11470,0,29,5,0,3,0,0,0,20,5,0
20230311,서울특별시,11,구로구,11530,서울특별시,11,마포구,11440,0,105,5,3,3,0,0,0,21,5,0
20230311,서울특별시,11,구로구,11530,서울특별시,11,서대문구,11410,0,19,0,0,0,0,0,0,24,3,0
20230311,서울특별시,11,구로구,11530,서울특별시,11,은평구,11380,0,31,0,0,0,0,0,0,20,6,0
20230311,서울특별시,11,구로구,11530,서울특별시,11,노원구,11350,0,27,0,0,0,0,0,0,30,3,0
20230311,서울특별시,11,구로구,11530,서울특별시,11,도봉구,11320,0,8,0,0,3,0,0,0,21,4,0
20230311,서울특별시,11,구로구,11530,서울특별시,11,강북구,11305,0,15,0,0,0,0,0,0,13,0,0
20230311,서울특별시,11,구로구,11530,서울특별시,11,성북구,11290,0,27,0,3,0,0,0,0,33,7,0
20230311,서울특별시,11,구로구,11530,서울특별시,11,중랑구,11260,0,24,0,3,0,0,0,0,26,12,0
20230311,서울특별시,11,구로구,11530,서울특별시,11,동대문구,11230,0,22,0,0,0,0,0,0,25,3,0
20230311,서울특별시,11,구로구,11530,서울특별시,11,광진구,11215,0,26,0,0,3,0,0,0,17,6,0
20230311,서울특별시,11,구로구,11530,서울특별시,11,성동구,11200,0,21,5,6,0,0,0,0,52,21,3
20230311,서울특별시,11,구로구,11530,서울특별시,11,용산구,11170,0,11,0,4,0,0,0,0,15,3,0
20230311,서울특별시,11,구로구,11530,서울특별시,11,중구,11140,0,13,0,0,0,0,0,0,14,4,0
20230311,서울특별시,11,강남구,11680,서울특별시,11,강동구,11740,0,14,9,0,8,17,0,0,56,0,3
20230311,서울특별시,11,강남구,11680,서울특별시,11,송파구,11710,8,9,18,6,11,29,14,0,97,5,90
20230311,서울특별시,11,강남구,11680,서울특별시,11,강남구,11680,10,45,40,8,26,18,24,3,139,19,76
20230311,서울특별시,11,강남구,11680,서울특별시,11,서초구,11650,4,8,18,3,22,13,9,0,69,8,55
20230311,서울특별시,11,강남구,11680,서울특별시,11,관악구,11620,3,5,5,3,3,13,4,0,77,0,3
20230311,서울특별시,11,강남구,11680,서울특별시,11,동작구,11590,3,4,12,3,5,8,6,0,40,3,8
20230311,서울특별시,11,강남구,11680,서울특별시,11,영등포구,11560,0,11,11,3,16,13,6,0,52,3,6
20230311,서울특별시,11,강남구,11680,서울특별시,11,금천구,11545,0,3,3,7,6,3,0,0,85,5,3
20230311,서울특별시,11,강남구,11680,서울특별시,11,구로구,11530,4,9,0,0,9,10,0,0,58,3,8
20230311,서울특별시,11,강남구,11680,서울특별시,11,강서구,11500,4,7,10,3,7,12,6,0,115,13,8
20230311,서울특별시,11,강남구,11680,서울특별시,11,양천구,11470,5,8,9,4,4,15,0,0,53,4,0
20230311,서울특별시,11,강남구,11680,서울특별시,11,마포구,11440,3,9,13,5,11,10,6,0,58,0,5
20230311,서울특별시,11,강남구,11680,서울특별시,11,서대문구,11410,0,0,3,0,0,8,0,0,40,7,3
20230311,서울특별시,11,강남구,11680,서울특별시,11,은평구,11380,3,7,5,0,10,19,3,0,58,0,9
20230311,서울특별시,11,강남구,11680,서울특별시,11,노원구,11350,8,3,10,0,10,6,0,0,82,5,0
20230311,서울특별시,11,강남구,11680,서울특별시,11,도봉구,11320,0,0,0,0,5,4,0,0,34,4,0
20230311,서울특별시,11,강남구,11680,서울특별시,11,강북구,11305,0,0,4,0,4,0,0,0,44,0,5
20230311,서울특별시,11,강남구,11680,서울특별시,11,성북구,11290,0,15,10,0,3,11,3,0,82,7,3
20230311,서울특별시,11,강남구,11680,서울특별시,11,중랑구,11260,4,7,0,0,7,5,0,0,51,3,4
20230311,서울특별시,11,강남구,11680,서울특별시,11,동대문구,11230,0,4,5,4,6,15,0,0,59,0,3
20230311,서울특별시,11,도봉구,11320,서울특별시,11,종로구,11110,0,0,0,0,0,0,0,0,5,3,0
20230311,서울특별시,11,도봉구,11320,서울특별시,11,중구,11140,0,0,0,0,0,0,0,0,9,0,0
20230311,서울특별시,11,도봉구,11320,서울특별시,11,용산구,11170,0,0,0,4,0,0,0,0,5,0,0
20230311,서울특별시,11,도봉구,11320,서울특별시,11,성동구,11200,0,3,4,0,0,0,0,0,21,9,0
20230311,서울특별시,11,도봉구,11320,서울특별시,11,광진구,11215,0,0,0,0,0,0,0,0,5,0,0
20230311,서울특별시,11,동작구,11590,서울특별시,11,도봉구,11320,0,0,0,0,0,0,0,0,5,0,0
20230311,서울특별시,11,동작구,11590,서울특별시,11,노원구,11350,0,0,10,0,0,0,0,0,6,0,0
20230311,서울특별시,11,동작구,11590,서울특별시,11,은평구,11380,0,0,4,0,0,0,0,0,4,0,0
20230311,서울특별시,11,동작구,11590,서울특별시,11,서대문구,11410,0,0,5,0,0,0,0,0,5,0,0
20230311,서울특별시,11,동작구,11590,서울특별시,11,마포구,11440,0,0,10,0,0,0,0,0,11,7,0
20230311,서울특별시,11,동작구,11590,서울특별시,11,양천구,11470,0,5,4,0,0,0,0,0,0,3,0
20230311,서울특별시,11,동작구,11590,서울특별시,11,강서구,11500,0,4,7,4,0,0,3,0,12,4,0
20230311,서울특별시,11,동작구,11590,서울특별시,11,구로구,11530,0,0,5,0,0,0,0,0,5,0,0
20230311,서울특별시,11,동작구,11590,서울특별시,11,금천구,11545,0,3,3,0,3,0,0,0,21,5,0
20230311,서울특별시,11,동작구,11590,서울특별시,11,영등포구,11560,0,10,8,3,0,0,0,0,8,8,3
20230311,서울특별시,11,동작구,11590,서울특별시,11,동작구,11590,0,4,7,0,0,0,3,0,11,0,0
20230311,서울특별시,11,동작구,11590,서울특별시,11,관악구,11620,0,0,11,4,0,0,0,0,9,0,0
20230311,서울특별시,11,동작구,11590,서울특별시,11,서초구,11650,0,6,11,3,0,0,0,0,8,0,0
20230311,서울특별시,11,동작구,11590,서울특별시,11,강남구,11680,0,16,14,0,0,0,3,0,7,5,0
20230311,서울특별시,11,동작구,11590,서울특별시,11,송파구,11710,0,5,4,0,4,0,0,0,9,3,3
20230311,서울특별시,11,동작구,11590,서울특별시,11,강동구,11740,0,0,8,0,0,0,0,0,3,5,0
20230311,서울특별시,11,영등포구,11560,서울특별시,11,서초구,11650,0,5,0,0,10,0,5,0,9,0,0
20230311,서울특별시,11,영등포구,11560,서울특별시,11,관악구,11620,0,5,4,0,0,0,0,0,4,0,0
20230311,서울특별시,11,영등포구,11560,서울특별시,11,동작구,11590,0,0,0,0,5,0,0,0,7,0,0
20230311,서울특별시,11,영등포구,11560,서울특별시,11,영등포구,11560,0,7,8,0,0,0,6,0,6,4,4
20230311,서울특별시,11,영등포구,11560,서울특별시,11,금천구,11545,0,5,3,0,4,0,0,0,26,6,0
20230311,서울특별시,11,영등포구,11560,서울특별시,11,구로구,11530,0,0,3,3,5,0,6,0,11,0,0
20230311,서울특별시,11,영등포구,11560,서울특별시,11,강서구,11500,0,0,4,0,9,0,0,0,12,0,0
20230311,서울특별시,11,영등포구,11560,서울특별시,11,양천구,11470,0,0,6,0,6,0,3,0,7,0,0
20230311,서울특별시,11,영등포구,11560,서울특별시,11,마포구,11440,0,5,3,8,13,0,8,0,9,3,0
20230311,서울특별시,11,영등포구,11560,서울특별시,11,서대문구,11410,0,3,0,0,0,0,5,0,7,0,0
20230311,서울특별시,11,구로구,11530,서울특별시,11,종로구,11110,0,6,0,0,0,0,0,0,9,3,0
20230311,서울특별시,11,도봉구,11320,서울특별시,11,동대문구,11230,0,0,0,0,3,0,0,0,9,0,0
20230311,서울특별시,11,도봉구,11320,서울특별시,11,중랑구,11260,0,0,0,0,0,0,0,0,4,0,0
20230311,서울특별시,11,도봉구,11320,서울특별시,11,성북구,11290,0,0,3,0,0,0,0,0,13,0,0
20230311,서울특별시,11,도봉구,11320,서울특별시,11,강북구,11305,0,0,0,0,0,0,0,0,7,0,0
20230311,서울특별시,11,도봉구,11320,서울특별시,11,도봉구,11320,0,0,4,0,0,0,4,0,6,0,0
20230311,서울특별시,11,도봉구,11320,서울특별시,11,노원구,11350,0,0,3,0,0,0,0,0,6,0,0
20230311,서울특별시,11,도봉구,11320,서울특별시,11,은평구,11380,0,0,0,0,0,0,0,0,0,0,0
20230311,서울특별시,11,도봉구,11320,서울특별시,11,서대문구,11410,0,0,0,0,0,0,0,0,4,0,0
20230311,서울특별시,11,도봉구,11320,서울특별시,11,마포구,11440,0,0,0,0,0,0,0,0,6,0,0
20230311,서울특별시,11,도봉구,11320,서울특별시,11,양천구,11470,0,0,0,0,0,0,0,0,3,0,0
20230311,서울특별시,11,도봉구,11320,서울특별시,11,강서구,11500,0,0,0,3,0,0,0,0,8,0,0
20230311,서울특별시,11,도봉구,11320,서울특별시,11,구로구,11530,0,0,0,0,0,0,0,0,6,0,0
20230311,서울특별시,11,도봉구,11320,서울특별시,11,금천구,11545,0,0,0,0,0,0,0,0,14,3,0
20230311,서울특별시,11,도봉구,11320,서울특별시,11,영등포구,11560,0,0,0,0,0,0,0,0,0,0,0
20230311,서울특별시,11,도봉구,11320,서울특별시,11,동작구,11590,0,0,0,0,0,0,0,0,0,0,0
20230311,서울특별시,11,도봉구,11320,서울특별시,11,관악구,11620,0,0,4,0,0,0,0,0,3,0,0
20230311,서울특별시,11,도봉구,11320,서울특별시,11,서초구,11650,0,0,4,0,4,0,0,0,3,0,0
20230311,서울특별시,11,도봉구,11320,서울특별시,11,강남구,11680,0,9,8,0,0,0,0,0,3,0,0
20230311,서울특별시,11,도봉구,11320,서울특별시,11,송파구,11710,0,3,0,0,0,0,0,0,0,0,0
20230311,서울특별시,11,도봉구,11320,서울특별시,11,강동구,11740,0,0,0,0,0,0,0,0,0,3,0
20230311,서울특별시,11,강남구,11680,서울특별시,11,광진구,11215,0,9,10,3,12,14,4,0,63,6,9
20230311,서울특별시,11,강남구,11680,서울특별시,11,성동구,11200,0,18,25,0,18,12,6,0,100,17,3
20230311,서울특별시,11,강남구,11680,서울특별시,11,용산구,11170,0,3,9,7,8,5,3,0,35,3,0
20230311,서울특별시,11,강남구,11680,서울특별시,11,중구,11140,0,16,4,0,5,5,0,0,51,6,0
20230311,서울특별시,11,광진구,11215,서울특별시,11,송파구,11710,0,0,4,0,0,4,0,0,4,14,0
20230311,서울특별시,11,광진구,11215,서울특별시,11,강남구,11680,0,15,5,0,0,0,0,0,17,11,0
20230311,서울특별시,11,광진구,11215,서울특별시,11,서초구,11650,0,0,10,0,0,0,0,0,5,6,0
20230311,서울특별시,11,광진구,11215,서울특별시,11,관악구,11620,0,0,0,0,0,0,0,0,3,7,0
20230311,서울특별시,11,광진구,11215,서울특별시,11,동작구,11590,0,3,3,0,0,0,0,0,6,4,0
20230311,서울특별시,11,광진구,11215,서울특별시,11,영등포구,11560,0,6,0,4,0,0,0,0,6,5,0
20230311,서울특별시,11,광진구,11215,서울특별시,11,금천구,11545,0,3,0,0,3,0,0,0,25,11,0
20230311,서울특별시,11,광진구,11215,서울특별시,11,구로구,11530,0,0,3,3,0,0,0,0,10,4,0
20230311,서울특별시,11,광진구,11215,서울특별시,11,강서구,11500,0,4,0,4,0,0,0,0,10,16,0
20230311,서울특별시,11,광진구,11215,서울특별시,11,양천구,11470,0,0,4,0,0,0,0,0,5,6,0
20230311,서울특별시,11,광진구,11215,서울특별시,11,마포구,11440,0,3,5,0,0,0,0,0,9,5,0
20230311,서울특별시,11,광진구,11215,서울특별시,11,서대문구,11410,0,4,0,0,0,0,0,0,0,10,0
20230311,서울특별시,11,광진구,11215,서울특별시,11,은평구,11380,0,0,3,5,0,0,0,0,4,10,0
20230311,서울특별시,11,광진구,11215,서울특별시,11,노원구,11350,0,0,5,0,0,0,0,0,5,7,0
20230311,서울특별시,11,광진구,11215,서울특별시,11,도봉구,11320,0,0,0,0,0,0,0,0,4,9,0
20230311,서울특별시,11,광진구,11215,서울특별시,11,강북구,11305,0,0,3,0,0,0,0,0,8,3,0
20230311,서울특별시,11,광진구,11215,서울특별시,11,성북구,11290,0,6,6,0,0,0,0,0,21,10,0
20230311,서울특별시,11,광진구,11215,서울특별시,11,중랑구,11260,0,6,8,0,0,0,0,0,6,6,0
20230311,서울특별시,11,성동구,11200,서울특별시,11,노원구,11350,0,0,4,0,0,0,0,0,8,3,0
20230311,서울특별시,11,성동구,11200,서울특별시,11,도봉구,11320,0,0,0,0,0,0,0,0,8,4,0
20230311,서울특별시,11,성동구,11200,서울특별시,11,강북구,11305,0,0,0,0,0,0,0,0,5,0,0
20230311,서울특별시,11,성동구,11200,서울특별시,11,성북구,11290,0,0,0,0,9,0,5,3,21,5,46
20230311,서울특별시,11,성동구,11200,서울특별시,11,중랑구,11260,0,3,0,0,0,0,0,0,6,3,0
20230311,서울특별시,11,성동구,11200,서울특별시,11,동대문구,11230,0,3,3,3,5,0,6,0,22,8,29
20230311,서울특별시,11,성동구,11200,서울특별시,11,광진구,11215,0,0,0,0,0,0,0,0,11,5,0
20230311,서울특별시,11,성동구,11200,서울특별시,11,성동구,11200,0,41,14,0,0,0,6,0,38,13,0
20230311,서울특별시,11,성동구,11200,서울특별시,11,용산구,11170,0,3,0,6,0,0,0,0,13,9,0
20230311,서울특별시,11,성동구,11200,서울특별시,11,중구,11140,0,0,0,0,5,0,3,0,17,5,18
20230311,서울특별시,11,성동구,11200,서울특별시,11,종로구,11110,0,0,3,0,0,0,3,0,7,0,20
20230311,서울특별시,11,동대문구,11230,서울특별시,11,종로구,11110,0,22,0,0,3,0,5,0,11,0,0
20230311,서울특별시,11,동대문구,11230,서울특별시,11,중구,11140,0,20,0,0,0,0,4,0,26,0,0
20230311,서울특별시,11,동대문구,11230,서울특별시,11,용산구,11170,0,30,0,6,0,0,0,0,9,0,0
20230311,서울특별시,11,동대문구,11230,서울특별시,11,성동구,11200,0,46,10,0,0,0,0,0,28,31,0
20230311,서울특별시,11,동대문구,11230,서울특별시,11,광진구,11215,0,56,0,4,0,0,3,0,7,3,0
20230311,서울특별시,11,동대문구,11230,서울특별시,11,동대문구,11230,0,44,3,3,3,0,5,0,19,0,0
20230311,서울특별시,11,동대문구,11230,서울특별시,11,중랑구,11260,0,61,5,4,3,0,0,0,9,0,0
20230311,서울특별시,11,동대문구,11230,서울특별시,11,성북구,11290,0,61,5,3,5,0,0,0,22,3,0
20230311,서울특별시,11,동대문구,11230,서울특별시,11,강북구,11305,0,49,0,0,3,0,0,0,4,0,0
20230311,서울특별시,11,동대문구,11230,서울특별시,11,도봉구,11320,0,49,0,0,0,0,3,0,3,0,0
20230311,서울특별시,11,동대문구,11230,서울특별시,11,노원구,11350,0,80,5,3,0,0,0,0,5,0,0
20230311,서울특별시,11,동대문구,11230,서울특별시,11,은평구,11380,0,91,0,0,0,0,0,0,5,0,0
20230311,서울특별시,11,동대문구,11230,서울특별시,11,서대문구,11410,0,52,3,0,3,0,0,0,5,0,0
20230311,서울특별시,11,동대문구,11230,서울특별시,11,마포구,11440,0,62,0,3,0,0,6,0,9,0,0
20230311,서울특별시,11,양천구,11470,서울특별시,11,용산구,11170,0,0,0,8,0,0,0,0,7,0,0
20230311,서울특별시,11,양천구,11470,서울특별시,11,성동구,11200,0,13,4,0,0,0,0,0,38,20,0
20230311,서울특별시,11,송파구,11710,서울특별시,11,도봉구,11320,0,6,8,0,0,0,16,0,6,3,0
20230311,서울특별시,11,송파구,11710,서울특별시,11,강북구,11305,0,5,8,0,0,0,20,0,9,0,0
20230311,서울특별시,11,송파구,11710,서울특별시,11,성북구,11290,0,19,14,0,3,0,20,0,32,5,0
20230311,서울특별시,11,송파구,11710,서울특별시,11,중랑구,11260,0,8,8,5,3,0,15,0,13,0,0
20230311,서울특별시,11,중랑구,11260,서울특별시,11,금천구,11545,0,5,0,0,0,0,0,0,15,6,0
20230311,서울특별시,11,강남구,11680,서울특별시,11,종로구,11110,0,6,6,0,4,7,0,0,36,7,0
20230311,서울특별시,11,송파구,11710,서울특별시,11,동대문구,11230,0,16,6,0,0,0,16,0,23,0,0
20230311,서울특별시,11,광진구,11215,서울특별시,11,동대문구,11230,0,3,4,7,0,0,0,3,22,9,0
20230311,서울특별시,11,은평구,11380,서울특별시,11,성동구,11200,0,12,9,0,0,0,0,0,42,20,0
20230311,서울특별시,11,은평구,11380,서울특별시,11,광진구,11215,0,0,3,0,0,0,0,0,6,3,0
20230311,서울특별시,11,은평구,11380,서울특별시,11,동대문구,11230,0,5,3,0,0,0,0,0,13,0,0
20230311,서울특별시,11,은평구,11380,서울특별시,11,중랑구,11260,0,5,0,0,0,0,0,0,8,0,0
20230311,서울특별시,11,은평구,11380,서울특별시,11,성북구,11290,0,3,0,0,0,0,4,0,12,0,3
20230311,서울특별시,11,은평구,11380,서울특별시,11,강북구,11305,0,0,0,0,0,0,0,0,9,0,0
20230311,서울특별시,11,은평구,11380,서울특별시,11,도봉구,11320,0,3,0,0,0,0,0,0,7,0,0
20230311,서울특별시,11,강동구,11740,서울특별시,11,종로구,11110,0,0,0,0,0,0,0,0,6,0,0
20230311,서울특별시,11,강동구,11740,서울특별시,11,중구,11140,0,0,4,0,4,0,0,0,22,0,0
20230311,서울특별시,11,강동구,11740,서울특별시,11,용산구,11170,0,0,0,7,0,0,0,0,7,0,0
20230311,서울특별시,11,강동구,11740,서울특별시,11,성동구,11200,0,13,5,0,0,0,0,0,29,14,0
20230311,서울특별시,11,강동구,11740,서울특별시,11,광진구,11215,0,4,5,0,3,0,0,0,6,4,0
20230311,서울특별시,11,성북구,11290,서울특별시,11,강동구,11740,0,5,0,0,0,0,0,0,0,19,0
20230311,서울특별시,11,성북구,11290,서울특별시,11,송파구,11710,0,8,5,0,3,0,3,0,14,19,0
20230311,서울특별시,11,성북구,11290,서울특별시,11,강남구,11680,0,25,4,3,6,0,0,0,26,19,0
20230311,서울특별시,11,성북구,11290,서울특별시,11,서초구,11650,0,6,0,0,3,0,0,0,6,12,0
20230311,서울특별시,11,성북구,11290,서울특별시,11,관악구,11620,0,0,3,0,4,0,4,0,10,15,0
20230311,서울특별시,11,성북구,11290,서울특별시,11,동작구,11590,0,3,3,0,0,0,0,0,6,18,0
20230311,서울특별시,11,성북구,11290,서울특별시,11,영등포구,11560,0,8,0,0,0,0,0,0,0,14,0
20230311,서울특별시,11,성북구,11290,서울특별시,11,금천구,11545,0,4,7,4,3,0,0,0,20,10,0
20230311,서울특별시,11,성북구,11290,서울특별시,11,구로구,11530,0,8,3,0,4,3,0,0,6,9,0
20230311,서울특별시,11,성북구,11290,서울특별시,11,강서구,11500,0,6,0,0,4,0,0,0,17,22,0
20230311,서울특별시,11,성북구,11290,서울특별시,11,양천구,11470,0,4,4,0,0,0,0,0,6,12,0
20230311,서울특별시,11,성북구,11290,서울특별시,11,마포구,11440,0,8,0,0,3,0,0,0,15,17,0
20230311,서울특별시,11,성북구,11290,서울특별시,11,서대문구,11410,0,6,0,3,0,0,0,0,9,5,0
20230311,서울특별시,11,성북구,11290,서울특별시,11,은평구,11380,0,8,0,0,0,0,0,0,11,6,0
20230311,서울특별시,11,성북구,11290,서울특별시,11,노원구,11350,0,6,4,0,0,0,0,0,4,14,0
20230311,서울특별시,11,성북구,11290,서울특별시,11,도봉구,11320,0,4,0,0,0,0,0,0,9,6,0
20230311,서울특별시,11,성북구,11290,서울특별시,11,강북구,11305,0,4,3,0,0,0,0,0,8,5,0
20230311,서울특별시,11,성북구,11290,서울특별시,11,성북구,11290,0,10,11,0,4,0,3,3,46,16,0
20230311,서울특별시,11,성북구,11290,서울특별시,11,중랑구,11260,0,7,3,0,0,0,0,0,16,8,0
20230311,서울특별시,11,성북구,11290,서울특별시,11,동대문구,11230,0,6,3,0,0,0,0,0,13,14,0
20230311,서울특별시,11,성북구,11290,서울특별시,11,광진구,11215,0,10,0,0,0,0,0,0,11,8,0
20230311,서울특별시,11,성북구,11290,서울특별시,11,성동구,11200,0,17,8,6,3,0,0,0,49,30,0
20230311,서울특별시,11,성북구,11290,서울특별시,11,용산구,11170,0,7,0,6,3,0,0,0,11,5,0
20230311,서울특별시,11,성북구,11290,서울특별시,11,중구,11140,0,5,0,0,0,0,0,0,21,7,0
20230311,서울특별시,11,성북구,11290,서울특별시,11,종로구,11110,0,3,0,0,3,0,0,0,14,7,0
20230311,서울특별시,11,은평구,11380,서울특별시,11,노원구,11350,0,0,0,0,0,0,0,0,7,0,0
20230311,서울특별시,11,은평구,11380,서울특별시,11,은평구,11380,0,4,6,0,10,0,24,0,18,0,14
20230311,서울특별시,11,은평구,11380,서울특별시,11,서대문구,11410,0,0,4,0,0,0,3,0,8,0,0
20230311,서울특별시,11,은평구,11380,서울특별시,11,마포구,11440,0,8,4,0,0,0,0,0,9,3,0
20230311,서울특별시,11,은평구,11380,서울특별시,11,양천구,11470,0,4,0,0,0,0,0,0,7,5,0
20230311,서울특별시,11,은평구,11380,서울특별시,11,강서구,11500,0,5,0,4,0,0,0,0,12,4,0
20230311,서울특별시,11,은평구,11380,서울특별시,11,구로구,11530,0,0,0,0,0,0,0,0,11,0,0
20230311,서울특별시,11,은평구,11380,서울특별시,11,금천구,11545,0,5,0,0,3,0,0,0,23,6,0
20230311,서울특별시,11,양천구,11470,서울특별시,11,도봉구,11320,0,0,0,0,0,0,0,0,7,0,0
20230311,서울특별시,11,양천구,11470,서울특별시,11,노원구,11350,0,0,0,0,3,0,0,0,3,0,0
20230311,서울특별시,11,양천구,11470,서울특별시,11,은평구,11380,0,0,0,0,0,0,0,0,5,0,0
20230311,서울특별시,11,양천구,11470,서울특별시,11,서대문구,11410,0,0,0,0,0,0,0,0,4,0,0
20230311,서울특별시,11,양천구,11470,서울특별시,11,마포구,11440,0,6,0,0,0,0,0,0,7,0,0
20230311,서울특별시,11,양천구,11470,서울특별시,11,양천구,11470,0,10,0,3,0,0,7,0,6,3,0
20230311,서울특별시,11,양천구,11470,서울특별시,11,강서구,11500,0,5,8,3,4,0,11,0,24,0,0
20230311,서울특별시,11,양천구,11470,서울특별시,11,구로구,11530,0,4,4,6,4,0,0,0,8,0,0
20230311,서울특별시,11,금천구,11545,서울특별시,11,서대문구,11410,0,0,4,0,0,4,3,9,41,31,3
20230311,서울특별시,11,금천구,11545,서울특별시,11,은평구,11380,0,0,4,0,0,0,0,6,54,19,11
20230311,서울특별시,11,금천구,11545,서울특별시,11,노원구,11350,0,0,4,0,0,8,5,7,55,31,9
20230311,서울특별시,11,금천구,11545,서울특별시,11,도봉구,11320,0,0,0,0,0,0,0,4,31,17,3
20230311,서울특별시,11,금천구,11545,서울특별시,11,강북구,11305,0,0,0,0,0,0,0,0,21,16,3
20230311,서울특별시,11,금천구,11545,서울특별시,11,성북구,11290,0,7,5,0,3,4,7,11,48,34,10
20230311,서울특별시,11,금천구,11545,서울특별시,11,중랑구,11260,4,0,0,0,0,5,0,5,26,26,6
20230311,서울특별시,11,금천구,11545,서울특별시,11,동대문구,11230,0,0,4,14,6,3,0,11,52,159,8
20230311,서울특별시,11,금천구,11545,서울특별시,11,광진구,11215,0,0,7,0,5,4,0,0,35,28,9
20230311,서울특별시,11,금천구,11545,서울특별시,11,성동구,11200,0,5,8,0,8,7,3,9,58,32,17
20230311,서울특별시,11,금천구,11545,서울특별시,11,용산구,11170,0,5,7,3,6,3,0,5,29,11,9
20230311,서울특별시,11,금천구,11545,서울특별시,11,중구,11140,0,3,0,0,6,5,3,0,23,21,5
20230311,서울특별시,11,금천구,11545,서울특별시,11,종로구,11110,0,0,0,0,4,4,3,0,20,15,3
20230311,서울특별시,11,양천구,11470,서울특별시,11,금천구,11545,0,0,0,4,0,0,0,0,22,6,0
20230311,서울특별시,11,영등포구,11560,서울특별시,11,은평구,11380,0,3,0,0,5,0,5,0,8,0,0
20230311,서울특별시,11,영등포구,11560,서울특별시,11,노원구,11350,0,3,0,0,0,0,3,5,5,0,0
20230311,서울특별시,11,영등포구,11560,서울특별시,11,도봉구,11320,0,0,0,0,3,0,0,0,5,0,0
20230311,서울특별시,11,영등포구,11560,서울특별시,11,강북구,11305,0,0,0,0,3,0,0,0,5,0,0
20230311,서울특별시,11,영등포구,11560,서울특별시,11,성북구,11290,0,3,0,0,5,3,4,4,11,4,0
20230311,서울특별시,11,성동구,11200,서울특별시,11,강동구,11740,0,3,0,0,0,0,0,0,5,5,0
20230311,서울특별시,11,성동구,11200,서울특별시,11,송파구,11710,0,0,0,0,4,0,3,0,6,6,0
20230311,서울특별시,11,성동구,11200,서울특별시,11,강남구,11680,0,8,5,0,0,0,0,0,25,13,0
20230311,서울특별시,11,성동구,11200,서울특별시,11,서초구,11650,0,0,0,0,0,0,0,0,5,4,0
20230311,서울특별시,11,성동구,11200,서울특별시,11,관악구,11620,0,0,6,0,0,0,0,0,5,3,0
20230311,서울특별시,11,성동구,11200,서울특별시,11,동작구,11590,0,0,0,0,0,0,0,0,0,6,0
20230311,서울특별시,11,성동구,11200,서울특별시,11,영등포구,11560,0,6,3,0,0,0,0,0,11,3,0
20230311,서울특별시,11,성동구,11200,서울특별시,11,금천구,11545,0,0,0,0,0,0,0,0,15,9,0
20230311,서울특별시,11,성동구,11200,서울특별시,11,구로구,11530,0,0,0,0,0,0,0,0,6,0,0
20230311,서울특별시,11,성동구,11200,서울특별시,11,강서구,11500,0,3,0,0,0,0,0,0,9,5,0
20230311,서울특별시,11,성동구,11200,서울특별시,11,양천구,11470,0,7,4,0,0,0,0,0,8,6,0
20230311,서울특별시,11,성동구,11200,서울특별시,11,마포구,11440,0,4,3,3,0,0,0,0,4,8,0
20230311,서울특별시,11,성동구,11200,서울특별시,11,서대문구,11410,0,0,0,0,0,0,0,0,5,0,0
20230311,서울특별시,11,성동구,11200,서울특별시,11,은평구,11380,0,0,0,0,0,0,0,0,3,10,0
20230311,서울특별시,11,양천구,11470,서울특별시,11,영등포구,11560,0,7,4,0,0,0,0,0,3,0,0
20230311,서울특별시,11,강동구,11740,서울특별시,11,동대문구,11230,0,3,0,0,0,0,0,0,9,4,0
20230311,서울특별시,11,강동구,11740,서울특별시,11,중랑구,11260,0,4,0,0,0,0,0,0,3,5,0
20230311,서울특별시,11,강동구,11740,서울특별시,11,성북구,11290,0,8,0,0,0,0,0,0,27,7,0
20230311,서울특별시,11,강동구,11740,서울특별시,11,강북구,11305,0,0,0,0,0,0,0,0,10,3,0
20230311,서울특별시,11,강동구,11740,서울특별시,11,도봉구,11320,0,0,0,0,0,0,0,0,0,0,0
20230311,서울특별시,11,강동구,11740,서울특별시,11,노원구,11350,0,0,0,0,3,0,0,0,6,3,0
20230311,서울특별시,11,영등포구,11560,서울특별시,11,중랑구,11260,0,4,5,0,0,0,4,6,5,0,0
20230311,서울특별시,11,영등포구,11560,서울특별시,11,동대문구,11230,0,8,0,0,4,0,8,6,10,0,3
20230311,서울특별시,11,영등포구,11560,서울특별시,11,광진구,11215,0,5,0,0,6,0,5,0,3,0,0
20230311,서울특별시,11,영등포구,11560,서울특별시,11,성동구,11200,0,13,12,0,8,0,5,0,32,12,0
20230311,서울특별시,11,영등포구,11560,서울특별시,11,용산구,11170,0,3,4,7,3,0,10,0,9,0,0
20230311,서울특별시,11,영등포구,11560,서울특별시,11,중구,11140,0,3,0,0,4,0,5,0,12,0,4
20230311,서울특별시,11,양천구,11470,서울특별시,11,동작구,11590,0,3,0,0,0,0,0,0,5,0,0
20230311,서울특별시,11,양천구,11470,서울특별시,11,관악구,11620,0,0,0,0,0,0,0,0,5,0,0
20230311,서울특별시,11,양천구,11470,서울특별시,11,서초구,11650,0,8,5,0,0,0,0,0,9,0,0
20230311,서울특별시,11,양천구,11470,서울특별시,11,강남구,11680,0,17,5,0,0,0,0,0,14,5,0
20230311,서울특별시,11,송파구,11710,서울특별시,11,광진구,11215,0,9,11,0,5,0,12,0,12,0,3
20230311,서울특별시,11,송파구,11710,서울특별시,11,성동구,11200,0,24,24,7,0,0,16,0,69,31,0
20230311,서울특별시,11,서대문구,11410,서울특별시,11,종로구,11110,0,0,0,0,0,0,0,0,11,0,0
20230311,서울특별시,11,서대문구,11410,서울특별시,11,중구,11140,0,3,0,0,0,0,6,0,12,0,0
20230311,서울특별시,11,서대문구,11410,서울특별시,11,용산구,11170,0,0,0,3,0,0,0,0,6,0,0
20230311,서울특별시,11,서대문구,11410,서울특별시,11,성동구,11200,0,7,7,3,0,0,7,0,26,9,0
20230311,서울특별시,11,서대문구,11410,서울특별시,11,광진구,11215,0,0,0,0,4,0,5,0,10,0,0
20230311,서울특별시,11,서대문구,11410,서울특별시,11,동대문구,11230,0,3,0,0,0,0,3,0,7,0,0
20230311,서울특별시,11,서대문구,11410,서울특별시,11,중랑구,11260,0,3,0,0,0,0,0,0,5,0,0
20230311,서울특별시,11,서대문구,11410,서울특별시,11,성북구,11290,0,3,0,0,0,0,4,0,17,4,0
20230311,서울특별시,11,서대문구,11410,서울특별시,11,강북구,11305,0,0,0,0,0,0,7,0,4,0,0
20230311,서울특별시,11,서대문구,11410,서울특별시,11,도봉구,11320,0,0,0,0,0,0,6,0,4,0,0
20230311,서울특별시,11,서대문구,11410,서울특별시,11,노원구,11350,0,0,4,0,0,0,0,0,0,0,0
20230311,서울특별시,11,서대문구,11410,서울특별시,11,은평구,11380,0,0,4,0,0,0,0,0,10,0,0
20230311,서울특별시,11,서대문구,11410,서울특별시,11,서대문구,11410,0,5,7,0,0,3,0,0,9,3,0
20230311,서울특별시,11,강동구,11740,서울특별시,11,은평구,11380,0,0,0,0,0,0,0,0,0,3,0
20230311,서울특별시,11,강동구,11740,서울특별시,11,서대문구,11410,0,0,0,0,0,0,0,0,4,4,0
20230311,서울특별시,11,강동구,11740,서울특별시,11,마포구,11440,0,3,3,3,0,0,0,0,8,4,0
20230311,서울특별시,11,강동구,11740,서울특별시,11,양천구,11470,0,5,4,0,0,0,0,0,0,3,0
20230311,서울특별시,11,강동구,11740,서울특별시,11,강서구,11500,0,10,3,0,0,0,0,0,10,4,0
20230311,서울특별시,11,강동구,11740,서울특별시,11,구로구,11530,0,0,0,0,0,0,3,0,9,0,0
20230311,서울특별시,11,강동구,11740,서울특별시,11,금천구,11545,0,4,3,5,0,0,0,0,30,6,0
20230311,서울특별시,11,강동구,11740,서울특별시,11,영등포구,11560,0,8,0,0,0,0,0,0,5,3,0
20230311,서울특별시,11,강동구,11740,서울특별시,11,동작구,11590,0,0,0,0,0,0,0,0,3,4,0
20230311,서울특별시,11,강동구,11740,서울특별시,11,관악구,11620,0,0,4,0,0,0,0,0,6,3,0
20230311,서울특별시,11,강동구,11740,서울특별시,11,서초구,11650,0,5,4,0,0,0,0,0,4,4,0
20230311,서울특별시,11,강동구,11740,서울특별시,11,강남구,11680,0,21,7,0,0,0,0,0,17,0,3
20230311,서울특별시,11,강동구,11740,서울특별시,11,송파구,11710,0,4,7,3,0,0,7,0,9,3,0
20230311,서울특별시,11,강동구,11740,서울특별시,11,강동구,11740,0,13,3,4,0,3,15,0,10,9,0
20230311,서울특별시,11,영등포구,11560,서울특별시,11,종로구,11110,0,0,0,0,5,0,7,0,6,3,0
20230311,서울특별시,11,중구,11140,서울특별시,11,종로구,11110,0,6,0,0,12,0,0,0,4,0,0
20230311,서울특별시,11,중구,11140,서울특별시,11,중구,11140,0,34,3,0,16,0,3,0,12,4,0
20230311,서울특별시,11,중구,11140,서울특별시,11,용산구,11170,0,18,0,5,9,0,4,0,7,10,0
20230311,서울특별시,11,중구,11140,서울특별시,11,성동구,11200,0,15,3,0,8,0,0,0,24,7,4
20230311,서울특별시,11,중구,11140,서울특별시,11,광진구,11215,0,4,3,0,5,0,0,0,4,0,0
20230311,서울특별시,11,중구,11140,서울특별시,11,동대문구,11230,0,14,0,0,0,0,0,0,8,0,5
20230311,서울특별시,11,중구,11140,서울특별시,11,중랑구,11260,0,5,0,0,5,0,0,0,3,0,0
20230311,서울특별시,11,송파구,11710,서울특별시,11,용산구,11170,0,9,5,20,0,0,6,0,13,0,0
20230311,서울특별시,11,송파구,11710,서울특별시,11,중구,11140,0,18,6,3,0,0,9,0,38,5,0
20230311,서울특별시,11,송파구,11710,서울특별시,11,종로구,11110,0,5,3,0,0,0,3,0,16,6,0
20230311,서울특별시,11,양천구,11470,서울특별시,11,송파구,11710,0,7,4,0,0,3,0,0,6,0,0
20230311,서울특별시,11,양천구,11470,서울특별시,11,강동구,11740,0,0,0,0,0,0,0,0,0,4,0
20230311,서울특별시,11,은평구,11380,서울특별시,11,영등포구,11560,0,3,4,0,0,0,0,0,6,0,0
20230311,서울특별시,11,은평구,11380,서울특별시,11,동작구,11590,0,0,3,0,0,0,0,0,5,0,0
20230311,서울특별시,11,은평구,11380,서울특별시,11,관악구,11620,0,0,0,0,0,0,0,0,5,0,0
20230311,서울특별시,11,은평구,11380,서울특별시,11,서초구,11650,0,0,3,0,0,0,0,0,10,0,0
20230311,서울특별시,11,은평구,11380,서울특별시,11,강남구,11680,0,20,3,0,0,0,3,0,9,0,0
20230311,서울특별시,11,중구,11140,서울특별시,11,성북구,11290,0,9,0,0,9,0,0,0,12,4,5
20230311,서울특별시,11,은평구,11380,서울특별시,11,송파구,11710,0,0,0,0,0,3,0,0,7,0,0
20230311,서울특별시,11,은평구,11380,서울특별시,11,강동구,11740,0,0,3,0,0,0,0,0,8,0,0
20230311,서울특별시,11,노원구,11350,서울특별시,11,강동구,11740,0,5,3,0,0,0,0,0,5,4,0
20230311,서울특별시,11,노원구,11350,서울특별시,11,송파구,11710,0,0,5,0,4,0,0,0,11,0,0
20230311,서울특별시,11,노원구,11350,서울특별시,11,강남구,11680,0,12,5,0,7,0,0,0,7,0,0
20230311,서울특별시,11,강서구,11500,서울특별시,11,강남구,11680,3,23,7,5,22,0,0,0,25,31,3
20230311,서울특별시,11,노원구,11350,서울특별시,11,서초구,11650,0,3,0,0,3,0,0,0,6,0,0
20230311,서울특별시,11,노원구,11350,서울특별시,11,관악구,11620,4,0,4,0,0,0,0,0,5,0,0
20230311,서울특별시,11,노원구,11350,서울특별시,11,동작구,11590,0,0,4,3,3,0,0,0,6,0,0
20230311,서울특별시,11,노원구,11350,서울특별시,11,영등포구,11560,0,5,0,0,4,0,0,0,0,0,0
20230311,서울특별시,11,중구,11140,서울특별시,11,강북구,11305,0,0,0,0,0,0,0,0,3,0,0
20230311,서울특별시,11,중구,11140,서울특별시,11,도봉구,11320,0,0,3,0,0,0,0,0,0,0,0
20230311,서울특별시,11,중구,11140,서울특별시,11,노원구,11350,0,6,0,0,12,0,0,0,6,0,4
20230311,서울특별시,11,중구,11140,서울특별시,11,은평구,11380,0,0,0,0,11,0,0,0,7,0,3
20230311,서울특별시,11,중구,11140,서울특별시,11,서대문구,11410,0,0,0,0,3,0,3,0,7,0,0
20230311,서울특별시,11,중구,11140,서울특별시,11,마포구,11440,0,13,0,3,9,0,0,0,7,3,4
20230311,서울특별시,11,중구,11140,서울특별시,11,양천구,11470,0,0,0,0,5,0,0,0,18,0,3
20230311,서울특별시,11,중구,11140,서울특별시,11,강서구,11500,0,0,0,0,19,0,0,0,3,0,0
20230311,서울특별시,11,중구,11140,서울특별시,11,구로구,11530,0,3,3,3,10,0,0,0,7,0,0
20230311,서울특별시,11,중구,11140,서울특별시,11,금천구,11545,0,0,0,0,9,0,0,0,7,4,0
20230311,서울특별시,11,중구,11140,서울특별시,11,영등포구,11560,0,3,6,0,10,0,0,0,3,0,0
20230311,서울특별시,11,중구,11140,서울특별시,11,동작구,11590,0,3,0,0,4,0,0,0,4,0,0
20230311,서울특별시,11,중구,11140,서울특별시,11,관악구,11620,0,0,0,0,4,0,0,0,3,0,0
20230311,서울특별시,11,중구,11140,서울특별시,11,서초구,11650,0,3,4,3,18,0,0,0,7,0,0
20230311,서울특별시,11,중구,11140,서울특별시,11,강남구,11680,0,8,8,3,47,0,0,0,11,0,5
20230311,서울특별시,11,중구,11140,서울특별시,11,송파구,11710,0,0,0,0,13,0,0,0,8,0,4
20230311,서울특별시,11,중구,11140,서울특별시,11,강동구,11740,0,3,3,0,7,0,0,0,5,4,3
20230311,서울특별시,11,강북구,11305,서울특별시,11,종로구,11110,0,0,0,0,0,0,0,0,5,0,0
20230312,서울특별시,11,서초구,11650,서울특별시,11,광진구,11215,0,0,0,0,0,0,0,0,0,0,0
20230312,서울특별시,11,서초구,11650,서울특별시,11,성북구,11290,0,0,0,0,0,0,3,0,0,0,0
20230312,서울특별시,11,서초구,11650,서울특별시,11,강북구,11305,0,0,0,0,0,0,4,0,0,0,0
20230312,서울특별시,11,서초구,11650,서울특별시,11,도봉구,11320,0,0,0,0,0,0,0,0,0,0,0
20230312,서울특별시,11,서초구,11650,서울특별시,11,노원구,11350,0,0,0,0,0,0,0,0,0,0,0
20230312,서울특별시,11,서초구,11650,서울특별시,11,은평구,11380,0,0,0,0,0,0,3,0,0,0,0
20230312,서울특별시,11,서초구,11650,서울특별시,11,서대문구,11410,0,0,0,0,0,0,0,0,0,0,0
20230312,서울특별시,11,서초구,11650,서울특별시,11,마포구,11440,0,0,0,0,0,0,3,0,0,0,0
20230312,서울특별시,11,서초구,11650,서울특별시,11,양천구,11470,0,0,0,0,0,0,3,0,0,0,0
20230312,서울특별시,11,서초구,11650,서울특별시,11,강서구,11500,0,0,0,0,0,0,7,0,0,0,0
20230312,서울특별시,11,서초구,11650,서울특별시,11,구로구,11530,0,0,0,0,0,0,3,0,0,0,0
20230312,서울특별시,11,서초구,11650,서울특별시,11,금천구,11545,0,0,0,0,0,0,6,0,0,0,0
20230312,서울특별시,11,성동구,11200,서울특별시,11,강동구,11740,0,0,0,0,0,0,0,0,5,0,0
20230312,서울특별시,11,성동구,11200,서울특별시,11,송파구,11710,0,0,0,0,0,0,0,0,13,0,0
20230312,서울특별시,11,성동구,11200,서울특별시,11,강남구,11680,0,0,0,0,0,0,0,0,10,0,0
20230312,서울특별시,11,성동구,11200,서울특별시,11,서초구,11650,0,0,0,0,0,0,0,0,7,0,0
20230312,서울특별시,11,성동구,11200,서울특별시,11,관악구,11620,0,0,0,0,0,0,0,0,0,0,0
20230312,서울특별시,11,성동구,11200,서울특별시,11,동작구,11590,0,0,0,0,0,0,0,0,0,0,0
20230312,서울특별시,11,성동구,11200,서울특별시,11,영등포구,11560,0,0,0,0,0,0,0,0,0,0,0
20230312,서울특별시,11,성동구,11200,서울특별시,11,금천구,11545,0,0,0,0,0,0,0,0,0,0,0
20230312,서울특별시,11,성동구,11200,서울특별시,11,강서구,11500,0,3,0,0,0,0,0,0,7,0,0
20230312,서울특별시,11,성동구,11200,서울특별시,11,양천구,11470,0,0,0,0,0,0,0,0,6,0,0
20230312,서울특별시,11,성동구,11200,서울특별시,11,마포구,11440,0,0,0,0,0,0,0,0,0,0,0
20230312,서울특별시,11,성동구,11200,서울특별시,11,서대문구,11410,0,0,0,0,0,0,0,0,3,0,0
20230312,서울특별시,11,성동구,11200,서울특별시,11,은평구,11380,0,0,0,0,0,0,0,0,0,0,0
20230312,서울특별시,11,성동구,11200,서울특별시,11,노원구,11350,0,0,0,0,0,0,0,0,4,0,0
20230312,서울특별시,11,성동구,11200,서울특별시,11,도봉구,11320,0,0,0,0,0,0,0,0,4,0,0
20230312,서울특별시,11,성동구,11200,서울특별시,11,강북구,11305,0,0,0,0,0,0,0,0,0,0,0
20230312,서울특별시,11,성동구,11200,서울특별시,11,성북구,11290,0,0,0,0,19,0,17,0,0,0,240
20230312,서울특별시,11,성동구,11200,서울특별시,11,중랑구,11260,0,0,0,0,0,0,0,0,0,0,0
20230312,서울특별시,11,성동구,11200,서울특별시,11,동대문구,11230,0,0,0,0,24,0,12,0,5,0,210
20230312,서울특별시,11,성동구,11200,서울특별시,11,광진구,11215,0,0,0,0,0,0,0,0,3,0,0
20230312,서울특별시,11,성동구,11200,서울특별시,11,성동구,11200,0,0,0,0,0,0,0,0,6,0,0
20230312,서울특별시,11,성동구,11200,서울특별시,11,용산구,11170,0,0,0,0,0,0,0,0,4,0,0
20230312,서울특별시,11,성동구,11200,서울특별시,11,중구,11140,0,0,0,0,10,0,8,0,0,0,78
20230312,서울특별시,11,성동구,11200,서울특별시,11,종로구,11110,0,0,0,0,6,0,6,0,0,0,80
20230312,서울특별시,11,서초구,11650,서울특별시,11,영등포구,11560,0,0,0,0,0,0,5,0,0,0,0
20230312,서울특별시,11,서초구,11650,서울특별시,11,동작구,11590,0,0,0,0,0,0,12,0,0,0,0
20230312,서울특별시,11,서초구,11650,서울특별시,11,관악구,11620,0,0,0,0,0,0,11,0,0,0,0
20230312,서울특별시,11,서초구,11650,서울특별시,11,서초구,11650,0,21,0,0,11,0,131,0,0,0,0
20230312,서울특별시,11,서초구,11650,서울특별시,11,강남구,11680,0,0,0,0,0,0,11,0,0,0,0
20230312,서울특별시,11,서초구,11650,서울특별시,11,송파구,11710,0,0,0,0,0,0,3,0,0,0,0
20230312,서울특별시,11,서초구,11650,서울특별시,11,강동구,11740,0,0,0,0,0,0,3,0,0,0,0
20230312,서울특별시,11,종로구,11110,서울특별시,11,영등포구,11560,0,0,0,0,0,0,0,0,0,0,0
20230312,서울특별시,11,종로구,11110,서울특별시,11,강서구,11500,0,0,0,0,0,0,0,0,0,0,0
20230312,서울특별시,11,종로구,11110,서울특별시,11,마포구,11440,0,0,0,0,0,0,0,0,0,0,0
20230312,서울특별시,11,종로구,11110,서울특별시,11,서대문구,11410,0,0,0,0,0,0,0,0,0,0,0
20230312,서울특별시,11,종로구,11110,서울특별시,11,은평구,11380,0,0,0,0,0,0,0,0,0,0,0
20230312,서울특별시,11,종로구,11110,서울특별시,11,성북구,11290,0,0,0,0,0,0,0,0,0,0,0
20230312,서울특별시,11,종로구,11110,서울특별시,11,중구,11140,0,0,0,0,0,0,0,0,0,0,0
20230312,서울특별시,11,강서구,11500,서울특별시,11,강동구,11740,0,4,0,0,0,0,0,0,9,13,6
20230312,서울특별시,11,강서구,11500,서울특별시,11,송파구,11710,0,13,0,0,0,0,0,0,23,33,14
20230312,서울특별시,11,강서구,11500,서울특별시,11,강남구,11680,0,13,0,0,0,0,0,0,22,69,28
20230312,서울특별시,11,강서구,11500,서울특별시,11,서초구,11650,0,19,0,0,0,0,0,3,14,31,33
20230312,서울특별시,11,강서구,11500,서울특별시,11,관악구,11620,0,18,0,0,0,0,0,0,11,18,13
20230312,서울특별시,11,강서구,11500,서울특별시,11,동작구,11590,0,11,0,0,0,0,0,0,3,692,7
20230312,서울특별시,11,강서구,11500,서울특별시,11,영등포구,11560,0,10,0,0,0,0,0,0,10,49,14
20230312,서울특별시,11,강서구,11500,서울특별시,11,금천구,11545,0,4,0,0,0,0,0,0,3,7,7
20230312,서울특별시,11,강서구,11500,서울특별시,11,구로구,11530,0,0,0,0,3,0,0,3,8,15,9
20230312,서울특별시,11,강서구,11500,서울특별시,11,강서구,11500,0,0,0,0,0,0,0,0,9,20,12
20230312,서울특별시,11,강서구,11500,서울특별시,11,양천구,11470,0,5,0,0,0,0,0,0,4,12,8
20230312,서울특별시,11,강서구,11500,서울특별시,11,마포구,11440,0,5,0,0,0,0,0,0,23,65,15
20230312,서울특별시,11,강서구,11500,서울특별시,11,서대문구,11410,0,6,0,3,4,0,4,0,38,11,12
20230312,서울특별시,11,강서구,11500,서울특별시,11,은평구,11380,0,0,0,0,0,0,0,0,4,9,10
20230312,서울특별시,11,강서구,11500,서울특별시,11,노원구,11350,0,0,0,0,0,0,0,0,11,10,10
20230312,서울특별시,11,강서구,11500,서울특별시,11,도봉구,11320,0,0,0,0,0,0,0,0,4,9,0
20230312,서울특별시,11,강서구,11500,서울특별시,11,강북구,11305,0,5,0,0,0,0,0,0,7,31,0
20230312,서울특별시,11,강서구,11500,서울특별시,11,성북구,11290,0,3,6,0,0,0,0,0,7,22,5
20230312,서울특별시,11,강서구,11500,서울특별시,11,중랑구,11260,0,3,0,0,0,0,0,0,5,14,8
20230312,서울특별시,11,강서구,11500,서울특별시,11,동대문구,11230,0,3,0,0,0,0,0,0,22,86,9
20230312,서울특별시,11,강서구,11500,서울특별시,11,광진구,11215,0,4,0,0,0,0,0,0,9,70,5
20230312,서울특별시,11,강서구,11500,서울특별시,11,성동구,11200,0,7,0,0,0,0,0,0,15,14,14
20230312,서울특별시,11,강서구,11500,서울특별시,11,용산구,11170,0,7,0,0,4,0,0,5,7,23,23
20230312,서울특별시,11,강서구,11500,서울특별시,11,중구,11140,0,5,0,0,0,0,0,0,12,70,9
20230312,서울특별시,11,강서구,11500,서울특별시,11,종로구,11110,0,4,0,4,7,6,16,0,110,21,22
20230312,서울특별시,11,금천구,11545,서울특별시,11,종로구,11110,0,0,0,0,0,0,0,0,5,3,3
20230312,서울특별시,11,금천구,11545,서울특별시,11,중구,11140,0,0,0,0,0,4,0,0,18,4,4
20230312,서울특별시,11,금천구,11545,서울특별시,11,용산구,11170,0,0,0,0,0,0,0,4,8,7,4
20230312,서울특별시,11,금천구,11545,서울특별시,11,성동구,11200,0,0,0,0,3,0,0,6,5,8,6
20230312,서울특별시,11,금천구,11545,서울특별시,11,광진구,11215,0,0,0,0,0,4,0,3,20,12,7
20230312,서울특별시,11,금천구,11545,서울특별시,11,동대문구,11230,0,0,0,0,0,3,0,0,16,13,4
20230312,서울특별시,11,금천구,11545,서울특별시,11,중랑구,11260,0,0,0,0,3,0,6,0,11,4,0
20230312,서울특별시,11,금천구,11545,서울특별시,11,성북구,11290,0,0,0,0,0,0,0,4,25,6,7
20230312,서울특별시,11,금천구,11545,서울특별시,11,강북구,11305,0,0,0,0,0,0,0,3,6,8,5
20230312,서울특별시,11,금천구,11545,서울특별시,11,도봉구,11320,0,0,0,0,0,0,0,4,18,12,0
20230312,서울특별시,11,금천구,11545,서울특별시,11,노원구,11350,0,0,0,0,0,0,0,5,19,8,0
20230312,서울특별시,11,금천구,11545,서울특별시,11,은평구,11380,0,0,0,0,3,0,0,7,16,11,6
20230312,서울특별시,11,금천구,11545,서울특별시,11,서대문구,11410,0,0,0,0,0,0,3,5,18,11,3
20230312,서울특별시,11,금천구,11545,서울특별시,11,마포구,11440,0,0,0,0,0,0,0,10,27,6,10
20230312,서울특별시,11,금천구,11545,서울특별시,11,양천구,11470,0,0,0,0,0,3,0,3,31,13,6
20230312,서울특별시,11,금천구,11545,서울특별시,11,강서구,11500,0,0,0,0,0,0,0,4,36,10,13
20230312,서울특별시,11,금천구,11545,서울특별시,11,구로구,11530,0,0,0,0,0,0,0,8,21,6,3
20230312,서울특별시,11,금천구,11545,서울특별시,11,금천구,11545,0,0,0,0,0,0,0,0,6,7,7
20230312,서울특별시,11,금천구,11545,서울특별시,11,영등포구,11560,0,0,0,0,0,3,0,0,21,17,11
20230312,서울특별시,11,금천구,11545,서울특별시,11,동작구,11590,0,0,0,0,0,0,0,0,12,7,0
20230312,서울특별시,11,금천구,11545,서울특별시,11,관악구,11620,0,0,0,0,0,0,0,6,22,15,6
20230312,서울특별시,11,금천구,11545,서울특별시,11,서초구,11650,0,0,0,0,0,0,3,4,30,12,11
20230312,서울특별시,11,금천구,11545,서울특별시,11,강남구,11680,0,0,0,0,0,3,7,5,33,12,24
20230312,서울특별시,11,금천구,11545,서울특별시,11,송파구,11710,0,0,0,0,0,3,6,12,40,19,12
20230312,서울특별시,11,금천구,11545,서울특별시,11,강동구,11740,0,0,0,0,3,3,3,9,29,14,6
20230312,서울특별시,11,영등포구,11560,서울특별시,11,종로구,11110,0,0,0,0,0,0,0,0,0,0,0
20230312,서울특별시,11,영등포구,11560,서울특별시,11,광진구,11215,0,0,0,0,5,0,0,0,0,0,0
20230312,서울특별시,11,영등포구,11560,서울특별시,11,동대문구,11230,0,0,0,0,4,0,0,0,0,0,0
20230312,서울특별시,11,영등포구,11560,서울특별시,11,중랑구,11260,0,0,0,0,3,0,0,0,0,0,0
20230312,서울특별시,11,영등포구,11560,서울특별시,11,성북구,11290,0,0,0,0,0,0,0,0,0,0,0
20230312,서울특별시,11,영등포구,11560,서울특별시,11,노원구,11350,0,0,0,0,16,0,0,0,0,0,0
20230312,서울특별시,11,영등포구,11560,서울특별시,11,은평구,11380,0,0,0,0,0,0,0,0,0,0,0
20230312,서울특별시,11,영등포구,11560,서울특별시,11,강서구,11500,0,0,0,0,0,0,0,0,0,0,0
20230312,서울특별시,11,영등포구,11560,서울특별시,11,구로구,11530,0,0,0,0,23,0,0,0,0,0,0
20230312,서울특별시,11,영등포구,11560,서울특별시,11,동작구,11590,0,0,0,0,0,0,0,0,0,0,0
20230312,서울특별시,11,영등포구,11560,서울특별시,11,관악구,11620,0,0,0,0,8,0,0,0,0,0,0
20230312,서울특별시,11,영등포구,11560,서울특별시,11,서초구,11650,0,0,0,0,0,0,0,0,0,0,0
20230312,서울특별시,11,영등포구,11560,서울특별시,11,강남구,11680,0,0,0,0,0,0,0,0,0,0,0
20230312,서울특별시,11,영등포구,11560,서울특별시,11,강동구,11740,0,0,0,0,0,0,0,0,0,0,0
20230312,서울특별시,11,동대문구,11230,서울특별시,11,송파구,11710,0,0,0,0,0,0,0,0,0,0,0
20230312,서울특별시,11,동대문구,11230,서울특별시,11,관악구,11620,0,8,0,0,0,0,0,0,0,0,0
20230312,서울특별시,11,동대문구,11230,서울특별시,11,구로구,11530,0,8,0,0,0,0,0,0,0,0,0
20230312,서울특별시,11,동대문구,11230,서울특별시,11,용산구,11170,0,3,0,0,0,0,0,0,0,0,0
20230312,서울특별시,11,노원구,11350,서울특별시,11,강동구,11740,0,0,0,0,0,0,0,0,0,0,0
20230312,서울특별시,11,노원구,11350,서울특별시,11,송파구,11710,0,0,0,0,0,0,0,0,0,0,0
20230312,서울특별시,11,노원구,11350,서울특별시,11,서초구,11650,0,0,0,0,0,0,0,0,0,0,0
20230312,서울특별시,11,노원구,11350,서울특별시,11,관악구,11620,0,0,0,0,0,0,0,0,0,0,0
20230312,서울특별시,11,노원구,11350,서울특별시,11,은평구,11380,0,0,0,0,0,0,0,0,0,0,0
20230312,서울특별시,11,노원구,11350,서울특별시,11,중랑구,11260,0,0,0,0,0,0,0,0,0,0,0
20230312,서울특별시,11,노원구,11350,서울특별시,11,성동구,11200,0,0,0,0,0,0,0,0,0,0,0
20230312,서울특별시,11,구로구,11530,서울특별시,11,강동구,11740,0,0,0,0,0,0,0,0,0,0,0
20230312,서울특별시,11,구로구,11530,서울특별시,11,송파구,11710,0,0,0,0,0,0,0,0,4,0,0
20230312,서울특별시,11,구로구,11530,서울특별시,11,강남구,11680,0,0,0,0,0,0,0,0,3,0,0
20230312,서울특별시,11,구로구,11530,서울특별시,11,서초구,11650,0,0,0,0,0,0,0,0,3,0,0
20230312,서울특별시,11,구로구,11530,서울특별시,11,관악구,11620,0,0,0,0,0,0,0,0,3,0,0
20230312,서울특별시,11,구로구,11530,서울특별시,11,동작구,11590,0,0,0,0,0,0,0,0,3,0,0
20230312,서울특별시,11,구로구,11530,서울특별시,11,영등포구,11560,0,0,0,0,0,0,0,0,3,0,0
20230312,서울특별시,11,구로구,11530,서울특별시,11,금천구,11545,0,0,0,0,0,0,0,0,0,0,0
20230312,서울특별시,11,구로구,11530,서울특별시,11,구로구,11530,0,0,0,0,0,0,9,0,4,0,0
20230312,서울특별시,11,구로구,11530,서울특별시,11,강서구,11500,0,0,0,0,0,0,0,0,6,0,0
20230312,서울특별시,11,구로구,11530,서울특별시,11,양천구,11470,0,0,0,0,0,0,0,0,0,0,0
20230312,서울특별시,11,구로구,11530,서울특별시,11,은평구,11380,0,0,0,0,0,0,0,0,0,0,0
20230312,서울특별시,11,구로구,11530,서울특별시,11,노원구,11350,0,0,0,0,0,0,0,0,3,0,0
20230312,서울특별시,11,구로구,11530,서울특별시,11,도봉구,11320,0,0,0,0,0,0,0,0,0,0,0
20230312,서울특별시,11,구로구,11530,서울특별시,11,강북구,11305,0,0,0,0,0,0,0,0,0,0,0
20230312,서울특별시,11,구로구,11530,서울특별시,11,성북구,11290,0,0,0,0,0,0,0,0,0,0,0
20230312,서울특별시,11,구로구,11530,서울특별시,11,광진구,11215,0,0,0,0,0,0,0,0,0,0,0
20230312,서울특별시,11,구로구,11530,서울특별시,11,성동구,11200,0,0,0,0,0,0,0,0,0,0,0
20230312,서울특별시,11,구로구,11530,서울특별시,11,용산구,11170,0,0,0,0,0,0,0,0,0,0,0
20230312,서울특별시,11,구로구,11530,서울특별시,11,중구,11140,0,0,0,0,0,0,0,0,0,0,0
20230312,서울특별시,11,구로구,11530,서울특별시,11,종로구,11110,0,0,0,0,0,0,0,0,0,0,0
20230312,서울특별시,11,강동구,11740,서울특별시,11,종로구,11110,0,0,0,0,0,0,0,0,0,0,0
20230312,서울특별시,11,강동구,11740,서울특별시,11,광진구,11215,0,0,0,0,0,0,0,0,0,0,0
20230312,서울특별시,11,강동구,11740,서울특별시,11,중랑구,11260,0,0,0,0,0,0,0,0,0,0,0
20230312,서울특별시,11,강동구,11740,서울특별시,11,성북구,11290,0,0,0,0,0,0,0,0,0,0,0
20230312,서울특별시,11,강동구,11740,서울특별시,11,강북구,11305,0,0,0,0,0,0,0,0,0,0,0
20230312,서울특별시,11,은평구,11380,서울특별시,11,종로구,11110,0,0,0,0,0,0,0,0,0,0,0
20230312,서울특별시,11,은평구,11380,서울특별시,11,중구,11140,0,0,0,0,0,0,0,0,0,0,0
20230312,서울특별시,11,은평구,11380,서울특별시,11,용산구,11170,0,0,0,0,0,0,0,0,0,0,0
20230312,서울특별시,11,은평구,11380,서울특별시,11,성동구,11200,0,0,0,0,0,0,0,0,0,0,0
20230312,서울특별시,11,은평구,11380,서울특별시,11,광진구,11215,0,0,0,0,0,0,0,0,0,0,3
20230312,서울특별시,11,은평구,11380,서울특별시,11,마포구,11440,0,0,0,0,0,0,0,0,0,0,0
20230312,서울특별시,11,은평구,11380,서울특별시,11,구로구,11530,0,0,0,0,0,0,0,0,0,0,0
20230312,서울특별시,11,은평구,11380,서울특별시,11,영등포구,11560,0,0,0,0,0,0,0,0,0,0,0
20230312,서울특별시,11,은평구,11380,서울특별시,11,동작구,11590,0,0,0,0,0,0,0,0,0,0,0
20230312,서울특별시,11,은평구,11380,서울특별시,11,관악구,11620,0,0,0,0,0,0,0,0,0,0,0
20230312,서울특별시,11,은평구,11380,서울특별시,11,서초구,11650,0,0,0,0,0,0,0,0,0,0,0
20230312,서울특별시,11,은평구,11380,서울특별시,11,강남구,11680,0,0,0,0,0,0,0,0,0,0,0
20230312,서울특별시,11,은평구,11380,서울특별시,11,송파구,11710,0,0,0,0,0,0,0,0,0,0,4
20230312,서울특별시,11,은평구,11380,서울특별시,11,강동구,11740,0,0,0,0,0,0,0,0,0,0,0
20230312,서울특별시,11,성북구,11290,서울특별시,11,종로구,11110,0,0,0,0,0,0,0,0,0,0,0
20230312,서울특별시,11,성북구,11290,서울특별시,11,중구,11140,0,0,0,0,0,0,0,0,0,0,0
20230312,서울특별시,11,성북구,11290,서울특별시,11,용산구,11170,0,0,0,0,0,0,0,0,0,3,0
20230312,서울특별시,11,성북구,11290,서울특별시,11,성동구,11200,0,0,0,0,0,0,0,0,0,3,0
20230312,서울특별시,11,성북구,11290,서울특별시,11,광진구,11215,0,0,0,0,3,0,0,0,10,0,0
20230312,서울특별시,11,성북구,11290,서울특별시,11,동대문구,11230,0,0,0,0,0,0,0,0,5,6,0
20230312,서울특별시,11,강동구,11740,서울특별시,11,은평구,11380,0,0,0,0,0,0,0,0,0,0,0
20230312,서울특별시,11,강동구,11740,서울특별시,11,서대문구,11410,0,0,0,0,0,0,0,0,0,0,0
20230312,서울특별시,11,강동구,11740,서울특별시,11,양천구,11470,0,0,0,0,0,0,0,0,0,0,0
20230312,서울특별시,11,강동구,11740,서울특별시,11,영등포구,11560,0,0,0,0,0,0,0,0,0,0,0
20230312,서울특별시,11,강동구,11740,서울특별시,11,관악구,11620,0,0,0,0,0,0,0,0,0,0,0
20230312,서울특별시,11,강동구,11740,서울특별시,11,강남구,11680,0,0,0,0,0,0,0,0,0,0,0
20230312,서울특별시,11,강동구,11740,서울특별시,11,송파구,11710,0,0,0,0,0,0,0,0,0,0,0
20230312,서울특별시,11,성북구,11290,서울특별시,11,중랑구,11260,0,0,0,0,0,0,0,0,0,3,0
20230312,서울특별시,11,성북구,11290,서울특별시,11,성북구,11290,0,0,0,0,0,0,0,0,6,0,0
20230312,서울특별시,11,성북구,11290,서울특별시,11,강북구,11305,0,4,0,0,0,0,0,0,0,4,0
20230312,서울특별시,11,성북구,11290,서울특별시,11,도봉구,11320,0,0,0,0,0,0,0,0,3,4,0
20230312,서울특별시,11,성북구,11290,서울특별시,11,노원구,11350,0,0,0,0,0,0,0,0,6,5,0
20230312,서울특별시,11,성북구,11290,서울특별시,11,은평구,11380,0,0,0,0,0,0,0,0,8,0,0
20230312,서울특별시,11,성북구,11290,서울특별시,11,서대문구,11410,0,0,0,0,0,0,0,0,3,4,0
20230312,서울특별시,11,성북구,11290,서울특별시,11,마포구,11440,0,0,0,0,0,0,0,0,6,4,0
20230312,서울특별시,11,성북구,11290,서울특별시,11,양천구,11470,0,0,0,0,0,0,0,0,0,0,0
20230312,서울특별시,11,성북구,11290,서울특별시,11,강서구,11500,0,4,0,0,3,0,0,0,6,6,0
20230312,서울특별시,11,성북구,11290,서울특별시,11,구로구,11530,0,0,0,0,0,0,0,0,8,4,0
20230312,서울특별시,11,성북구,11290,서울특별시,11,금천구,11545,0,0,0,0,0,0,0,0,7,0,0
20230312,서울특별시,11,성북구,11290,서울특별시,11,영등포구,11560,0,3,0,0,0,0,0,0,4,3,0
20230312,서울특별시,11,성북구,11290,서울특별시,11,동작구,11590,3,0,0,0,0,0,0,0,6,0,0
20230312,서울특별시,11,성북구,11290,서울특별시,11,관악구,11620,0,0,0,0,0,0,0,0,7,8,0
20230312,서울특별시,11,성북구,11290,서울특별시,11,서초구,11650,0,3,0,0,0,0,0,0,0,7,0
20230312,서울특별시,11,성북구,11290,서울특별시,11,강남구,11680,0,0,0,0,7,0,0,0,11,6,0
20230312,서울특별시,11,성북구,11290,서울특별시,11,송파구,11710,0,0,0,0,0,0,0,0,11,4,0
20230312,서울특별시,11,성북구,11290,서울특별시,11,강동구,11740,0,3,0,0,0,0,0,0,3,0,0
20230312,서울특별시,11,용산구,11170,서울특별시,11,중구,11140,0,0,0,0,0,0,0,0,0,0,0
20230312,서울특별시,11,용산구,11170,서울특별시,11,강북구,11305,0,0,0,0,0,0,0,0,0,0,0
20230312,서울특별시,11,용산구,11170,서울특별시,11,강서구,11500,0,0,0,0,0,0,0,0,0,0,0
20230312,서울특별시,11,용산구,11170,서울특별시,11,영등포구,11560,0,0,0,0,0,0,0,0,0,0,0
20230312,서울특별시,11,용산구,11170,서울특별시,11,동작구,11590,0,0,0,0,0,0,0,0,0,0,0
20230312,서울특별시,11,송파구,11710,서울특별시,11,종로구,11110,0,0,6,0,4,0,0,0,0,0,0
20230312,서울특별시,11,송파구,11710,서울특별시,11,중구,11140,0,3,3,0,4,0,0,0,0,0,0
20230312,서울특별시,11,송파구,11710,서울특별시,11,용산구,11170,0,0,0,0,0,0,0,0,0,0,0
20230312,서울특별시,11,송파구,11710,서울특별시,11,성동구,11200,0,0,3,0,3,0,0,0,0,0,0
20230312,서울특별시,11,송파구,11710,서울특별시,11,광진구,11215,0,0,5,0,3,0,0,0,0,0,0
20230312,서울특별시,11,송파구,11710,서울특별시,11,동대문구,11230,0,0,5,0,0,0,0,3,0,0,0
20230312,서울특별시,11,송파구,11710,서울특별시,11,중랑구,11260,0,0,3,0,6,0,0,3,0,0,0
20230312,서울특별시,11,송파구,11710,서울특별시,11,성북구,11290,0,0,0,0,5,0,0,3,0,0,0
20230312,서울특별시,11,송파구,11710,서울특별시,11,강북구,11305,0,0,0,0,0,0,0,0,0,0,0
20230312,서울특별시,11,송파구,11710,서울특별시,11,도봉구,11320,0,0,0,0,0,0,0,0,0,0,0
20230312,서울특별시,11,송파구,11710,서울특별시,11,노원구,11350,0,3,6,0,0,0,0,3,0,0,0
20230312,서울특별시,11,송파구,11710,서울특별시,11,은평구,11380,0,0,4,0,4,0,0,4,0,0,0
20230312,서울특별시,11,송파구,11710,서울특별시,11,서대문구,11410,0,0,6,0,0,0,0,0,0,0,0
20230312,서울특별시,11,송파구,11710,서울특별시,11,마포구,11440,0,0,0,0,5,0,0,0,0,0,0
20230312,서울특별시,11,송파구,11710,서울특별시,11,양천구,11470,0,0,0,0,3,0,0,0,0,0,0
20230312,서울특별시,11,송파구,11710,서울특별시,11,강서구,11500,0,0,8,0,7,0,0,9,0,0,0
20230312,서울특별시,11,송파구,11710,서울특별시,11,구로구,11530,0,0,0,0,0,0,3,4,0,0,0
20230312,서울특별시,11,송파구,11710,서울특별시,11,금천구,11545,0,0,3,0,3,0,0,0,0,0,0
20230312,서울특별시,11,송파구,11710,서울특별시,11,영등포구,11560,0,4,9,0,4,0,0,4,0,0,0
20230312,서울특별시,11,송파구,11710,서울특별시,11,동작구,11590,0,0,4,0,0,0,0,0,0,0,0
20230312,서울특별시,11,송파구,11710,서울특별시,11,관악구,11620,0,0,5,0,0,0,0,0,0,0,0
20230312,서울특별시,11,송파구,11710,서울특별시,11,서초구,11650,0,3,4,0,8,0,0,4,0,0,0
20230312,서울특별시,11,송파구,11710,서울특별시,11,강남구,11680,0,4,11,0,7,0,0,8,0,0,0
20230312,서울특별시,11,송파구,11710,서울특별시,11,송파구,11710,0,0,6,0,0,0,0,6,0,0,0
20230312,서울특별시,11,송파구,11710,서울특별시,11,강동구,11740,0,0,8,0,0,0,0,6,0,0,0
20230312,서울특별시,11,강남구,11680,서울특별시,11,강동구,11740,0,0,0,0,0,0,0,0,0,0,0
20230312,서울특별시,11,강남구,11680,서울특별시,11,송파구,11710,0,0,0,0,37,0,45,0,0,0,314
20230312,서울특별시,11,강남구,11680,서울특별시,11,강남구,11680,0,0,0,0,28,3,41,0,3,0,300
20230312,서울특별시,11,강남구,11680,서울특별시,11,서초구,11650,0,0,0,0,10,3,27,0,3,0,229
20230312,서울특별시,11,강남구,11680,서울특별시,11,관악구,11620,0,0,0,0,0,0,4,0,0,0,0
20230312,서울특별시,11,강남구,11680,서울특별시,11,동작구,11590,0,0,0,0,0,0,3,0,0,0,0
20230312,서울특별시,11,강남구,11680,서울특별시,11,영등포구,11560,0,0,0,0,3,0,4,0,0,0,0
20230312,서울특별시,11,강남구,11680,서울특별시,11,금천구,11545,0,0,0,0,0,0,6,0,0,0,0
20230312,서울특별시,11,강남구,11680,서울특별시,11,구로구,11530,0,0,0,0,0,0,6,0,0,0,0
20230312,서울특별시,11,강남구,11680,서울특별시,11,강서구,11500,0,0,0,0,4,0,6,0,0,0,0
20230312,서울특별시,11,강남구,11680,서울특별시,11,양천구,11470,0,0,0,0,0,3,4,0,4,0,0
20230312,서울특별시,11,강남구,11680,서울특별시,11,마포구,11440,0,0,0,0,3,0,5,0,0,0,0
20230312,서울특별시,11,강남구,11680,서울특별시,11,서대문구,11410,0,0,0,0,0,0,4,0,0,0,0
20230312,서울특별시,11,강남구,11680,서울특별시,11,은평구,11380,0,0,0,0,0,0,6,0,0,0,0
20230312,서울특별시,11,강남구,11680,서울특별시,11,노원구,11350,0,0,0,0,0,0,3,0,0,0,0
20230312,서울특별시,11,강남구,11680,서울특별시,11,도봉구,11320,0,0,0,0,0,0,3,0,0,0,0
20230312,서울특별시,11,강남구,11680,서울특별시,11,강북구,11305,0,0,0,0,0,0,9,0,0,0,0
20230312,서울특별시,11,강남구,11680,서울특별시,11,성북구,11290,0,0,0,0,0,4,4,0,0,0,0
20230312,서울특별시,11,강남구,11680,서울특별시,11,중랑구,11260,0,0,0,0,0,0,5,0,0,0,0
20230312,서울특별시,11,강남구,11680,서울특별시,11,동대문구,11230,0,0,0,0,0,0,4,0,0,0,0
20230312,서울특별시,11,강남구,11680,서울특별시,11,광진구,11215,0,0,0,0,0,0,9,0,0,0,0
20230312,서울특별시,11,강남구,11680,서울특별시,11,성동구,11200,0,0,0,0,0,0,6,0,4,0,0
20230312,서울특별시,11,강남구,11680,서울특별시,11,용산구,11170,0,0,0,0,0,0,4,0,0,0,0
20230312,서울특별시,11,강남구,11680,서울특별시,11,중구,11140,0,0,0,0,0,0,6,0,0,0,0
20230312,서울특별시,11,강남구,11680,서울특별시,11,종로구,11110,0,0,0,0,0,0,0,0,0,0,0
20230312,서울특별시,11,중구,11140,서울특별시,11,강동구,11740,0,0,0,0,0,0,0,0,0,0,0
20230312,서울특별시,11,중구,11140,서울특별시,11,서초구,11650,0,0,0,0,0,0,0,0,0,0,0
20230312,서울특별시,11,중구,11140,서울특별시,11,영등포구,11560,0,0,0,0,0,0,0,0,0,0,0
20230312,서울특별시,11,중구,11140,서울특별시,11,마포구,11440,0,0,0,0,0,0,0,0,0,0,0
20230312,서울특별시,11,중구,11140,서울특별시,11,서대문구,11410,0,0,0,0,0,0,0,0,0,0,0
20230312,서울특별시,11,중구,11140,서울특별시,11,성동구,11200,0,3,0,0,0,0,0,0,0,0,0
20230312,서울특별시,11,중구,11140,서울특별시,11,용산구,11170,0,15,0,0,0,0,0,0,0,0,0
20230312,서울특별시,11,중구,11140,서울특별시,11,중구,11140,0,12,0,0,0,0,0,0,0,0,0
20230312,서울특별시,11,중구,11140,서울특별시,11,종로구,11110,0,12,0,0,0,0,0,0,0,0,0
20230312,서울특별시,11,관악구,11620,서울특별시,11,관악구,11620,0,0,0,0,33,0,21,0,0,0,220
20230312,서울특별시,11,관악구,11620,서울특별시,11,동작구,11590,0,0,0,0,22,0,17,0,0,0,206
20230312,서울특별시,11,관악구,11620,서울특별시,11,금천구,11545,0,0,0,0,15,0,11,0,0,0,97
20230312,서울특별시,11,광진구,11215,서울특별시,11,종로구,11110,0,0,0,0,0,0,0,0,0,0,0
20230312,서울특별시,11,광진구,11215,서울특별시,11,동대문구,11230,0,0,0,0,0,0,0,0,0,0,0
20230312,서울특별시,11,광진구,11215,서울특별시,11,중랑구,11260,0,0,0,0,0,0,0,0,0,0,0
20230312,서울특별시,11,광진구,11215,서울특별시,11,강서구,11500,0,0,0,0,0,0,0,0,0,0,0
20230312,서울특별시,11,서대문구,11410,서울특별시,11,성동구,11200,0,0,0,0,0,0,0,0,0,0,0
20230312,서울특별시,11,서대문구,11410,서울특별시,11,광진구,11215,0,0,0,0,0,0,0,0,0,0,0
20230312,서울특별시,11,서대문구,11410,서울특별시,11,동대문구,11230,0,0,0,0,0,0,0,0,0,0,0
20230312,서울특별시,11,서대문구,11410,서울특별시,11,강북구,11305,0,0,0,0,0,0,0,0,0,0,0
20230312,서울특별시,11,중랑구,11260,서울특별시,11,광진구,11215,0,0,0,0,0,0,0,0,0,0,0
20230312,서울특별시,11,중랑구,11260,서울특별시,11,성북구,11290,0,0,0,0,0,0,0,0,0,0,0
20230312,서울특별시,11,중랑구,11260,서울특별시,11,강북구,11305,0,0,0,0,0,0,0,0,0,0,0
20230312,서울특별시,11,중랑구,11260,서울특별시,11,노원구,11350,0,0,0,0,0,0,0,0,0,0,0
20230312,서울특별시,11,중랑구,11260,서울특별시,11,은평구,11380,0,0,0,0,0,0,0,0,0,0,0
20230312,서울특별시,11,중랑구,11260,서울특별시,11,서대문구,11410,0,0,0,0,0,0,0,0,0,0,0
20230312,서울특별시,11,중랑구,11260,서울특별시,11,양천구,11470,0,0,0,0,0,0,0,0,0,0,0
20230312,서울특별시,11,중랑구,11260,서울특별시,11,강서구,11500,0,0,0,0,0,0,0,0,0,0,0
20230312,서울특별시,11,중랑구,11260,서울특별시,11,송파구,11710,0,0,0,0,0,0,0,0,0,3,0
20230312,서울특별시,11,서대문구,11410,서울특별시,11,도봉구,11320,0,0,0,0,0,0,0,0,0,0,0
20230312,서울특별시,11,서대문구,11410,서울특별시,11,노원구,11350,0,0,0,0,0,0,0,0,0,0,0
20230312,서울특별시,11,서대문구,11410,서울특별시,11,은평구,11380,0,0,0,0,0,0,0,0,0,0,0
20230312,서울특별시,11,서대문구,11410,서울특별시,11,서대문구,11410,0,0,0,0,0,0,0,0,0,0,0
20230312,서울특별시,11,서대문구,11410,서울특별시,11,마포구,11440,0,0,0,0,0,0,0,0,0,0,0
20230312,서울특별시,11,서대문구,11410,서울특별시,11,양천구,11470,0,0,0,0,0,0,0,0,3,0,0
20230312,서울특별시,11,서대문구,11410,서울특별시,11,구로구,11530,0,0,0,0,0,0,0,0,0,0,0
20230312,서울특별시,11,서대문구,11410,서울특별시,11,관악구,11620,0,0,0,0,0,0,0,0,0,0,0
20230312,서울특별시,11,서대문구,11410,서울특별시,11,서초구,11650,0,0,0,0,0,0,0,0,0,0,0
20230312,서울특별시,11,서대문구,11410,서울특별시,11,강남구,11680,0,0,0,0,0,0,0,0,0,0,0
20230312,서울특별시,11,서대문구,11410,서울특별시,11,송파구,11710,0,0,0,0,0,0,0,0,0,0,0
20230312,서울특별시,11,도봉구,11320,서울특별시,11,서초구,11650,0,0,0,0,0,0,0,0,0,0,0
20230312,서울특별시,11,도봉구,11320,서울특별시,11,강남구,11680,0,0,0,0,0,0,0,0,0,0,0
20230312,서울특별시,11,서초구,11650,서울특별시,11,중구,11140,0,0,0,0,0,0,0,0,0,0,0
20230312,서울특별시,11,서초구,11650,서울특별시,11,용산구,11170,0,0,0,0,0,0,5,0,0,0,0
20230312,서울특별시,11,서초구,11650,서울특별시,11,성동구,11200,0,0,0,0,0,0,4,0,0,0,0
20230312,서울특별시,11,서초구,11650,서울특별시,11,동대문구,11230,0,0,0,0,0,0,4,0,0,0,0
20230313,서울특별시,11,양천구,11470,서울특별시,11,구로구,11530,5,28,26,34,72,4,25,3,36,31,18
20230313,서울특별시,11,양천구,11470,서울특별시,11,금천구,11545,0,14,8,31,40,9,18,0,44,51,15
20230313,서울특별시,11,양천구,11470,서울특별시,11,영등포구,11560,5,11,28,32,68,8,32,5,44,36,18
20230313,서울특별시,11,양천구,11470,서울특별시,11,동작구,11590,5,19,13,38,61,3,30,0,39,26,18
20230313,서울특별시,11,양천구,11470,서울특별시,11,관악구,11620,5,25,18,48,73,0,27,0,45,36,25
20230313,서울특별시,11,양천구,11470,서울특별시,11,서초구,11650,7,22,14,50,69,10,26,4,38,30,23
20230313,서울특별시,11,양천구,11470,서울특별시,11,강남구,11680,5,49,37,71,123,14,58,3,57,49,26
20230313,서울특별시,11,서초구,11650,서울특별시,11,금천구,11545,9,44,21,20,61,6,50,7,60,28,28
20230313,서울특별시,11,서초구,11650,서울특별시,11,구로구,11530,11,62,45,35,82,8,89,10,57,29,26
20230313,서울특별시,11,서초구,11650,서울특별시,11,강서구,11500,13,90,86,36,127,8,108,23,115,42,52
20230313,서울특별시,11,은평구,11380,서울특별시,11,광진구,11215,3,14,5,8,39,14,37,0,22,12,37
20230313,서울특별시,11,은평구,11380,서울특별시,11,동대문구,11230,0,3,12,0,58,10,41,0,23,9,33
20230313,서울특별시,11,은평구,11380,서울특별시,11,중랑구,11260,0,9,0,6,42,10,46,3,28,4,34
20230313,서울특별시,11,은평구,11380,서울특별시,11,성북구,11290,5,22,7,3,49,9,57,0,49,12,29
20230313,서울특별시,11,양천구,11470,서울특별시,11,송파구,11710,3,37,20,54,108,18,58,0,70,42,26
20230313,서울특별시,11,서초구,11650,서울특별시,11,성동구,11200,7,97,67,27,76,10,61,14,146,40,35
20230313,서울특별시,11,서초구,11650,서울특별시,11,용산구,11170,10,62,47,39,53,10,80,7,60,14,37
20230313,서울특별시,11,서초구,11650,서울특별시,11,중구,11140,9,54,20,23,29,3,50,4,75,21,17
20230313,서울특별시,11,서초구,11650,서울특별시,11,종로구,11110,9,43,22,17,40,0,61,4,39,13,12
20230313,서울특별시,11,강남구,11680,서울특별시,11,강동구,11740,23,135,49,46,111,26,97,12,272,126,113
20230313,서울특별시,11,강남구,11680,서울특별시,11,송파구,11710,34,292,82,94,221,46,200,21,519,193,381
20230313,서울특별시,11,강남구,11680,서울특별시,11,강남구,11680,41,438,177,110,285,36,365,19,674,285,458
20230313,서울특별시,11,강남구,11680,서울특별시,11,서초구,11650,30,255,105,59,172,30,164,22,399,165,273
20230313,서울특별시,11,강남구,11680,서울특별시,11,관악구,11620,26,129,40,51,133,26,130,11,402,124,131
20230313,서울특별시,11,강남구,11680,서울특별시,11,동작구,11590,20,118,42,54,118,10,100,8,285,115,114
20230313,서울특별시,11,강남구,11680,서울특별시,11,영등포구,11560,23,159,33,57,129,23,108,9,301,106,117
20230313,서울특별시,11,강남구,11680,서울특별시,11,금천구,11545,6,95,17,37,77,16,46,10,202,83,60
20230313,서울특별시,11,강남구,11680,서울특별시,11,구로구,11530,18,84,39,41,120,24,90,13,282,112,108
20230313,서울특별시,11,강남구,11680,서울특별시,11,강서구,11500,38,197,50,64,182,38,166,31,443,182,177
20230313,서울특별시,11,강남구,11680,서울특별시,11,양천구,11470,29,134,38,37,107,25,104,9,300,92,96
20230313,서울특별시,11,강남구,11680,서울특별시,11,마포구,11440,33,166,61,50,151,17,135,10,312,159,115
20230313,서울특별시,11,강남구,11680,서울특별시,11,서대문구,11410,10,114,30,42,92,14,99,8,251,96,91
20230313,서울특별시,11,영등포구,11560,서울특별시,11,강동구,11740,13,94,9,33,66,10,37,8,81,58,39
20230313,서울특별시,11,영등포구,11560,서울특별시,11,송파구,11710,26,131,32,80,132,11,56,6,127,72,56
20230313,서울특별시,11,영등포구,11560,서울특별시,11,강남구,11680,25,161,43,70,122,11,83,5,138,51,60
20230313,서울특별시,11,영등포구,11560,서울특별시,11,서초구,11650,27,114,29,43,95,14,68,4,88,45,28
20230313,서울특별시,11,영등포구,11560,서울특별시,11,관악구,11620,20,74,20,36,100,10,38,5,144,58,63
20230313,서울특별시,11,영등포구,11560,서울특별시,11,동작구,11590,13,63,28,33,52,10,31,0,100,49,37
20230313,서울특별시,11,영등포구,11560,서울특별시,11,영등포구,11560,18,107,59,44,80,8,76,7,115,49,63
20230313,서울특별시,11,영등포구,11560,서울특별시,11,금천구,11545,13,55,23,22,49,5,26,0,73,38,28
20230313,서울특별시,11,영등포구,11560,서울특별시,11,구로구,11530,15,75,38,40,81,9,34,3,69,41,45
20230313,서울특별시,11,영등포구,11560,서울특별시,11,강서구,11500,24,121,29,41,111,11,41,3,116,61,51
20230313,서울특별시,11,영등포구,11560,서울특별시,11,양천구,11470,19,85,22,46,79,4,28,0,96,45,38
20230313,서울특별시,11,영등포구,11560,서울특별시,11,마포구,11440,28,101,33,54,87,9,55,3,111,39,33
20230313,서울특별시,11,영등포구,11560,서울특별시,11,서대문구,11410,13,57,24,25,56,3,42,0,83,43,26
20230313,서울특별시,11,영등포구,11560,서울특별시,11,은평구,11380,21,58,14,25,73,7,36,0,71,37,46
20230313,서울특별시,11,영등포구,11560,서울특별시,11,노원구,11350,15,61,17,42,69,7,38,5,87,46,29
20230313,서울특별시,11,영등포구,11560,서울특별시,11,도봉구,11320,7,45,5,23,37,4,23,4,48,28,30
20230313,서울특별시,11,영등포구,11560,서울특별시,11,강북구,11305,8,39,12,22,33,0,21,0,63,32,44
20230313,서울특별시,11,영등포구,11560,서울특별시,11,성북구,11290,14,92,15,33,67,5,31,5,112,66,41
20230313,서울특별시,11,영등포구,11560,서울특별시,11,중랑구,11260,9,82,12,29,54,4,37,0,62,44,38
20230313,서울특별시,11,영등포구,11560,서울특별시,11,동대문구,11230,21,68,14,37,72,5,30,5,98,46,41
20230313,서울특별시,11,영등포구,11560,서울특별시,11,광진구,11215,11,60,16,32,60,3,31,4,113,42,33
20230313,서울특별시,11,영등포구,11560,서울특별시,11,성동구,11200,17,89,40,38,69,5,39,6,115,78,34
20230313,서울특별시,11,영등포구,11560,서울특별시,11,용산구,11170,17,40,11,27,49,0,37,3,65,39,25
20230313,서울특별시,11,영등포구,11560,서울특별시,11,중구,11140,10,78,14,19,47,25,38,0,68,39,21
20230313,서울특별시,11,영등포구,11560,서울특별시,11,종로구,11110,7,50,18,17,43,3,18,3,60,35,23
20230313,서울특별시,11,도봉구,11320,서울특별시,11,강동구,11740,7,30,5,35,45,19,22,9,138,32,9
20230313,서울특별시,11,도봉구,11320,서울특별시,11,송파구,11710,10,68,12,58,75,31,32,4,228,41,13
20230313,서울특별시,11,도봉구,11320,서울특별시,11,강남구,11680,11,48,10,58,107,21,50,12,161,48,24
20230313,서울특별시,11,도봉구,11320,서울특별시,11,서초구,11650,7,29,14,39,47,15,35,3,126,26,12
20230313,서울특별시,11,도봉구,11320,서울특별시,11,관악구,11620,15,33,6,54,49,12,27,0,192,44,21
20230313,서울특별시,11,도봉구,11320,서울특별시,11,동작구,11590,6,24,5,37,36,14,15,6,125,32,13
20230313,서울특별시,11,도봉구,11320,서울특별시,11,영등포구,11560,9,20,12,38,38,9,24,8,133,26,11
20230313,서울특별시,11,도봉구,11320,서울특별시,11,금천구,11545,3,14,0,35,28,12,7,0,91,30,6
20230313,서울특별시,11,도봉구,11320,서울특별시,11,구로구,11530,3,36,5,48,43,11,15,3,126,35,10
20230313,서울특별시,11,도봉구,11320,서울특별시,11,강서구,11500,17,52,9,54,64,9,21,6,181,43,12
20230313,서울특별시,11,도봉구,11320,서울특별시,11,양천구,11470,6,20,7,36,48,12,19,6,139,34,7
20230313,서울특별시,11,도봉구,11320,서울특별시,11,마포구,11440,6,37,12,33,54,12,36,5,118,22,8
20230313,서울특별시,11,도봉구,11320,서울특별시,11,서대문구,11410,6,12,9,31,32,0,15,4,100,24,9
20230313,서울특별시,11,도봉구,11320,서울특별시,11,은평구,11380,16,28,7,41,41,10,31,0,170,34,8
20230313,서울특별시,11,도봉구,11320,서울특별시,11,노원구,11350,6,27,29,47,47,17,24,6,178,42,12
20230313,서울특별시,11,도봉구,11320,서울특별시,11,도봉구,11320,4,23,21,29,21,4,28,0,101,20,12
20230313,서울특별시,11,도봉구,11320,서울특별시,11,강북구,11305,5,18,14,23,36,4,17,0,110,18,7
20230313,서울특별시,11,도봉구,11320,서울특별시,11,성북구,11290,6,31,18,48,46,10,21,6,150,38,11
20230313,서울특별시,11,도봉구,11320,서울특별시,11,중랑구,11260,7,16,7,39,31,13,12,3,122,28,9
20230313,서울특별시,11,도봉구,11320,서울특별시,11,동대문구,11230,8,25,9,35,22,10,28,5,134,27,5
20230313,서울특별시,11,도봉구,11320,서울특별시,11,광진구,11215,3,21,3,31,36,12,23,4,104,27,7
20230313,서울특별시,11,도봉구,11320,서울특별시,11,성동구,11200,4,16,16,26,19,4,24,7,102,34,5
20230313,서울특별시,11,도봉구,11320,서울특별시,11,용산구,11170,5,17,0,24,33,6,16,3,72,23,5
20230313,서울특별시,11,도봉구,11320,서울특별시,11,중구,11140,4,9,5,15,18,4,17,0,74,19,3
20230313,서울특별시,11,도봉구,11320,서울특별시,11,종로구,11110,6,21,3,16,22,3,12,0,58,16,3
20230313,서울특별시,11,동작구,11590,서울특별시,11,종로구,11110,6,10,38,15,21,7,24,0,39,12,11
20230313,서울특별시,11,동작구,11590,서울특별시,11,중구,11140,6,16,29,19,17,0,28,3,52,14,13
20230313,서울특별시,11,동작구,11590,서울특별시,11,용산구,11170,12,15,21,23,29,6,35,0,45,13,19
20230313,서울특별시,11,동작구,11590,서울특별시,11,성동구,11200,8,36,49,27,62,7,35,11,111,38,32
20230313,서울특별시,11,동작구,11590,서울특별시,11,광진구,11215,3,17,32,18,41,9,34,4,71,22,34
20230313,서울특별시,11,동작구,11590,서울특별시,11,동대문구,11230,0,11,43,20,50,3,45,9,54,19,33
20230313,서울특별시,11,동작구,11590,서울특별시,11,중랑구,11260,14,12,15,18,34,9,37,8,67,15,25
20230313,서울특별시,11,동작구,11590,서울특별시,11,성북구,11290,8,13,33,26,59,12,54,6,75,28,26
20230313,서울특별시,11,동작구,11590,서울특별시,11,강북구,11305,8,7,12,10,30,3,24,5,52,16,30
20230313,서울특별시,11,동작구,11590,서울특별시,11,도봉구,11320,4,9,12,14,31,6,24,10,59,10,21
20230313,서울특별시,11,동작구,11590,서울특별시,11,노원구,11350,5,12,39,16,60,9,35,18,89,21,40
20230313,서울특별시,11,동작구,11590,서울특별시,11,은평구,11380,8,9,24,26,53,7,56,10,71,18,26
20230313,서울특별시,11,동작구,11590,서울특별시,11,서대문구,11410,11,19,37,21,42,9,40,19,72,15,26
20230313,서울특별시,11,동작구,11590,서울특별시,11,마포구,11440,12,19,50,36,57,6,64,8,77,28,35
20230313,서울특별시,11,동작구,11590,서울특별시,11,양천구,11470,8,25,38,23,42,6,48,15,65,24,30
20230313,서울특별시,11,동작구,11590,서울특별시,11,강서구,11500,17,28,38,34,75,16,78,18,105,34,42
20230313,서울특별시,11,동작구,11590,서울특별시,11,구로구,11530,7,12,25,26,60,7,49,12,64,14,30
20230313,서울특별시,11,동작구,11590,서울특별시,11,금천구,11545,0,13,23,22,36,7,54,6,57,18,16
20230313,서울특별시,11,동작구,11590,서울특별시,11,영등포구,11560,6,20,39,35,56,15,59,14,67,21,24
20230313,서울특별시,11,동작구,11590,서울특별시,11,동작구,11590,7,18,48,45,53,8,90,6,91,30,25
20230313,서울특별시,11,동작구,11590,서울특별시,11,관악구,11620,13,31,63,44,66,15,67,8,115,33,47
20230313,서울특별시,11,동작구,11590,서울특별시,11,서초구,11650,18,21,46,29,48,7,50,11,95,31,40
20230313,서울특별시,11,동작구,11590,서울특별시,11,강남구,11680,22,40,82,50,93,27,68,17,92,43,64
20230313,서울특별시,11,양천구,11470,서울특별시,11,강동구,11740,0,14,13,42,51,7,29,0,35,41,15
20230313,서울특별시,11,동작구,11590,서울특별시,11,송파구,11710,26,29,52,49,56,11,77,18,109,39,73
20230313,서울특별시,11,동작구,11590,서울특별시,11,강동구,11740,10,20,19,14,61,5,46,10,91,26,37
20230313,서울특별시,11,강남구,11680,서울특별시,11,은평구,11380,18,106,30,36,110,26,112,12,290,109,123
20230313,서울특별시,11,강남구,11680,서울특별시,11,노원구,11350,9,134,42,50,147,13,130,10,310,100,113
20230313,서울특별시,11,강남구,11680,서울특별시,11,도봉구,11320,11,60,18,26,81,8,80,7,165,50,65
20230313,서울특별시,11,강남구,11680,서울특별시,11,강북구,11305,8,67,16,35,77,11,62,5,178,67,73
20230313,서울특별시,11,강남구,11680,서울특별시,11,성북구,11290,26,152,35,45,122,30,136,13,336,110,115
20230313,서울특별시,11,강남구,11680,서울특별시,11,중랑구,11260,21,79,20,38,79,18,64,8,247,78,94
20230313,서울특별시,11,강남구,11680,서울특별시,11,동대문구,11230,8,121,24,47,89,15,79,13,290,81,105
20230313,서울특별시,11,강남구,11680,서울특별시,11,광진구,11215,15,105,41,39,105,20,95,7,306,87,106
20230313,서울특별시,11,강남구,11680,서울특별시,11,성동구,11200,19,173,90,43,103,26,103,6,393,142,118
20230313,서울특별시,11,강남구,11680,서울특별시,11,용산구,11170,24,110,29,51,100,10,83,4,188,82,93
20230313,서울특별시,11,강남구,11680,서울특별시,11,중구,11140,19,113,35,33,63,6,80,5,153,63,58
20230313,서울특별시,11,강남구,11680,서울특별시,11,종로구,11110,8,70,24,29,67,11,89,9,154,47,40
20230313,서울특별시,11,노원구,11350,서울특별시,11,종로구,11110,8,11,4,14,45,0,37,10,24,8,5
20230313,서울특별시,11,노원구,11350,서울특별시,11,중구,11140,0,8,3,10,34,0,23,10,39,10,8
20230313,서울특별시,11,노원구,11350,서울특별시,11,용산구,11170,7,13,10,22,41,6,27,10,31,12,19
20230313,서울특별시,11,노원구,11350,서울특별시,11,성동구,11200,7,27,14,13,42,4,39,17,78,28,17
20230313,서울특별시,11,서대문구,11410,서울특별시,11,도봉구,11320,8,19,10,25,31,6,19,15,39,17,9
20230313,서울특별시,11,서대문구,11410,서울특별시,11,노원구,11350,9,21,17,66,52,6,14,20,86,26,16
20230313,서울특별시,11,서대문구,11410,서울특별시,11,은평구,11380,5,22,17,54,63,7,14,20,89,38,11
20230313,서울특별시,11,서대문구,11410,서울특별시,11,서대문구,11410,4,22,16,47,35,0,37,9,65,20,12
20230313,서울특별시,11,노원구,11350,서울특별시,11,광진구,11215,9,15,8,10,56,7,37,9,61,19,11
20230313,서울특별시,11,노원구,11350,서울특별시,11,동대문구,11230,6,15,9,24,44,4,36,25,59,8,26
20230313,서울특별시,11,노원구,11350,서울특별시,11,중랑구,11260,3,19,14,29,51,5,30,25,78,23,21
20230313,서울특별시,11,노원구,11350,서울특별시,11,성북구,11290,8,22,21,23,66,5,45,26,95,21,26
20230313,서울특별시,11,노원구,11350,서울특별시,11,강북구,11305,5,7,8,11,42,7,44,20,52,16,16
20230313,서울특별시,11,노원구,11350,서울특별시,11,도봉구,11320,9,9,18,15,34,0,36,22,48,15,18
20230313,서울특별시,11,노원구,11350,서울특별시,11,노원구,11350,12,26,26,26,85,5,90,32,107,22,25
20230313,서울특별시,11,노원구,11350,서울특별시,11,은평구,11380,7,15,7,21,78,11,36,36,69,22,27
20230313,서울특별시,11,노원구,11350,서울특별시,11,서대문구,11410,11,23,5,16,52,6,35,18,53,11,21
20230313,서울특별시,11,은평구,11380,서울특별시,11,강북구,11305,0,14,5,0,27,12,30,0,14,7,21
20230313,서울특별시,11,은평구,11380,서울특별시,11,도봉구,11320,0,8,7,8,41,6,21,3,30,11,24
20230313,서울특별시,11,은평구,11380,서울특별시,11,노원구,11350,3,16,14,3,46,9,90,3,23,4,34
20230313,서울특별시,11,은평구,11380,서울특별시,11,은평구,11380,0,15,15,6,47,18,85,4,47,15,41
20230313,서울특별시,11,은평구,11380,서울특별시,11,서대문구,11410,0,15,15,6,39,17,43,0,25,12,25
20230313,서울특별시,11,은평구,11380,서울특별시,11,마포구,11440,5,16,10,4,44,17,49,4,35,14,28
20230313,서울특별시,11,은평구,11380,서울특별시,11,양천구,11470,0,20,12,0,48,14,64,0,27,16,39
20230313,서울특별시,11,은평구,11380,서울특별시,11,강서구,11500,6,21,24,13,74,26,62,3,48,11,44
20230313,서울특별시,11,은평구,11380,서울특별시,11,구로구,11530,0,12,15,0,44,17,64,0,16,11,40
20230313,서울특별시,11,은평구,11380,서울특별시,11,금천구,11545,4,13,9,0,31,9,36,0,36,23,21
20230313,서울특별시,11,은평구,11380,서울특별시,11,영등포구,11560,3,17,11,10,49,22,33,0,36,14,37
20230313,서울특별시,11,은평구,11380,서울특별시,11,동작구,11590,3,18,9,8,44,12,60,3,26,11,29
20230313,서울특별시,11,은평구,11380,서울특별시,11,관악구,11620,5,10,17,8,54,13,74,3,36,11,56
20230313,서울특별시,11,은평구,11380,서울특별시,11,서초구,11650,5,20,14,6,37,19,52,6,39,7,29
20230313,서울특별시,11,은평구,11380,서울특별시,11,강남구,11680,11,33,21,10,57,28,60,0,45,15,35
20230313,서울특별시,11,은평구,11380,서울특별시,11,송파구,11710,7,28,13,8,74,28,79,5,38,18,50
20230313,서울특별시,11,은평구,11380,서울특별시,11,강동구,11740,3,18,7,8,59,12,62,3,23,28,36
20230313,서울특별시,11,서대문구,11410,서울특별시,11,마포구,11440,10,35,19,59,60,13,23,17,91,37,15
20230313,서울특별시,11,서대문구,11410,서울특별시,11,양천구,11470,3,30,17,54,46,7,7,10,63,32,14
20230313,서울특별시,11,서대문구,11410,서울특별시,11,강서구,11500,8,36,21,84,79,15,16,13,88,44,24
20230313,서울특별시,11,서대문구,11410,서울특별시,11,구로구,11530,7,24,12,65,67,8,10,25,67,31,16
20230313,서울특별시,11,용산구,11170,서울특별시,11,종로구,11110,8,26,11,211,23,6,22,4,37,17,10
20230313,서울특별시,11,용산구,11170,서울특별시,11,중구,11140,4,41,13,228,28,7,15,6,62,28,13
20230313,서울특별시,11,용산구,11170,서울특별시,11,용산구,11170,3,47,19,353,52,4,48,0,88,16,11
20230313,서울특별시,11,용산구,11170,서울특별시,11,성동구,11200,3,57,21,309,32,12,26,6,130,47,13
20230313,서울특별시,11,용산구,11170,서울특별시,11,광진구,11215,6,48,8,301,52,3,39,5,68,24,10
20230313,서울특별시,11,용산구,11170,서울특별시,11,동대문구,11230,6,34,11,293,37,4,26,6,71,24,12
20230313,서울특별시,11,용산구,11170,서울특별시,11,중랑구,11260,6,37,9,255,28,5,30,8,70,23,12
20230313,서울특별시,11,용산구,11170,서울특별시,11,성북구,11290,9,46,13,361,38,7,45,7,75,26,13
20230313,서울특별시,11,용산구,11170,서울특별시,11,강북구,11305,3,31,3,191,29,5,19,5,47,14,11
20230313,서울특별시,11,용산구,11170,서울특별시,11,도봉구,11320,3,39,6,182,26,3,33,4,35,12,12
20230313,서울특별시,11,용산구,11170,서울특별시,11,노원구,11350,10,52,14,356,46,8,50,9,83,38,18
20230313,서울특별시,11,용산구,11170,서울특별시,11,은평구,11380,3,46,10,297,48,5,37,7,52,32,20
20230313,서울특별시,11,용산구,11170,서울특별시,11,서대문구,11410,6,50,10,280,39,4,24,8,64,19,14
20230313,서울특별시,11,용산구,11170,서울특별시,11,마포구,11440,12,50,17,410,57,10,47,14,126,42,12
20230313,서울특별시,11,용산구,11170,서울특별시,11,양천구,11470,5,69,7,286,58,3,39,4,68,38,18
20230313,서울특별시,11,용산구,11170,서울특별시,11,강서구,11500,12,73,15,508,71,10,37,4,102,53,19
20230313,서울특별시,11,용산구,11170,서울특별시,11,구로구,11530,6,57,18,398,50,6,35,7,63,22,15
20230313,서울특별시,11,용산구,11170,서울특별시,11,금천구,11545,9,112,8,384,40,0,23,0,46,22,12
20230313,서울특별시,11,용산구,11170,서울특별시,11,영등포구,11560,5,62,15,450,50,13,30,6,82,39,22
20230313,서울특별시,11,용산구,11170,서울특별시,11,동작구,11590,4,42,9,291,42,9,28,7,78,28,13
20230313,서울특별시,11,금천구,11545,서울특별시,11,강동구,11740,19,67,34,67,83,47,78,32,224,114,210
20230313,서울특별시,11,금천구,11545,서울특별시,11,송파구,11710,48,102,42,143,158,104,124,38,322,158,376
20230313,서울특별시,11,금천구,11545,서울특별시,11,강남구,11680,36,173,66,149,194,102,144,30,319,162,393
20230313,서울특별시,11,금천구,11545,서울특별시,11,서초구,11650,19,100,44,106,107,82,91,20,221,119,263
20230313,서울특별시,11,금천구,11545,서울특별시,11,관악구,11620,21,71,44,133,122,33,100,20,287,122,247
20230313,서울특별시,11,금천구,11545,서울특별시,11,동작구,11590,29,52,29,86,76,47,68,19,205,78,228
20230313,서울특별시,11,금천구,11545,서울특별시,11,영등포구,11560,20,88,34,92,107,45,71,18,212,105,302
20230313,서울특별시,11,금천구,11545,서울특별시,11,금천구,11545,25,42,18,53,75,26,52,12,132,74,143
20230313,서울특별시,11,금천구,11545,서울특별시,11,구로구,11530,31,60,34,77,101,32,64,20,171,84,219
20230313,서울특별시,11,금천구,11545,서울특별시,11,강서구,11500,33,86,42,129,135,54,118,25,271,138,370
20230313,서울특별시,11,금천구,11545,서울특별시,11,양천구,11470,23,55,29,73,100,50,60,18,201,86,231
20230313,서울특별시,11,금천구,11545,서울특별시,11,마포구,11440,34,64,29,88,103,52,86,30,186,119,224
20230313,서울특별시,11,금천구,11545,서울특별시,11,서대문구,11410,21,47,18,76,72,35,68,23,148,64,180
20230313,서울특별시,11,금천구,11545,서울특별시,11,은평구,11380,36,41,41,63,78,38,56,14,186,79,224
20230313,서울특별시,11,금천구,11545,서울특별시,11,노원구,11350,23,75,41,92,117,36,72,19,222,115,266
20230313,서울특별시,11,금천구,11545,서울특별시,11,도봉구,11320,14,44,26,53,66,22,30,11,104,67,146
20230313,서울특별시,11,금천구,11545,서울특별시,11,강북구,11305,14,36,20,30,52,16,49,4,129,58,132
20230313,서울특별시,11,금천구,11545,서울특별시,11,성북구,11290,37,60,22,71,78,40,65,15,213,108,225
20230313,서울특별시,11,금천구,11545,서울특별시,11,중랑구,11260,21,44,15,59,76,26,64,17,155,76,184
20230313,서울특별시,11,금천구,11545,서울특별시,11,동대문구,11230,27,44,25,72,75,24,62,18,164,190,191
20230313,서울특별시,11,금천구,11545,서울특별시,11,광진구,11215,19,54,18,77,68,30,59,10,191,93,180
20230313,서울특별시,11,금천구,11545,서울특별시,11,성동구,11200,27,79,27,51,78,54,51,18,187,94,161
20230313,서울특별시,11,금천구,11545,서울특별시,11,용산구,11170,19,52,20,64,78,32,39,8,108,72,114
20230313,서울특별시,11,금천구,11545,서울특별시,11,중구,11140,13,51,30,41,44,23,54,18,85,61,133
20230313,서울특별시,11,금천구,11545,서울특별시,11,종로구,11110,17,37,30,39,36,32,45,4,68,51,100
20230313,서울특별시,11,노원구,11350,서울특별시,11,마포구,11440,15,15,7,23,67,9,44,19,71,19,22
20230313,서울특별시,11,노원구,11350,서울특별시,11,양천구,11470,12,15,15,17,56,4,34,24,67,20,37
20230313,서울특별시,11,마포구,11440,서울특별시,11,종로구,11110,11,84,17,80,71,13,72,11,102,44,37
20230313,서울특별시,11,마포구,11440,서울특별시,11,중구,11140,7,71,26,95,64,6,65,8,130,54,48
20230313,서울특별시,11,마포구,11440,서울특별시,11,용산구,11170,19,88,30,124,98,8,74,8,146,48,39
20230313,서울특별시,11,마포구,11440,서울특별시,11,성동구,11200,15,99,44,167,118,9,75,13,311,108,77
20230313,서울특별시,11,마포구,11440,서울특별시,11,광진구,11215,18,94,34,161,121,10,87,9,181,75,72
20230313,서울특별시,11,마포구,11440,서울특별시,11,동대문구,11230,24,118,25,221,153,17,106,9,160,61,62
20230313,서울특별시,11,마포구,11440,서울특별시,11,중랑구,11260,16,77,18,140,105,14,78,8,177,59,49
20230313,서울특별시,11,마포구,11440,서울특별시,11,성북구,11290,21,84,31,210,140,15,124,13,229,82,79
20230313,서울특별시,11,마포구,11440,서울특별시,11,강북구,11305,18,62,18,98,90,5,67,5,123,44,35
20230313,서울특별시,11,마포구,11440,서울특별시,11,도봉구,11320,8,59,30,106,72,4,64,8,93,38,47
20230313,서울특별시,11,마포구,11440,서울특별시,11,노원구,11350,13,99,29,218,136,15,110,16,183,52,75
20230313,서울특별시,11,마포구,11440,서울특별시,11,은평구,11380,10,102,42,212,148,14,117,7,172,73,69
20230313,서울특별시,11,마포구,11440,서울특별시,11,서대문구,11410,18,107,42,154,113,5,87,12,174,66,54
20230313,서울특별시,11,마포구,11440,서울특별시,11,마포구,11440,26,161,76,237,172,7,149,15,270,124,100
20230313,서울특별시,11,마포구,11440,서울특별시,11,양천구,11470,17,95,30,193,128,10,103,15,137,81,86
20230313,서울특별시,11,마포구,11440,서울특별시,11,강서구,11500,31,171,38,292,182,17,195,23,234,116,99
20230313,서울특별시,11,마포구,11440,서울특별시,11,구로구,11530,23,88,22,187,147,7,93,10,150,76,67
20230313,서울특별시,11,마포구,11440,서울특별시,11,금천구,11545,7,76,18,118,87,8,57,0,116,57,51
20230313,서울특별시,11,마포구,11440,서울특별시,11,영등포구,11560,28,132,219,234,163,18,117,15,162,98,79
20230313,서울특별시,11,마포구,11440,서울특별시,11,동작구,11590,26,82,37,195,113,10,105,12,177,84,76
20230313,서울특별시,11,마포구,11440,서울특별시,11,관악구,11620,22,125,30,252,176,13,127,19,281,114,96
20230313,서울특별시,11,마포구,11440,서울특별시,11,서초구,11650,23,134,42,245,178,16,132,26,169,66,93
20230313,서울특별시,11,마포구,11440,서울특별시,11,강남구,11680,38,177,69,320,231,26,242,26,274,133,200
20230313,서울특별시,11,마포구,11440,서울특별시,11,송파구,11710,36,161,58,325,240,26,173,26,259,123,136
20230313,서울특별시,11,마포구,11440,서울특별시,11,강동구,11740,16,69,37,214,152,20,111,16,156,72,82
20230313,서울특별시,11,관악구,11620,서울특별시,11,종로구,11110,0,12,29,4,16,0,9,0,31,22,9
20230313,서울특별시,11,관악구,11620,서울특별시,11,중구,11140,20,15,24,11,13,0,9,0,42,15,11
20230313,서울특별시,11,관악구,11620,서울특별시,11,용산구,11170,6,15,26,17,19,0,19,3,33,17,10
20230313,서울특별시,11,관악구,11620,서울특별시,11,성동구,11200,7,36,62,14,40,0,20,4,107,56,9
20230313,서울특별시,11,관악구,11620,서울특별시,11,광진구,11215,5,7,23,11,30,9,18,5,33,22,14
20230313,서울특별시,11,관악구,11620,서울특별시,11,동대문구,11230,7,17,51,15,28,3,24,4,50,28,10
20230313,서울특별시,11,관악구,11620,서울특별시,11,중랑구,11260,3,18,14,13,20,3,15,0,52,17,17
20230313,서울특별시,11,관악구,11620,서울특별시,11,성북구,11290,6,16,45,5,32,6,40,4,76,26,16
20230313,서울특별시,11,관악구,11620,서울특별시,11,강북구,11305,0,12,14,8,19,3,13,0,36,21,9
20230313,서울특별시,11,관악구,11620,서울특별시,11,도봉구,11320,6,12,22,9,22,0,17,0,38,20,15
20230313,서울특별시,11,관악구,11620,서울특별시,11,노원구,11350,7,23,35,8,34,4,30,7,58,31,17
20230313,서울특별시,11,관악구,11620,서울특별시,11,은평구,11380,13,23,29,14,28,0,32,7,34,30,17
20230313,서울특별시,11,서대문구,11410,서울특별시,11,금천구,11545,4,18,7,19,37,3,12,9,61,29,6
20230313,서울특별시,11,서대문구,11410,서울특별시,11,영등포구,11560,5,27,19,55,80,15,11,17,83,29,13
20230313,서울특별시,11,서대문구,11410,서울특별시,11,동작구,11590,4,20,13,29,44,8,10,11,66,24,15
20230313,서울특별시,11,서대문구,11410,서울특별시,11,관악구,11620,6,25,21,70,75,12,17,17,115,35,17
20230313,서울특별시,11,서대문구,11410,서울특별시,11,서초구,11650,8,23,15,61,62,11,15,18,79,28,13
20230313,서울특별시,11,서대문구,11410,서울특별시,11,강남구,11680,6,66,32,64,89,14,47,12,104,51,28
20230313,서울특별시,11,중랑구,11260,서울특별시,11,은평구,11380,14,56,13,40,61,19,49,10,147,69,40
20230313,서울특별시,11,중랑구,11260,서울특별시,11,서대문구,11410,10,61,10,17,65,27,50,7,102,60,28
20230313,서울특별시,11,중랑구,11260,서울특별시,11,마포구,11440,22,64,24,18,73,18,74,13,134,63,38
20230313,서울특별시,11,용산구,11170,서울특별시,11,관악구,11620,10,93,16,439,69,15,36,11,97,32,25
20230313,서울특별시,11,용산구,11170,서울특별시,11,서초구,11650,5,77,27,473,68,8,41,8,121,33,18
20230313,서울특별시,11,관악구,11620,서울특별시,11,서대문구,11410,3,12,59,9,33,0,20,0,40,15,12
20230313,서울특별시,11,관악구,11620,서울특별시,11,마포구,11440,8,20,63,11,40,5,26,4,59,16,12
20230313,서울특별시,11,관악구,11620,서울특별시,11,양천구,11470,6,20,32,11,25,4,20,4,43,27,22
20230313,서울특별시,11,관악구,11620,서울특별시,11,강서구,11500,9,23,28,11,39,5,35,4,63,32,29
20230313,서울특별시,11,관악구,11620,서울특별시,11,구로구,11530,4,16,21,9,31,6,23,6,47,30,15
20230313,서울특별시,11,관악구,11620,서울특별시,11,금천구,11545,0,20,24,11,22,0,23,0,53,26,55
20230313,서울특별시,11,관악구,11620,서울특별시,11,영등포구,11560,6,27,43,13,37,6,34,6,57,22,16
20230313,서울특별시,11,관악구,11620,서울특별시,11,동작구,11590,6,25,59,22,40,0,26,6,65,14,98
20230313,서울특별시,11,관악구,11620,서울특별시,11,관악구,11620,5,29,93,25,58,0,74,5,90,45,123
20230313,서울특별시,11,관악구,11620,서울특별시,11,서초구,11650,8,25,55,9,56,5,27,3,44,31,19
20230313,서울특별시,11,관악구,11620,서울특별시,11,강남구,11680,7,44,77,22,61,7,44,4,71,42,31
20230313,서울특별시,11,관악구,11620,서울특별시,11,송파구,11710,11,37,56,15,48,7,46,3,73,40,24
20230313,서울특별시,11,관악구,11620,서울특별시,11,강동구,11740,4,19,29,8,43,0,30,4,35,30,14
20230313,서울특별시,11,구로구,11530,서울특별시,11,강동구,11740,17,79,19,47,61,17,32,10,106,33,58
20230313,서울특별시,11,구로구,11530,서울특별시,11,송파구,11710,23,193,37,70,137,24,36,10,166,54,102
20230313,서울특별시,11,구로구,11530,서울특별시,11,강남구,11680,30,124,41,65,137,20,45,10,132,42,108
20230313,서울특별시,11,구로구,11530,서울특별시,11,서초구,11650,21,93,35,49,87,10,41,9,82,33,61
20230313,서울특별시,11,구로구,11530,서울특별시,11,관악구,11620,16,103,34,43,72,15,34,11,131,29,53
20230313,서울특별시,11,구로구,11530,서울특별시,11,동작구,11590,15,71,14,40,60,10,29,11,93,17,55
20230313,서울특별시,11,구로구,11530,서울특별시,11,영등포구,11560,23,106,19,42,91,16,30,4,99,30,67
20230313,서울특별시,11,구로구,11530,서울특별시,11,금천구,11545,12,65,16,48,53,13,28,5,81,26,32
20230313,서울특별시,11,구로구,11530,서울특별시,11,구로구,11530,13,75,31,52,56,6,72,5,131,38,58
20230313,서울특별시,11,구로구,11530,서울특별시,11,강서구,11500,24,125,34,67,87,21,39,5,136,44,77
20230313,서울특별시,11,구로구,11530,서울특별시,11,양천구,11470,21,76,24,40,57,14,30,7,97,31,62
20230313,서울특별시,11,구로구,11530,서울특별시,11,마포구,11440,21,205,36,58,79,14,29,11,89,26,50
20230313,서울특별시,11,용산구,11170,서울특별시,11,강남구,11680,10,106,26,831,95,13,68,12,151,44,33
20230313,서울특별시,11,용산구,11170,서울특별시,11,송파구,11710,7,87,23,628,78,19,59,20,157,52,41
20230313,서울특별시,11,용산구,11170,서울특별시,11,강동구,11740,8,57,10,306,52,6,43,6,81,30,12
20230313,서울특별시,11,구로구,11530,서울특별시,11,서대문구,11410,15,53,14,25,47,15,16,6,81,22,38
20230313,서울특별시,11,구로구,11530,서울특별시,11,은평구,11380,13,83,17,35,70,15,28,6,84,32,49
20230313,서울특별시,11,구로구,11530,서울특별시,11,노원구,11350,19,80,21,30,59,19,35,5,91,21,51
20230313,서울특별시,11,구로구,11530,서울특별시,11,도봉구,11320,7,37,11,27,33,9,19,4,69,10,37
20230313,서울특별시,11,중랑구,11260,서울특별시,11,양천구,11470,10,54,17,19,75,17,54,12,132,71,44
20230313,서울특별시,11,중랑구,11260,서울특별시,11,강서구,11500,20,89,13,33,103,24,81,21,194,103,57
20230313,서울특별시,11,중랑구,11260,서울특별시,11,구로구,11530,13,67,13,21,66,10,43,14,134,68,29
20230313,서울특별시,11,중랑구,11260,서울특별시,11,금천구,11545,11,43,15,12,37,11,33,4,101,44,15
20230313,서울특별시,11,중랑구,11260,서울특별시,11,영등포구,11560,19,81,20,28,97,23,59,12,163,87,41
20230313,서울특별시,11,중랑구,11260,서울특별시,11,동작구,11590,10,65,17,15,71,23,42,12,142,59,43
20230313,서울특별시,11,중랑구,11260,서울특별시,11,관악구,11620,17,77,14,23,96,25,83,11,216,67,57
20230313,서울특별시,11,중랑구,11260,서울특별시,11,서초구,11650,14,80,24,31,70,27,65,15,174,83,61
20230313,서울특별시,11,중랑구,11260,서울특별시,11,강남구,11680,21,116,33,46,108,37,98,12,222,105,91
20230313,서울특별시,11,중랑구,11260,서울특별시,11,송파구,11710,26,126,48,31,129,29,89,18,253,101,62
20230313,서울특별시,11,중랑구,11260,서울특별시,11,강동구,11740,17,72,12,22,86,20,72,21,147,65,50
20230313,서울특별시,11,성동구,11200,서울특별시,11,종로구,11110,5,52,14,18,29,5,26,0,127,41,64
20230313,서울특별시,11,성동구,11200,서울특별시,11,중구,11140,16,81,20,27,31,4,44,4,171,68,63
20230313,서울특별시,11,성동구,11200,서울특별시,11,용산구,11170,9,79,35,42,50,14,44,7,213,60,26
20230313,서울특별시,11,성동구,11200,서울특별시,11,성동구,11200,23,129,44,49,53,12,60,6,319,111,45
20230313,서울특별시,11,성동구,11200,서울특별시,11,광진구,11215,21,68,20,39,42,8,46,12,263,79,43
20230313,서울특별시,11,구로구,11530,서울특별시,11,강북구,11305,17,41,10,23,35,6,10,0,57,34,40
20230313,서울특별시,11,구로구,11530,서울특별시,11,성북구,11290,15,67,27,49,61,11,15,0,86,25,56
20230313,서울특별시,11,구로구,11530,서울특별시,11,중랑구,11260,27,54,13,32,51,10,16,6,83,23,47
20230313,서울특별시,11,구로구,11530,서울특별시,11,동대문구,11230,26,66,25,43,53,14,22,0,97,22,58
20230313,서울특별시,11,종로구,11110,서울특별시,11,강동구,11740,14,52,19,20,61,6,34,7,126,50,19
20230313,서울특별시,11,종로구,11110,서울특별시,11,송파구,11710,27,118,32,31,85,6,48,8,218,87,28
20230313,서울특별시,11,종로구,11110,서울특별시,11,강남구,11680,33,152,39,45,93,9,62,7,241,119,41
20230313,서울특별시,11,종로구,11110,서울특별시,11,서초구,11650,20,79,31,23,63,6,43,8,156,60,24
20230313,서울특별시,11,종로구,11110,서울특별시,11,관악구,11620,8,61,32,24,48,7,25,4,143,56,18
20230313,서울특별시,11,종로구,11110,서울특별시,11,동작구,11590,18,46,29,19,44,0,16,11,91,39,14
20230313,서울특별시,11,종로구,11110,서울특별시,11,영등포구,11560,9,76,40,32,69,0,28,7,131,58,25
20230313,서울특별시,11,종로구,11110,서울특별시,11,금천구,11545,6,37,9,12,32,0,13,8,91,37,9
20230313,서울특별시,11,종로구,11110,서울특별시,11,구로구,11530,12,50,29,21,43,0,24,4,92,34,14
20230313,서울특별시,11,종로구,11110,서울특별시,11,강서구,11500,13,79,36,38,56,8,36,15,158,88,28
20230313,서울특별시,11,종로구,11110,서울특별시,11,양천구,11470,10,52,29,26,42,6,15,7,109,54,16
20230313,서울특별시,11,종로구,11110,서울특별시,11,마포구,11440,13,61,52,26,71,3,36,4,153,68,18
20230313,서울특별시,11,종로구,11110,서울특별시,11,서대문구,11410,12,57,38,20,42,3,29,3,107,37,8
20230313,서울특별시,11,종로구,11110,서울특별시,11,은평구,11380,14,49,27,21,43,0,36,5,118,52,15
20230313,서울특별시,11,종로구,11110,서울특별시,11,노원구,11350,12,42,23,18,42,5,27,4,118,58,16
20230313,서울특별시,11,종로구,11110,서울특별시,11,도봉구,11320,6,33,24,11,27,4,23,0,55,44,9
20230313,서울특별시,11,종로구,11110,서울특별시,11,강북구,11305,9,31,14,9,23,0,17,0,71,33,11
20230313,서울특별시,11,종로구,11110,서울특별시,11,성북구,11290,15,64,45,18,46,5,34,4,129,60,17
20230313,서울특별시,11,종로구,11110,서울특별시,11,중랑구,11260,10,61,11,26,38,3,21,5,110,50,14
20230313,서울특별시,11,종로구,11110,서울특별시,11,동대문구,11230,10,37,34,23,36,0,25,4,129,50,10
20230313,서울특별시,11,종로구,11110,서울특별시,11,광진구,11215,11,47,19,16,37,0,24,0,108,59,18
20230313,서울특별시,11,종로구,11110,서울특별시,11,성동구,11200,5,63,39,20,56,4,16,3,196,59,12
20230313,서울특별시,11,종로구,11110,서울특별시,11,용산구,11170,10,44,25,19,28,5,16,0,83,32,8
20230313,서울특별시,11,종로구,11110,서울특별시,11,중구,11140,7,39,11,10,34,0,26,0,74,32,11
20230313,서울특별시,11,종로구,11110,서울특별시,11,종로구,11110,11,31,40,18,27,4,40,0,83,28,10
20230313,서울특별시,11,구로구,11530,서울특별시,11,광진구,11215,13,68,22,23,76,11,11,4,90,25,42
20230313,서울특별시,11,은평구,11380,서울특별시,11,종로구,11110,3,13,10,3,20,6,21,0,24,7,16
20230313,서울특별시,11,은평구,11380,서울특별시,11,중구,11140,0,16,9,5,29,6,34,0,27,13,15
20230313,서울특별시,11,은평구,11380,서울특별시,11,용산구,11170,4,4,10,12,40,8,29,0,16,5,15
20230313,서울특별시,11,은평구,11380,서울특별시,11,성동구,11200,4,22,31,3,31,11,32,3,78,28,19
20230313,서울특별시,11,구로구,11530,서울특별시,11,성동구,11200,10,71,34,34,57,7,17,4,123,42,37
20230313,서울특별시,11,구로구,11530,서울특별시,11,용산구,11170,9,38,10,53,31,8,13,0,54,15,40
20230313,서울특별시,11,구로구,11530,서울특별시,11,중구,11140,8,49,14,26,32,9,17,0,65,14,26
20230313,서울특별시,11,구로구,11530,서울특별시,11,종로구,11110,11,34,17,24,32,7,20,0,43,11,18
20230313,서울특별시,11,노원구,11350,서울특별시,11,강서구,11500,16,21,12,33,93,10,66,44,99,32,27
20230313,서울특별시,11,노원구,11350,서울특별시,11,구로구,11530,11,14,6,28,52,7,32,24,85,16,25
20230313,서울특별시,11,노원구,11350,서울특별시,11,금천구,11545,11,74,14,19,51,0,23,9,58,19,24
20230313,서울특별시,11,노원구,11350,서울특별시,11,영등포구,11560,10,16,15,21,70,9,28,29,88,14,15
20230313,서울특별시,11,노원구,11350,서울특별시,11,동작구,11590,15,7,9,18,81,10,31,30,60,12,17
20230313,서울특별시,11,노원구,11350,서울특별시,11,관악구,11620,8,16,10,28,79,4,55,25,79,15,28
20230313,서울특별시,11,중구,11140,서울특별시,11,종로구,11110,11,82,18,5,65,6,25,0,130,36,10
20230313,서울특별시,11,중구,11140,서울특별시,11,중구,11140,10,82,34,7,92,3,37,7,170,56,14
20230313,서울특별시,11,중구,11140,서울특별시,11,용산구,11170,16,89,16,23,74,7,35,3,220,62,13
20230313,서울특별시,11,중구,11140,서울특별시,11,성동구,11200,9,127,33,10,68,11,47,5,343,100,19
20230313,서울특별시,11,중구,11140,서울특별시,11,광진구,11215,14,88,22,13,50,10,33,4,324,71,13
20230313,서울특별시,11,중구,11140,서울특별시,11,동대문구,11230,14,94,15,7,71,6,44,6,306,84,9
20230313,서울특별시,11,성동구,11200,서울특별시,11,동대문구,11230,21,77,20,38,54,4,59,0,256,98,113
20230313,서울특별시,11,성동구,11200,서울특별시,11,중랑구,11260,29,69,9,32,37,5,36,6,205,69,33
20230313,서울특별시,11,성동구,11200,서울특별시,11,성북구,11290,29,62,21,42,46,8,63,11,263,99,146
20230313,서울특별시,11,성동구,11200,서울특별시,11,강북구,11305,12,35,6,25,32,0,50,4,148,58,21
20230313,서울특별시,11,성동구,11200,서울특별시,11,도봉구,11320,13,44,10,33,34,5,31,4,155,48,30
20230313,서울특별시,11,성동구,11200,서울특별시,11,노원구,11350,35,93,14,40,50,14,60,4,242,63,35
20230313,서울특별시,11,성동구,11200,서울특별시,11,은평구,11380,21,84,11,35,61,9,48,5,268,74,46
20230313,서울특별시,11,성동구,11200,서울특별시,11,서대문구,11410,25,62,16,36,36,8,50,3,234,71,38
20230313,서울특별시,11,성동구,11200,서울특별시,11,마포구,11440,30,103,27,53,56,14,50,8,347,114,47
20230313,서울특별시,11,성동구,11200,서울특별시,11,양천구,11470,25,86,25,41,49,6,43,15,244,77,41
20230313,서울특별시,11,성동구,11200,서울특별시,11,강서구,11500,38,106,23,100,65,13,67,12,394,120,64
20230313,서울특별시,11,성동구,11200,서울특별시,11,구로구,11530,11,79,18,43,30,15,57,7,197,70,47
20230313,서울특별시,11,성동구,11200,서울특별시,11,금천구,11545,9,48,10,34,33,8,25,4,160,50,26
20230313,서울특별시,11,성동구,11200,서울특별시,11,영등포구,11560,27,100,25,40,74,11,70,21,285,107,60
20230313,서울특별시,11,중구,11140,서울특별시,11,중랑구,11260,11,81,17,12,62,5,21,5,228,61,12
20230313,서울특별시,11,중구,11140,서울특별시,11,성북구,11290,9,114,22,16,63,12,46,4,329,85,15
20230313,서울특별시,11,중구,11140,서울특별시,11,강북구,11305,4,55,9,7,37,11,30,0,162,49,13
20230313,서울특별시,11,중구,11140,서울특별시,11,도봉구,11320,4,50,8,7,45,5,22,3,182,39,6
20230313,서울특별시,11,중구,11140,서울특별시,11,노원구,11350,11,107,27,11,69,20,29,7,299,105,17
20230313,서울특별시,11,중구,11140,서울특별시,11,은평구,11380,17,106,16,11,62,12,38,11,285,80,9
20230313,서울특별시,11,중구,11140,서울특별시,11,서대문구,11410,16,93,16,13,72,5,31,0,261,80,22
20230313,서울특별시,11,중구,11140,서울특별시,11,마포구,11440,18,154,23,10,95,16,57,7,378,109,25
20230313,서울특별시,11,중구,11140,서울특별시,11,양천구,11470,10,84,18,7,49,14,19,7,261,74,13
20230313,서울특별시,11,중구,11140,서울특별시,11,강서구,11500,20,139,18,14,80,19,54,6,428,124,39
20230313,서울특별시,11,강북구,11305,서울특별시,11,강동구,11740,5,33,7,14,18,0,25,7,130,24,22
20230313,서울특별시,11,강북구,11305,서울특별시,11,송파구,11710,6,46,15,20,42,4,43,11,156,29,20
20230313,서울특별시,11,강북구,11305,서울특별시,11,강남구,11680,8,52,22,19,35,9,53,6,143,27,24
20230313,서울특별시,11,강북구,11305,서울특별시,11,서초구,11650,6,22,15,16,30,3,22,4,101,20,18
20230313,서울특별시,11,강북구,11305,서울특별시,11,관악구,11620,9,49,5,16,24,0,48,3,164,23,19
20230313,서울특별시,11,강북구,11305,서울특별시,11,동작구,11590,3,24,0,19,16,0,21,3,126,13,11
20230313,서울특별시,11,강북구,11305,서울특별시,11,영등포구,11560,3,25,15,14,14,4,20,6,138,19,15
20230313,서울특별시,11,강북구,11305,서울특별시,11,금천구,11545,3,25,4,9,11,0,9,0,77,16,5
20230313,서울특별시,11,강북구,11305,서울특별시,11,구로구,11530,4,28,10,7,19,4,26,4,123,14,15
20230313,서울특별시,11,강북구,11305,서울특별시,11,강서구,11500,0,37,11,22,26,4,38,4,167,26,14
20230313,서울특별시,11,강북구,11305,서울특별시,11,양천구,11470,0,21,6,12,32,0,19,4,112,18,17
20230313,서울특별시,11,강북구,11305,서울특별시,11,마포구,11440,0,27,19,14,17,0,30,9,112,15,20
20230313,서울특별시,11,강북구,11305,서울특별시,11,서대문구,11410,4,21,10,9,13,0,22,0,92,23,14
20230313,서울특별시,11,강북구,11305,서울특별시,11,은평구,11380,6,28,4,8,16,0,33,5,114,20,16
20230313,서울특별시,11,강북구,11305,서울특별시,11,노원구,11350,4,36,20,11,34,0,20,3,123,17,19
20230313,서울특별시,11,강북구,11305,서울특별시,11,도봉구,11320,5,30,7,8,9,4,18,4,90,22,11
20230313,서울특별시,11,강북구,11305,서울특별시,11,강북구,11305,0,31,6,6,13,3,31,3,85,15,10
20230313,서울특별시,11,강북구,11305,서울특별시,11,성북구,11290,5,33,11,12,14,3,37,8,137,18,9
20230313,서울특별시,11,강북구,11305,서울특별시,11,중랑구,11260,6,19,7,9,17,0,26,4,119,11,15
20230313,서울특별시,11,강북구,11305,서울특별시,11,동대문구,11230,4,19,6,8,19,4,21,4,107,16,8
20230313,서울특별시,11,강북구,11305,서울특별시,11,광진구,11215,6,25,13,6,17,3,27,7,88,16,10
20230313,서울특별시,11,강북구,11305,서울특별시,11,성동구,11200,3,35,10,11,12,0,16,4,112,23,8
20230313,서울특별시,11,강북구,11305,서울특별시,11,용산구,11170,0,8,8,3,15,4,14,0,57,6,5
20230313,서울특별시,11,강북구,11305,서울특별시,11,중구,11140,0,18,11,8,9,0,25,0,47,11,9
20230313,서울특별시,11,강북구,11305,서울특별시,11,종로구,11110,4,12,5,0,9,0,8,6,41,6,12
20230313,서울특별시,11,광진구,11215,서울특별시,11,강동구,11740,15,52,16,34,72,14,18,10,137,57,17
20230313,서울특별시,11,성동구,11200,서울특별시,11,동작구,11590,24,84,8,45,37,8,40,9,251,94,38
20230313,서울특별시,11,성동구,11200,서울특별시,11,관악구,11620,33,106,15,64,54,18,79,10,388,97,60
20230313,서울특별시,11,성동구,11200,서울특별시,11,서초구,11650,28,107,30,56,67,13,84,10,302,131,45
20230313,서울특별시,11,성동구,11200,서울특별시,11,강남구,11680,55,179,51,78,107,28,110,23,487,159,99
20230313,서울특별시,11,성동구,11200,서울특별시,11,송파구,11710,34,133,29,76,99,23,92,10,465,147,94
20230313,서울특별시,11,성동구,11200,서울특별시,11,강동구,11740,27,88,24,62,47,4,43,4,252,85,51
20230313,서울특별시,11,강서구,11500,서울특별시,11,강동구,11740,19,82,46,82,123,19,179,34,167,93,152
20230313,서울특별시,11,강서구,11500,서울특별시,11,송파구,11710,27,146,77,120,201,32,291,37,298,134,209
20230313,서울특별시,11,강서구,11500,서울특별시,11,강남구,11680,37,167,116,145,218,24,356,59,264,147,228
20230313,서울특별시,11,강서구,11500,서울특별시,11,서초구,11650,26,103,63,102,137,31,218,31,172,98,169
20230313,서울특별시,11,강서구,11500,서울특별시,11,관악구,11620,25,88,69,102,150,26,206,34,260,105,184
20230313,서울특별시,11,강서구,11500,서울특별시,11,동작구,11590,9,61,49,86,118,18,169,21,164,207,126
20230313,서울특별시,11,강서구,11500,서울특별시,11,영등포구,11560,18,88,59,98,130,21,165,33,189,125,148
20230313,서울특별시,11,강서구,11500,서울특별시,11,금천구,11545,9,47,23,56,77,16,109,16,134,38,60
20230313,서울특별시,11,강서구,11500,서울특별시,11,구로구,11530,17,81,56,76,142,21,149,29,179,78,116
20230313,서울특별시,11,강서구,11500,서울특별시,11,강서구,11500,23,130,103,123,186,31,308,40,255,146,175
20230313,서울특별시,11,강서구,11500,서울특별시,11,양천구,11470,16,98,62,76,131,15,161,22,178,95,110
20230313,서울특별시,11,강서구,11500,서울특별시,11,마포구,11440,19,96,71,98,148,17,189,37,177,90,152
20230313,서울특별시,11,강서구,11500,서울특별시,11,서대문구,11410,18,44,46,73,98,21,130,25,178,67,89
20230313,서울특별시,11,강서구,11500,서울특별시,11,은평구,11380,13,66,50,87,119,32,189,31,158,90,138
20230313,서울특별시,11,강서구,11500,서울특별시,11,노원구,11350,15,78,60,80,117,14,191,26,166,93,120
20230313,서울특별시,11,강서구,11500,서울특별시,11,도봉구,11320,10,51,25,51,92,11,126,20,102,52,69
20230313,서울특별시,11,강서구,11500,서울특별시,11,강북구,11305,3,56,17,45,63,11,106,15,120,101,86
20230313,서울특별시,11,강서구,11500,서울특별시,11,성북구,11290,25,65,45,76,122,19,171,33,204,117,129
20230313,서울특별시,11,강서구,11500,서울특별시,11,중랑구,11260,21,52,30,64,94,21,131,24,130,62,106
20230313,서울특별시,11,강서구,11500,서울특별시,11,동대문구,11230,20,57,46,77,106,16,159,25,175,141,111
20230313,서울특별시,11,강서구,11500,서울특별시,11,광진구,11215,22,78,46,67,106,20,158,33,163,93,100
20230313,서울특별시,11,강서구,11500,서울특별시,11,성동구,11200,9,89,45,68,99,13,133,32,207,106,85
20230313,서울특별시,11,강서구,11500,서울특별시,11,용산구,11170,14,41,31,57,79,14,162,13,99,48,80
20230313,서울특별시,11,강서구,11500,서울특별시,11,중구,11140,8,62,27,39,98,9,73,9,102,44,58
20230313,서울특별시,11,강서구,11500,서울특별시,11,종로구,11110,12,40,26,31,67,9,106,11,134,38,69
20230313,서울특별시,11,동대문구,11230,서울특별시,11,강동구,11740,6,58,16,20,84,4,109,8,182,37,42
20230313,서울특별시,11,동대문구,11230,서울특별시,11,송파구,11710,14,76,18,34,115,11,177,11,341,78,68
20230313,서울특별시,11,동대문구,11230,서울특별시,11,강남구,11680,24,110,19,54,112,11,193,9,244,76,55
20230313,서울특별시,11,동대문구,11230,서울특별시,11,서초구,11650,11,52,17,32,78,10,138,5,172,51,38
20230313,서울특별시,11,동대문구,11230,서울특별시,11,관악구,11620,20,53,14,20,80,7,139,10,248,57,47
20230313,서울특별시,11,동대문구,11230,서울특별시,11,동작구,11590,10,48,4,23,68,4,105,6,170,34,32
20230313,서울특별시,11,동대문구,11230,서울특별시,11,영등포구,11560,9,59,13,18,77,8,120,7,211,52,29
20230313,서울특별시,11,동대문구,11230,서울특별시,11,금천구,11545,9,27,8,12,41,6,73,5,120,29,24
20230313,서울특별시,11,동대문구,11230,서울특별시,11,구로구,11530,9,41,13,18,58,8,124,12,189,45,29
20230313,서울특별시,11,동대문구,11230,서울특별시,11,강서구,11500,17,65,24,35,117,8,166,10,268,63,49
20230313,서울특별시,11,동대문구,11230,서울특별시,11,양천구,11470,11,47,18,16,82,4,101,15,173,48,28
20230313,서울특별시,11,동대문구,11230,서울특별시,11,마포구,11440,15,58,17,16,93,6,104,10,191,45,48
20230313,서울특별시,11,동대문구,11230,서울특별시,11,서대문구,11410,10,46,10,17,52,10,72,8,170,50,35
20230313,서울특별시,11,동대문구,11230,서울특별시,11,은평구,11380,13,51,11,17,76,10,162,8,226,39,39
20230313,서울특별시,11,광진구,11215,서울특별시,11,송파구,11710,24,66,17,61,105,29,35,14,204,105,33
20230313,서울특별시,11,광진구,11215,서울특별시,11,강남구,11680,16,111,35,66,124,14,40,21,200,93,21
20230313,서울특별시,11,광진구,11215,서울특별시,11,서초구,11650,14,50,22,51,72,16,35,9,149,50,26
20230313,서울특별시,11,광진구,11215,서울특별시,11,관악구,11620,28,57,20,35,76,14,24,8,201,88,22
20230313,서울특별시,11,광진구,11215,서울특별시,11,동작구,11590,13,43,12,43,50,8,19,15,133,81,17
20230313,서울특별시,11,광진구,11215,서울특별시,11,영등포구,11560,12,46,21,42,82,9,26,9,127,74,18
20230313,서울특별시,11,광진구,11215,서울특별시,11,금천구,11545,6,27,15,32,48,4,14,5,92,49,6
20230313,서울특별시,11,광진구,11215,서울특별시,11,구로구,11530,8,33,11,26,61,13,22,6,124,53,14
20230313,서울특별시,11,광진구,11215,서울특별시,11,강서구,11500,19,54,20,51,87,23,33,18,191,105,17
20230313,서울특별시,11,광진구,11215,서울특별시,11,양천구,11470,15,50,12,40,64,4,24,11,121,49,9
20230313,서울특별시,11,광진구,11215,서울특별시,11,마포구,11440,22,67,19,47,86,15,23,7,140,69,18
20230313,서울특별시,11,광진구,11215,서울특별시,11,서대문구,11410,21,50,14,22,43,12,18,5,108,67,7
20230313,서울특별시,11,광진구,11215,서울특별시,11,은평구,11380,12,56,11,29,65,12,16,8,143,75,21
20230313,서울특별시,11,광진구,11215,서울특별시,11,노원구,11350,19,47,6,28,75,10,25,8,167,74,18
20230313,서울특별시,11,광진구,11215,서울특별시,11,도봉구,11320,7,29,6,25,34,6,12,5,80,54,7
20230313,서울특별시,11,광진구,11215,서울특별시,11,강북구,11305,8,22,9,24,54,0,13,0,93,53,6
20230313,서울특별시,11,성북구,11290,서울특별시,11,강동구,11740,14,91,16,29,56,20,79,38,406,125,13
20230313,서울특별시,11,성북구,11290,서울특별시,11,송파구,11710,19,151,32,63,94,29,180,46,633,215,26
20230313,서울특별시,11,성북구,11290,서울특별시,11,강남구,11680,30,160,44,66,114,34,170,36,618,207,43
20230313,서울특별시,11,성북구,11290,서울특별시,11,서초구,11650,17,112,19,51,87,23,110,18,352,141,17
20230313,서울특별시,11,성북구,11290,서울특별시,11,관악구,11620,14,105,16,32,74,26,118,30,599,166,23
20230313,서울특별시,11,성북구,11290,서울특별시,11,동작구,11590,6,77,15,33,55,17,110,36,353,111,9
20230313,서울특별시,11,성북구,11290,서울특별시,11,영등포구,11560,18,111,23,42,58,12,90,31,418,140,21
20230313,서울특별시,11,성북구,11290,서울특별시,11,금천구,11545,10,56,8,26,32,6,44,16,226,76,11
20230313,서울특별시,11,성북구,11290,서울특별시,11,구로구,11530,12,66,15,34,54,15,94,24,351,115,15
20230313,서울특별시,11,광진구,11215,서울특별시,11,성북구,11290,26,40,15,35,65,16,25,10,170,71,11
20230313,서울특별시,11,광진구,11215,서울특별시,11,중랑구,11260,17,34,8,31,65,8,28,3,106,72,9
20230313,서울특별시,11,광진구,11215,서울특별시,11,동대문구,11230,24,37,12,29,54,13,9,5,122,65,12
20230313,서울특별시,11,광진구,11215,서울특별시,11,광진구,11215,14,64,19,44,49,9,54,0,131,60,21
20230313,서울특별시,11,광진구,11215,서울특별시,11,성동구,11200,4,57,37,33,39,6,25,12,174,85,13
20230313,서울특별시,11,광진구,11215,서울특별시,11,용산구,11170,3,30,9,41,55,6,23,4,71,33,10
20230313,서울특별시,11,광진구,11215,서울특별시,11,중구,11140,3,28,11,15,37,7,17,5,64,27,7
20230313,서울특별시,11,광진구,11215,서울특별시,11,종로구,11110,10,21,5,15,44,3,7,4,63,28,5
20230313,서울특별시,11,송파구,11710,서울특별시,11,종로구,11110,4,32,12,13,28,11,28,0,71,20,13
20230313,서울특별시,11,송파구,11710,서울특별시,11,중구,11140,5,44,17,15,33,6,39,0,88,27,11
20230313,서울특별시,11,강동구,11740,서울특별시,11,종로구,11110,0,13,10,5,36,6,50,0,33,29,6
20230313,서울특별시,11,강동구,11740,서울특별시,11,중구,11140,4,26,8,12,30,5,40,3,44,24,5
20230313,서울특별시,11,강동구,11740,서울특별시,11,용산구,11170,8,50,4,25,44,8,59,0,27,31,11
20230313,서울특별시,11,강동구,11740,서울특별시,11,성동구,11200,5,65,23,18,44,8,57,3,75,58,14
20230313,서울특별시,11,강동구,11740,서울특별시,11,광진구,11215,5,39,7,25,43,0,57,6,41,39,12
20230313,서울특별시,11,강동구,11740,서울특별시,11,동대문구,11230,8,48,5,17,56,8,57,0,51,42,18
20230313,서울특별시,11,강동구,11740,서울특별시,11,중랑구,11260,7,36,8,15,44,12,44,3,30,25,12
20230313,서울특별시,11,강동구,11740,서울특별시,11,성북구,11290,6,35,15,26,63,7,69,3,54,52,22
20230313,서울특별시,11,강동구,11740,서울특별시,11,강북구,11305,3,11,5,20,39,4,30,0,19,24,10
20230313,서울특별시,11,강동구,11740,서울특별시,11,도봉구,11320,9,21,0,19,38,4,44,0,23,31,15
20230313,서울특별시,11,강동구,11740,서울특별시,11,노원구,11350,8,32,8,25,56,11,69,5,36,46,15
20230313,서울특별시,11,강동구,11740,서울특별시,11,은평구,11380,12,31,12,19,53,8,66,0,29,40,24
20230313,서울특별시,11,강동구,11740,서울특별시,11,서대문구,11410,14,22,6,24,35,13,65,0,33,30,26
20230313,서울특별시,11,강동구,11740,서울특별시,11,마포구,11440,12,50,19,29,59,13,93,0,55,50,14
20230313,서울특별시,11,강동구,11740,서울특별시,11,양천구,11470,10,49,19,18,59,10,67,6,39,56,13
20230313,서울특별시,11,강동구,11740,서울특별시,11,강서구,11500,18,59,16,33,89,19,116,8,58,69,22
20230313,서울특별시,11,강동구,11740,서울특별시,11,구로구,11530,13,31,12,17,58,8,52,3,29,44,13
20230313,서울특별시,11,강동구,11740,서울특별시,11,금천구,11545,3,67,8,24,34,7,42,0,49,41,6
20230313,서울특별시,11,강동구,11740,서울특별시,11,영등포구,11560,12,62,8,26,50,18,62,5,35,45,12
20230313,서울특별시,11,강동구,11740,서울특별시,11,동작구,11590,13,35,11,19,49,7,69,0,37,36,20
20230313,서울특별시,11,강동구,11740,서울특별시,11,관악구,11620,12,42,10,25,54,6,78,0,41,49,20
20230313,서울특별시,11,강동구,11740,서울특별시,11,서초구,11650,9,70,14,33,86,13,101,0,34,66,11
20230313,서울특별시,11,강동구,11740,서울특별시,11,강남구,11680,18,120,23,32,126,33,137,10,93,91,29
20230313,서울특별시,11,강동구,11740,서울특별시,11,송파구,11710,24,110,15,41,87,22,109,13,62,66,33
20230313,서울특별시,11,강동구,11740,서울특별시,11,강동구,11740,14,69,23,29,80,11,94,6,60,53,24
20230313,서울특별시,11,송파구,11710,서울특별시,11,용산구,11170,4,45,9,26,35,12,42,0,91,20,16
20230313,서울특별시,11,송파구,11710,서울특별시,11,성동구,11200,8,88,51,17,60,21,36,3,236,58,32
20230313,서울특별시,11,송파구,11710,서울특별시,11,광진구,11215,5,55,17,24,58,14,45,0,163,37,25
20230313,서울특별시,11,송파구,11710,서울특별시,11,동대문구,11230,8,65,22,20,49,10,52,3,154,30,12
20230313,서울특별시,11,송파구,11710,서울특별시,11,중랑구,11260,0,61,20,18,53,17,38,0,133,37,13
20230313,서울특별시,11,송파구,11710,서울특별시,11,성북구,11290,4,65,18,19,58,18,56,7,186,43,20
20230313,서울특별시,11,송파구,11710,서울특별시,11,강북구,11305,6,43,10,21,43,14,47,0,88,23,11
20230313,서울특별시,11,송파구,11710,서울특별시,11,도봉구,11320,0,42,10,16,26,10,49,4,74,18,15
20230313,서울특별시,11,송파구,11710,서울특별시,11,노원구,11350,7,67,27,29,80,24,62,4,144,42,24
20230313,서울특별시,11,성북구,11290,서울특별시,11,강서구,11500,18,154,30,41,88,19,152,52,581,175,11
20230313,서울특별시,11,성북구,11290,서울특별시,11,양천구,11470,11,98,16,27,47,18,91,39,356,118,12
20230313,서울특별시,11,성북구,11290,서울특별시,11,마포구,11440,13,103,28,40,73,17,73,21,400,130,16
20230313,서울특별시,11,성북구,11290,서울특별시,11,서대문구,11410,8,75,9,30,41,12,73,20,344,120,10
20230313,서울특별시,11,성북구,11290,서울특별시,11,은평구,11380,11,87,20,34,51,14,95,29,386,115,21
20230313,서울특별시,11,성북구,11290,서울특별시,11,노원구,11350,9,102,29,40,64,21,119,33,459,134,14
20230313,서울특별시,11,성북구,11290,서울특별시,11,도봉구,11320,9,58,16,30,33,7,83,23,222,59,13
20230313,서울특별시,11,성북구,11290,서울특별시,11,강북구,11305,6,58,15,15,26,8,59,19,273,74,15
20230313,서울특별시,11,성북구,11290,서울특별시,11,성북구,11290,12,125,43,34,75,8,135,30,418,104,24
20230313,서울특별시,11,성북구,11290,서울특별시,11,중랑구,11260,7,65,16,28,68,7,70,24,317,109,9
20230313,서울특별시,11,성북구,11290,서울특별시,11,동대문구,11230,12,86,16,26,59,11,82,28,353,94,8
20230313,서울특별시,11,성북구,11290,서울특별시,11,광진구,11215,10,77,11,34,52,13,85,24,361,113,10
20230313,서울특별시,11,성북구,11290,서울특별시,11,성동구,11200,9,93,34,22,34,11,75,33,401,158,13
20230313,서울특별시,11,성북구,11290,서울특별시,11,용산구,11170,7,62,14,35,37,10,47,15,211,68,7
20230313,서울특별시,11,성북구,11290,서울특별시,11,중구,11140,10,54,9,19,37,7,42,8,199,62,8
20230313,서울특별시,11,성북구,11290,서울특별시,11,종로구,11110,7,53,16,20,25,5,42,9,161,43,5
20230313,서울특별시,11,송파구,11710,서울특별시,11,은평구,11380,6,64,10,12,62,21,53,9,137,43,21
20230313,서울특별시,11,송파구,11710,서울특별시,11,서대문구,11410,13,58,12,15,60,19,45,8,128,32,28
20230313,서울특별시,11,송파구,11710,서울특별시,11,마포구,11440,12,96,20,27,65,23,99,0,173,51,40
20230313,서울특별시,11,송파구,11710,서울특별시,11,양천구,11470,9,64,8,23,51,20,37,0,124,41,32
20230313,서울특별시,11,송파구,11710,서울특별시,11,강서구,11500,8,99,29,43,88,26,74,8,234,62,46
20230313,서울특별시,11,송파구,11710,서울특별시,11,구로구,11530,9,79,28,27,76,10,61,4,165,25,25
20230313,서울특별시,11,송파구,11710,서울특별시,11,금천구,11545,4,46,12,17,38,7,26,3,124,33,17
20230313,서울특별시,11,송파구,11710,서울특별시,11,영등포구,11560,9,84,29,36,65,17,72,7,193,46,29
20230313,서울특별시,11,송파구,11710,서울특별시,11,동작구,11590,0,51,29,18,68,24,56,0,152,28,27
20230313,서울특별시,11,송파구,11710,서울특별시,11,관악구,11620,5,72,25,23,67,20,63,0,211,54,37
20230313,서울특별시,11,송파구,11710,서울특별시,11,서초구,11650,11,110,26,29,83,25,78,5,159,43,44
20230313,서울특별시,11,송파구,11710,서울특별시,11,강남구,11680,18,195,53,49,105,37,102,4,282,85,46
20230313,서울특별시,11,송파구,11710,서울특별시,11,송파구,11710,12,198,58,46,121,35,157,7,331,68,49
20230313,서울특별시,11,송파구,11710,서울특별시,11,강동구,11740,10,88,17,32,71,18,73,9,165,62,25
20230313,서울특별시,11,중구,11140,서울특별시,11,구로구,11530,11,78,16,14,66,9,30,5,246,42,14
20230313,서울특별시,11,중구,11140,서울특별시,11,금천구,11545,14,83,10,12,56,10,34,4,173,48,7
20230313,서울특별시,11,중구,11140,서울특별시,11,영등포구,11560,13,121,30,13,96,7,48,9,319,73,23
20230313,서울특별시,11,중구,11140,서울특별시,11,동작구,11590,24,75,13,12,62,6,26,5,329,88,15
20230313,서울특별시,11,서대문구,11410,서울특별시,11,송파구,11710,9,41,23,101,81,17,31,40,121,49,42
20230313,서울특별시,11,서대문구,11410,서울특별시,11,강동구,11740,7,25,17,56,56,13,14,17,55,24,20
20230313,서울특별시,11,중구,11140,서울특별시,11,관악구,11620,15,104,18,16,64,12,29,5,422,126,23
20230313,서울특별시,11,중구,11140,서울특별시,11,서초구,11650,13,105,16,21,140,18,56,5,351,98,31
20230313,서울특별시,11,중구,11140,서울특별시,11,강남구,11680,33,202,41,27,240,22,87,15,569,157,40
20230313,서울특별시,11,중구,11140,서울특별시,11,송파구,11710,29,148,33,18,133,16,59,13,563,135,40
20230313,서울특별시,11,중구,11140,서울특별시,11,강동구,11740,17,85,22,11,60,7,31,13,287,80,19
20230313,서울특별시,11,동대문구,11230,서울특별시,11,종로구,11110,6,30,8,19,43,3,74,0,97,24,14
20230313,서울특별시,11,동대문구,11230,서울특별시,11,중구,11140,5,32,17,8,49,9,53,5,113,24,16
20230313,서울특별시,11,동대문구,11230,서울특별시,11,용산구,11170,8,32,12,12,51,3,67,6,93,24,32
20230313,서울특별시,11,동대문구,11230,서울특별시,11,성동구,11200,10,39,39,19,47,4,73,5,241,71,25
20230313,서울특별시,11,동대문구,11230,서울특별시,11,광진구,11215,6,51,8,18,73,3,119,6,177,36,37
20230313,서울특별시,11,동대문구,11230,서울특별시,11,동대문구,11230,18,51,18,16,66,4,96,11,201,26,32
20230313,서울특별시,11,동대문구,11230,서울특별시,11,중랑구,11260,6,35,9,24,70,3,100,18,178,46,19
20230313,서울특별시,11,동대문구,11230,서울특별시,11,성북구,11290,11,61,19,18,88,4,107,12,224,56,24
20230313,서울특별시,11,동대문구,11230,서울특별시,11,강북구,11305,3,20,3,12,59,3,70,4,130,36,24
20230313,서울특별시,11,동대문구,11230,서울특별시,11,도봉구,11320,5,34,5,20,52,0,86,8,124,29,15
20230313,서울특별시,11,동대문구,11230,서울특별시,11,노원구,11350,11,58,13,18,86,8,113,9,227,37,37
20230313,서울특별시,11,노원구,11350,서울특별시,11,서초구,11650,5,24,13,23,87,12,31,12,66,14,21
20230313,서울특별시,11,노원구,11350,서울특별시,11,강남구,11680,15,51,19,38,132,19,76,39,89,22,29
20230313,서울특별시,11,노원구,11350,서울특별시,11,송파구,11710,23,39,16,32,122,13,73,64,96,28,40
20230313,서울특별시,11,노원구,11350,서울특별시,11,강동구,11740,4,7,9,18,66,5,46,35,74,19,23
20230313,서울특별시,11,중랑구,11260,서울특별시,11,종로구,11110,9,21,17,21,32,15,24,4,70,28,31
20230313,서울특별시,11,중랑구,11260,서울특별시,11,중구,11140,4,39,13,27,37,15,30,9,80,36,24
20230313,서울특별시,11,중랑구,11260,서울특별시,11,용산구,11170,13,45,19,24,35,15,32,0,83,42,30
20230313,서울특별시,11,중랑구,11260,서울특별시,11,성동구,11200,12,70,29,37,66,17,42,14,163,56,46
20230313,서울특별시,11,중랑구,11260,서울특별시,11,광진구,11215,22,61,24,18,58,15,48,10,134,60,28
20230313,서울특별시,11,중랑구,11260,서울특별시,11,동대문구,11230,14,52,15,19,63,14,41,5,151,66,41
20230313,서울특별시,11,중랑구,11260,서울특별시,11,중랑구,11260,8,60,19,18,61,20,78,14,151,64,41
20230313,서울특별시,11,중랑구,11260,서울특별시,11,성북구,11290,13,70,22,23,65,19,68,20,162,91,47
20230313,서울특별시,11,중랑구,11260,서울특별시,11,강북구,11305,4,49,15,17,53,17,43,7,91,43,31
20230313,서울특별시,11,중랑구,11260,서울특별시,11,도봉구,11320,12,37,10,16,40,11,40,12,111,46,21
20230313,서울특별시,11,중랑구,11260,서울특별시,11,노원구,11350,11,81,18,16,79,23,58,15,179,64,42
20230313,서울특별시,11,서대문구,11410,서울특별시,11,종로구,11110,0,16,6,15,27,3,12,0,39,9,6
20230313,서울특별시,11,서대문구,11410,서울특별시,11,중구,11140,0,23,8,19,27,4,16,6,36,13,10
20230313,서울특별시,11,서대문구,11410,서울특별시,11,용산구,11170,7,21,10,38,38,10,13,13,54,16,12
20230313,서울특별시,11,서대문구,11410,서울특별시,11,성동구,11200,0,23,22,29,43,14,20,7,107,32,10
20230313,서울특별시,11,서대문구,11410,서울특별시,11,광진구,11215,5,17,8,25,33,5,11,11,61,19,11
20230313,서울특별시,11,서대문구,11410,서울특별시,11,동대문구,11230,3,21,10,43,47,4,14,11,95,26,13
20230313,서울특별시,11,양천구,11470,서울특별시,11,성동구,11200,3,35,30,27,60,13,18,3,117,174,19
20230313,서울특별시,11,양천구,11470,서울특별시,11,용산구,11170,3,10,12,39,40,8,18,0,26,19,9
20230313,서울특별시,11,양천구,11470,서울특별시,11,중구,11140,0,21,18,17,34,19,19,0,41,48,11
20230313,서울특별시,11,서대문구,11410,서울특별시,11,중랑구,11260,3,27,6,47,52,4,15,20,67,34,18
20230313,서울특별시,11,서대문구,11410,서울특별시,11,성북구,11290,5,35,21,69,54,7,22,16,77,30,18
20230313,서울특별시,11,서대문구,11410,서울특별시,11,강북구,11305,7,14,9,40,26,6,15,26,52,18,11
20230313,서울특별시,11,양천구,11470,서울특별시,11,광진구,11215,0,10,12,33,47,0,28,0,35,42,19
20230313,서울특별시,11,양천구,11470,서울특별시,11,종로구,11110,0,19,12,14,23,5,18,0,30,23,6
20230313,서울특별시,11,양천구,11470,서울특별시,11,동대문구,11230,0,24,18,31,41,15,32,3,44,30,10
20230313,서울특별시,11,양천구,11470,서울특별시,11,중랑구,11260,7,16,8,33,48,0,22,0,33,26,22
20230313,서울특별시,11,양천구,11470,서울특별시,11,성북구,11290,4,34,15,39,60,7,28,0,69,32,18
20230313,서울특별시,11,양천구,11470,서울특별시,11,강북구,11305,3,12,8,21,35,6,17,0,19,20,14
20230313,서울특별시,11,양천구,11470,서울특별시,11,도봉구,11320,0,5,5,13,47,0,15,0,22,17,17
20230313,서울특별시,11,서초구,11650,서울특별시,11,광진구,11215,7,57,31,26,79,6,68,7,68,32,34
20230313,서울특별시,11,서초구,11650,서울특별시,11,동대문구,11230,9,77,33,25,74,8,67,11,66,28,29
20230313,서울특별시,11,서초구,11650,서울특별시,11,중랑구,11260,6,46,19,24,73,4,71,4,56,19,18
20230313,서울특별시,11,서초구,11650,서울특별시,11,성북구,11290,13,90,43,22,90,8,95,12,65,39,32
20230313,서울특별시,11,서초구,11650,서울특별시,11,강북구,11305,6,43,24,16,48,3,37,4,50,19,31
20230313,서울특별시,11,서초구,11650,서울특별시,11,도봉구,11320,3,37,27,10,69,3,45,9,28,18,18
20230313,서울특별시,11,서초구,11650,서울특별시,11,노원구,11350,13,74,43,24,108,0,84,15,68,24,51
20230313,서울특별시,11,서초구,11650,서울특별시,11,은평구,11380,12,67,42,29,97,4,88,15,66,20,37
20230313,서울특별시,11,서초구,11650,서울특별시,11,서대문구,11410,17,65,38,22,84,7,57,11,61,19,29
20230313,서울특별시,11,서초구,11650,서울특별시,11,마포구,11440,11,109,48,32,109,14,88,18,84,41,57
20230313,서울특별시,11,서초구,11650,서울특별시,11,양천구,11470,10,75,55,28,90,7,73,13,62,34,36
20230313,서울특별시,11,서초구,11650,서울특별시,11,강동구,11740,13,79,45,35,75,10,93,9,73,24,43
20230313,서울특별시,11,서초구,11650,서울특별시,11,송파구,11710,17,146,63,50,151,15,150,19,108,58,60
20230313,서울특별시,11,서초구,11650,서울특별시,11,강남구,11680,30,220,122,58,267,26,198,26,185,59,114
20230313,서울특별시,11,서초구,11650,서울특별시,11,서초구,11650,33,180,116,41,178,23,325,18,188,53,70
20230313,서울특별시,11,서초구,11650,서울특별시,11,관악구,11620,20,61,57,43,105,5,89,12,90,32,50
20230313,서울특별시,11,서초구,11650,서울특별시,11,동작구,11590,15,67,67,34,79,4,65,12,75,36,49
20230313,서울특별시,11,서초구,11650,서울특별시,11,영등포구,11560,16,79,44,40,81,23,79,18,73,31,50
20230313,서울특별시,11,양천구,11470,서울특별시,11,노원구,11350,3,32,14,37,61,0,33,0,46,32,22
20230313,서울특별시,11,양천구,11470,서울특별시,11,은평구,11380,3,13,13,23,54,0,31,3,30,30,25
20230313,서울특별시,11,양천구,11470,서울특별시,11,서대문구,11410,3,13,8,37,57,10,29,0,41,75,19
20230313,서울특별시,11,양천구,11470,서울특별시,11,마포구,11440,0,38,15,42,63,6,39,0,45,39,23
20230313,서울특별시,11,양천구,11470,서울특별시,11,양천구,11470,3,35,33,29,64,18,59,5,58,49,19
20230313,서울특별시,11,양천구,11470,서울특별시,11,강서구,11500,6,36,34,49,91,12,65,3,79,50,22
20230314,서울특별시,11,도봉구,11320,서울특별시,11,송파구,11710,13,30,3,28,28,13,21,0,84,29,9
20230314,서울특별시,11,양천구,11470,서울특별시,11,강동구,11740,3,16,11,21,27,4,13,0,34,28,14
20230314,서울특별시,11,양천구,11470,서울특별시,11,송파구,11710,4,30,11,34,43,6,15,4,54,35,26
20230314,서울특별시,11,양천구,11470,서울특별시,11,강남구,11680,0,45,19,40,66,8,17,3,47,41,28
20230314,서울특별시,11,양천구,11470,서울특별시,11,서초구,11650,0,22,15,33,45,7,16,0,47,32,14
20230314,서울특별시,11,강서구,11500,서울특별시,11,강동구,11740,14,57,34,53,85,17,135,11,85,45,51
20230314,서울특별시,11,강서구,11500,서울특별시,11,송파구,11710,25,116,43,100,130,34,264,19,172,94,99
20230314,서울특별시,11,강서구,11500,서울특별시,11,강남구,11680,31,125,59,84,143,34,248,14,166,103,102
20230314,서울특별시,11,강서구,11500,서울특별시,11,서초구,11650,13,76,35,59,108,21,200,17,92,60,65
20230314,서울특별시,11,강서구,11500,서울특별시,11,관악구,11620,11,42,39,54,103,15,181,10,160,49,62
20230314,서울특별시,11,강서구,11500,서울특별시,11,동작구,11590,5,73,24,41,85,8,132,10,96,586,46
20230314,서울특별시,11,강서구,11500,서울특별시,11,영등포구,11560,11,69,35,82,71,11,132,15,120,76,52
20230314,서울특별시,11,강서구,11500,서울특별시,11,금천구,11545,10,46,14,33,47,9,65,14,106,38,44
20230314,서울특별시,11,강서구,11500,서울특별시,11,구로구,11530,10,52,35,48,74,17,122,10,103,61,54
20230314,서울특별시,11,강서구,11500,서울특별시,11,강서구,11500,13,111,61,69,111,48,223,15,190,69,91
20230314,서울특별시,11,강서구,11500,서울특별시,11,양천구,11470,9,72,34,36,55,14,147,10,89,63,45
20230314,서울특별시,11,강서구,11500,서울특별시,11,마포구,11440,9,64,29,62,82,16,140,12,113,40,62
20230314,서울특별시,11,강서구,11500,서울특별시,11,서대문구,11410,11,30,18,45,59,10,101,11,104,29,57
20230314,서울특별시,11,강서구,11500,서울특별시,11,은평구,11380,7,46,24,41,62,12,141,12,103,54,60
20230314,서울특별시,11,강서구,11500,서울특별시,11,노원구,11350,14,46,34,39,84,15,152,5,125,48,56
20230314,서울특별시,11,강서구,11500,서울특별시,11,도봉구,11320,8,32,16,26,43,7,103,3,59,26,27
20230314,서울특별시,11,강서구,11500,서울특별시,11,강북구,11305,6,34,14,17,46,6,78,7,79,42,39
20230314,서울특별시,11,강서구,11500,서울특별시,11,성북구,11290,12,73,26,37,77,10,146,16,134,70,48
20230314,서울특별시,11,강서구,11500,서울특별시,11,중랑구,11260,9,70,23,32,72,16,104,10,72,29,46
20230314,서울특별시,11,강서구,11500,서울특별시,11,동대문구,11230,10,64,28,30,50,10,105,13,106,64,25
20230314,서울특별시,11,강서구,11500,서울특별시,11,광진구,11215,10,38,26,45,72,11,123,13,110,65,51
20230314,서울특별시,11,강서구,11500,서울특별시,11,성동구,11200,9,71,33,45,72,33,108,24,125,82,39
20230314,서울특별시,11,강서구,11500,서울특별시,11,용산구,11170,10,41,24,54,52,6,90,13,68,37,26
20230314,서울특별시,11,강서구,11500,서울특별시,11,중구,11140,9,52,10,34,55,8,52,5,68,83,26
20230314,서울특별시,11,강서구,11500,서울특별시,11,종로구,11110,3,43,16,29,51,12,74,5,95,24,38
20230314,서울특별시,11,은평구,11380,서울특별시,11,종로구,11110,0,4,3,0,19,0,31,0,20,7,16
20230314,서울특별시,11,은평구,11380,서울특별시,11,중구,11140,0,22,4,0,20,4,29,0,23,5,24
20230314,서울특별시,11,은평구,11380,서울특별시,11,용산구,11170,0,3,4,8,28,4,40,0,24,7,30
20230314,서울특별시,11,은평구,11380,서울특별시,11,성동구,11200,0,21,17,7,43,9,39,5,65,31,42
20230314,서울특별시,11,은평구,11380,서울특별시,11,광진구,11215,6,8,6,0,40,6,78,0,23,9,28
20230314,서울특별시,11,은평구,11380,서울특별시,11,동대문구,11230,0,11,9,0,42,5,58,5,36,6,25
20230314,서울특별시,11,양천구,11470,서울특별시,11,관악구,11620,0,24,12,34,37,8,16,0,43,32,10
20230314,서울특별시,11,양천구,11470,서울특별시,11,동작구,11590,0,12,9,23,32,0,14,0,48,17,17
20230314,서울특별시,11,양천구,11470,서울특별시,11,영등포구,11560,4,27,17,26,35,10,17,0,54,28,15
20230314,서울특별시,11,양천구,11470,서울특별시,11,금천구,11545,0,16,5,14,25,0,7,0,46,28,7
20230314,서울특별시,11,양천구,11470,서울특별시,11,구로구,11530,7,17,14,24,28,4,11,3,48,21,23
20230314,서울특별시,11,양천구,11470,서울특별시,11,강서구,11500,3,28,18,31,61,7,37,3,75,32,27
20230314,서울특별시,11,양천구,11470,서울특별시,11,양천구,11470,0,20,18,24,26,5,47,0,47,29,13
20230314,서울특별시,11,양천구,11470,서울특별시,11,마포구,11440,0,21,8,26,38,7,15,0,48,31,13
20230314,서울특별시,11,양천구,11470,서울특별시,11,서대문구,11410,0,9,11,15,37,5,5,0,18,34,13
20230314,서울특별시,11,양천구,11470,서울특별시,11,은평구,11380,0,17,5,17,43,5,10,0,37,25,21
20230314,서울특별시,11,양천구,11470,서울특별시,11,노원구,11350,0,13,0,19,27,4,23,0,34,16,17
20230314,서울특별시,11,양천구,11470,서울특별시,11,도봉구,11320,0,6,0,14,16,0,5,0,26,29,9
20230314,서울특별시,11,양천구,11470,서울특별시,11,강북구,11305,0,0,0,20,19,0,8,0,29,19,5
20230314,서울특별시,11,양천구,11470,서울특별시,11,성북구,11290,4,36,3,22,30,5,14,0,54,33,13
20230314,서울특별시,11,양천구,11470,서울특별시,11,중랑구,11260,0,13,4,21,22,4,4,5,34,19,15
20230314,서울특별시,11,양천구,11470,서울특별시,11,동대문구,11230,0,17,6,22,25,9,18,0,45,27,13
20230314,서울특별시,11,양천구,11470,서울특별시,11,광진구,11215,0,17,5,24,25,6,12,0,40,29,17
20230314,서울특별시,11,양천구,11470,서울특별시,11,성동구,11200,0,28,19,20,24,19,6,0,86,118,14
20230314,서울특별시,11,양천구,11470,서울특별시,11,용산구,11170,0,10,6,25,32,5,11,0,24,30,11
20230314,서울특별시,11,양천구,11470,서울특별시,11,중구,11140,0,20,10,20,18,10,9,0,38,27,14
20230314,서울특별시,11,양천구,11470,서울특별시,11,종로구,11110,0,11,5,9,17,4,5,0,23,24,3
20230314,서울특별시,11,은평구,11380,서울특별시,11,중랑구,11260,0,10,5,0,37,3,64,4,23,9,29
20230314,서울특별시,11,은평구,11380,서울특별시,11,성북구,11290,4,19,0,4,61,8,65,0,37,18,46
20230314,서울특별시,11,은평구,11380,서울특별시,11,강북구,11305,0,5,4,0,31,7,52,0,23,9,24
20230314,서울특별시,11,은평구,11380,서울특별시,11,도봉구,11320,3,0,0,0,23,3,61,4,21,7,32
20230314,서울특별시,11,은평구,11380,서울특별시,11,노원구,11350,3,6,5,0,36,6,86,7,27,5,59
20230314,서울특별시,11,은평구,11380,서울특별시,11,은평구,11380,0,14,16,7,57,5,104,0,45,19,45
20230314,서울특별시,11,은평구,11380,서울특별시,11,서대문구,11410,0,9,8,0,47,9,116,0,21,8,25
20230314,서울특별시,11,은평구,11380,서울특별시,11,마포구,11440,5,17,10,11,41,9,77,0,31,9,47
20230314,서울특별시,11,은평구,11380,서울특별시,11,양천구,11470,0,13,9,0,55,9,77,4,27,13,41
20230314,서울특별시,11,은평구,11380,서울특별시,11,강서구,11500,5,17,7,5,60,11,176,5,49,13,63
20230314,서울특별시,11,은평구,11380,서울특별시,11,구로구,11530,0,9,9,5,39,3,68,0,39,12,46
20230314,서울특별시,11,은평구,11380,서울특별시,11,금천구,11545,0,7,5,5,28,5,42,0,35,9,17
20230314,서울특별시,11,은평구,11380,서울특별시,11,영등포구,11560,0,10,6,5,49,9,74,0,23,8,30
20230314,서울특별시,11,은평구,11380,서울특별시,11,동작구,11590,0,5,10,0,33,8,68,0,19,5,29
20230314,서울특별시,11,은평구,11380,서울특별시,11,관악구,11620,4,8,7,4,42,8,67,3,32,11,52
20230314,서울특별시,11,은평구,11380,서울특별시,11,서초구,11650,0,11,9,5,57,7,202,3,29,10,41
20230314,서울특별시,11,은평구,11380,서울특별시,11,강남구,11680,3,28,17,7,76,19,108,0,46,16,51
20230314,서울특별시,11,은평구,11380,서울특별시,11,송파구,11710,10,27,10,8,70,17,114,6,41,24,64
20230314,서울특별시,11,은평구,11380,서울특별시,11,강동구,11740,0,7,4,4,44,6,81,5,28,12,38
20230314,서울특별시,11,강남구,11680,서울특별시,11,강동구,11740,23,115,34,29,93,10,80,10,258,69,78
20230314,서울특별시,11,강남구,11680,서울특별시,11,송파구,11710,51,195,111,60,212,23,170,22,498,111,316
20230314,서울특별시,11,강남구,11680,서울특별시,11,강남구,11680,37,394,126,86,290,48,271,9,673,169,331
20230314,서울특별시,11,강남구,11680,서울특별시,11,서초구,11650,39,186,77,39,178,21,144,21,383,100,224
20230314,서울특별시,11,강남구,11680,서울특별시,11,관악구,11620,7,113,51,28,106,29,111,9,404,68,94
20230314,서울특별시,11,강남구,11680,서울특별시,11,동작구,11590,21,96,45,28,79,22,60,6,278,77,57
20230314,서울특별시,11,강남구,11680,서울특별시,11,영등포구,11560,33,163,53,52,136,22,100,9,273,98,98
20230314,서울특별시,11,강남구,11680,서울특별시,11,금천구,11545,10,70,18,22,64,8,58,11,229,50,66
20230314,서울특별시,11,강남구,11680,서울특별시,11,구로구,11530,22,102,35,32,92,15,78,8,225,68,50
20230314,서울특별시,11,강남구,11680,서울특별시,11,강서구,11500,27,138,50,56,147,23,119,10,444,99,117
20230314,서울특별시,11,강남구,11680,서울특별시,11,양천구,11470,18,98,56,27,93,11,83,6,235,83,61
20230314,서울특별시,11,강남구,11680,서울특별시,11,마포구,11440,21,151,69,42,126,15,89,8,304,80,86
20230314,서울특별시,11,강남구,11680,서울특별시,11,서대문구,11410,8,80,42,24,90,12,48,5,240,67,72
20230314,서울특별시,11,강남구,11680,서울특별시,11,은평구,11380,20,99,39,33,90,20,75,7,259,66,68
20230314,서울특별시,11,강남구,11680,서울특별시,11,노원구,11350,35,97,47,18,110,9,89,12,297,77,77
20230314,서울특별시,11,강남구,11680,서울특별시,11,도봉구,11320,9,54,24,12,47,7,50,4,182,51,48
20230314,서울특별시,11,강남구,11680,서울특별시,11,강북구,11305,11,58,28,16,59,4,51,4,188,39,41
20230314,서울특별시,11,강남구,11680,서울특별시,11,성북구,11290,32,104,49,22,88,19,89,10,335,81,67
20230314,서울특별시,11,강남구,11680,서울특별시,11,중랑구,11260,13,82,31,21,68,11,71,10,254,54,71
20230314,서울특별시,11,강북구,11305,서울특별시,11,강동구,11740,0,7,7,9,9,3,49,0,45,12,7
20230314,서울특별시,11,강북구,11305,서울특별시,11,송파구,11710,0,28,14,7,18,4,84,8,81,12,14
20230314,서울특별시,11,강북구,11305,서울특별시,11,강남구,11680,0,26,8,9,27,5,96,3,62,13,13
20230314,서울특별시,11,강북구,11305,서울특별시,11,서초구,11650,4,19,11,11,14,3,69,0,38,11,8
20230314,서울특별시,11,강북구,11305,서울특별시,11,관악구,11620,5,17,5,10,11,3,62,0,71,10,6
20230314,서울특별시,11,강북구,11305,서울특별시,11,동작구,11590,0,3,5,7,12,0,54,0,52,5,4
20230314,서울특별시,11,강북구,11305,서울특별시,11,영등포구,11560,3,18,3,5,9,6,52,0,48,10,11
20230314,서울특별시,11,강북구,11305,서울특별시,11,금천구,11545,0,12,0,8,10,0,21,0,53,10,6
20230314,서울특별시,11,강북구,11305,서울특별시,11,구로구,11530,4,12,8,8,12,5,46,0,46,9,6
20230314,서울특별시,11,강북구,11305,서울특별시,11,강서구,11500,0,31,4,13,15,4,60,4,91,9,11
20230314,서울특별시,11,강북구,11305,서울특별시,11,양천구,11470,3,15,4,0,11,0,48,0,45,5,11
20230314,서울특별시,11,강북구,11305,서울특별시,11,마포구,11440,0,17,8,8,9,3,50,5,45,20,12
20230314,서울특별시,11,강북구,11305,서울특별시,11,서대문구,11410,0,16,7,8,11,0,52,0,48,9,5
20230314,서울특별시,11,강북구,11305,서울특별시,11,은평구,11380,3,28,9,4,13,5,41,0,53,7,7
20230314,서울특별시,11,강북구,11305,서울특별시,11,노원구,11350,3,30,9,8,19,0,57,0,58,12,9
20230314,서울특별시,11,강북구,11305,서울특별시,11,도봉구,11320,0,15,0,7,6,0,28,0,38,5,6
20230314,서울특별시,11,강북구,11305,서울특별시,11,강북구,11305,3,21,4,5,9,0,37,5,51,10,4
20230314,서울특별시,11,강북구,11305,서울특별시,11,성북구,11290,6,28,12,5,9,5,50,0,72,6,3
20230314,서울특별시,11,강북구,11305,서울특별시,11,중랑구,11260,0,16,0,5,13,3,35,3,56,4,6
20230314,서울특별시,11,강북구,11305,서울특별시,11,동대문구,11230,0,16,0,0,11,3,55,0,52,10,5
20230314,서울특별시,11,강북구,11305,서울특별시,11,광진구,11215,0,22,5,8,16,3,48,0,59,8,4
20230314,서울특별시,11,강북구,11305,서울특별시,11,성동구,11200,0,33,10,6,12,6,38,4,63,35,0
20230314,서울특별시,11,강북구,11305,서울특별시,11,용산구,11170,0,4,6,12,8,3,34,0,19,5,7
20230314,서울특별시,11,강북구,11305,서울특별시,11,중구,11140,0,7,5,5,10,0,33,0,31,3,4
20230314,서울특별시,11,강북구,11305,서울특별시,11,종로구,11110,0,9,3,0,5,0,15,0,22,11,4
20230314,서울특별시,11,성북구,11290,서울특별시,11,강동구,11740,5,70,14,23,42,8,54,20,302,69,13
20230314,서울특별시,11,성북구,11290,서울특별시,11,송파구,11710,13,91,16,39,51,25,94,25,450,128,35
20230314,서울특별시,11,성북구,11290,서울특별시,11,강남구,11680,11,123,22,37,60,22,96,19,478,155,15
20230314,서울특별시,11,성북구,11290,서울특별시,11,서초구,11650,9,80,15,21,29,16,63,23,293,85,10
20230314,서울특별시,11,성북구,11290,서울특별시,11,관악구,11620,11,59,15,20,44,14,50,15,442,122,13
20230314,서울특별시,11,성북구,11290,서울특별시,11,동작구,11590,5,52,11,19,33,10,27,10,257,74,11
20230314,서울특별시,11,성북구,11290,서울특별시,11,영등포구,11560,9,68,18,21,27,5,52,20,293,119,17
20230314,서울특별시,11,성북구,11290,서울특별시,11,금천구,11545,0,41,6,13,18,12,32,7,212,59,7
20230314,서울특별시,11,성북구,11290,서울특별시,11,구로구,11530,6,57,14,18,32,16,52,28,242,78,7
20230314,서울특별시,11,성북구,11290,서울특별시,11,강서구,11500,6,74,17,23,54,17,70,21,434,123,21
20230314,서울특별시,11,성북구,11290,서울특별시,11,양천구,11470,8,59,12,19,33,10,63,20,259,93,16
20230314,서울특별시,11,성북구,11290,서울특별시,11,마포구,11440,7,79,12,20,46,8,47,12,307,97,18
20230314,서울특별시,11,성북구,11290,서울특별시,11,서대문구,11410,7,46,6,14,38,14,39,10,230,69,11
20230314,서울특별시,11,성북구,11290,서울특별시,11,은평구,11380,4,61,12,20,26,10,47,15,310,93,11
20230314,서울특별시,11,성북구,11290,서울특별시,11,노원구,11350,13,46,9,15,36,13,64,14,342,91,14
20230314,서울특별시,11,성북구,11290,서울특별시,11,도봉구,11320,6,40,9,6,27,4,41,17,210,45,8
20230314,서울특별시,11,성북구,11290,서울특별시,11,강북구,11305,4,28,8,13,23,8,41,10,182,60,10
20230314,서울특별시,11,성북구,11290,서울특별시,11,성북구,11290,8,69,22,24,44,11,86,10,367,104,19
20230314,서울특별시,11,성북구,11290,서울특별시,11,중랑구,11260,8,55,12,16,43,8,43,15,243,80,7
20230314,서울특별시,11,성북구,11290,서울특별시,11,동대문구,11230,8,53,12,8,27,7,46,15,273,74,12
20230314,서울특별시,11,성북구,11290,서울특별시,11,광진구,11215,13,45,9,18,28,12,44,8,265,101,9
20230314,서울특별시,11,성북구,11290,서울특별시,11,성동구,11200,7,88,20,13,25,14,38,8,300,97,4
20230314,서울특별시,11,성북구,11290,서울특별시,11,용산구,11170,8,40,10,14,24,6,38,9,160,60,11
20230314,서울특별시,11,성북구,11290,서울특별시,11,중구,11140,3,66,8,12,26,8,28,6,156,41,7
20230314,서울특별시,11,성북구,11290,서울특별시,11,종로구,11110,5,33,11,9,14,4,30,10,121,42,6
20230314,서울특별시,11,중구,11140,서울특별시,11,종로구,11110,8,67,29,0,85,0,19,3,86,28,6
20230314,서울특별시,11,중구,11140,서울특별시,11,중구,11140,6,77,26,12,79,4,33,0,152,34,8
20230314,서울특별시,11,중구,11140,서울특별시,11,용산구,11170,12,82,26,16,59,6,21,3,157,37,7
20230314,서울특별시,11,중구,11140,서울특별시,11,성동구,11200,7,97,33,7,62,9,24,3,264,62,12
20230314,서울특별시,11,중구,11140,서울특별시,11,광진구,11215,11,45,26,7,83,7,18,3,207,45,15
20230314,서울특별시,11,중구,11140,서울특별시,11,동대문구,11230,0,54,20,5,72,3,39,3,184,50,10
20230314,서울특별시,11,중구,11140,서울특별시,11,중랑구,11260,4,45,12,6,64,8,22,3,146,44,4
20230314,서울특별시,11,중구,11140,서울특별시,11,성북구,11290,16,67,24,15,89,10,17,5,238,54,5
20230314,서울특별시,11,중구,11140,서울특별시,11,강북구,11305,3,29,16,4,18,5,14,0,122,27,4
20230314,서울특별시,11,중구,11140,서울특별시,11,도봉구,11320,3,21,8,3,44,4,14,7,103,29,7
20230314,서울특별시,11,중구,11140,서울특별시,11,노원구,11350,12,54,19,10,55,11,32,3,180,62,9
20230314,서울특별시,11,중구,11140,서울특별시,11,은평구,11380,6,48,18,8,50,7,41,6,180,57,10
20230314,서울특별시,11,중구,11140,서울특별시,11,서대문구,11410,6,46,29,9,87,7,33,3,170,107,11
20230314,서울특별시,11,중구,11140,서울특별시,11,마포구,11440,16,98,46,9,103,12,30,5,251,61,19
20230314,서울특별시,11,중구,11140,서울특별시,11,양천구,11470,13,54,27,6,67,10,16,8,193,59,7
20230314,서울특별시,11,중구,11140,서울특별시,11,강서구,11500,6,84,34,21,104,9,33,3,305,85,16
20230314,서울특별시,11,중구,11140,서울특별시,11,구로구,11530,8,46,24,11,59,0,18,4,164,35,4
20230314,서울특별시,11,중구,11140,서울특별시,11,금천구,11545,8,35,14,9,57,5,14,0,133,31,6
20230314,서울특별시,11,중구,11140,서울특별시,11,영등포구,11560,9,67,40,13,88,7,26,3,233,52,15
20230314,서울특별시,11,중구,11140,서울특별시,11,동작구,11590,6,55,20,4,57,7,25,0,184,53,16
20230314,서울특별시,11,중구,11140,서울특별시,11,관악구,11620,4,78,28,16,80,4,19,5,284,69,16
20230314,서울특별시,11,중구,11140,서울특별시,11,서초구,11650,16,94,59,12,162,6,38,3,219,67,17
20230314,서울특별시,11,중구,11140,서울특별시,11,강남구,11680,19,115,65,22,263,15,47,4,354,95,23
20230314,서울특별시,11,중구,11140,서울특별시,11,송파구,11710,10,102,41,10,186,7,38,11,357,94,13
20230314,서울특별시,11,중구,11140,서울특별시,11,강동구,11740,9,35,14,8,68,7,25,4,198,56,9
20230314,서울특별시,11,도봉구,11320,서울특별시,11,강동구,11740,5,16,6,22,17,5,15,4,66,27,0
20230314,서울특별시,11,도봉구,11320,서울특별시,11,강남구,11680,9,51,7,33,55,12,27,3,81,19,10
20230314,서울특별시,11,도봉구,11320,서울특별시,11,서초구,11650,10,18,6,18,28,11,19,0,41,12,4
20230314,서울특별시,11,도봉구,11320,서울특별시,11,관악구,11620,7,14,11,29,17,4,9,0,74,23,6
20230314,서울특별시,11,도봉구,11320,서울특별시,11,동작구,11590,6,16,0,20,16,4,11,4,70,15,0
20230314,서울특별시,11,도봉구,11320,서울특별시,11,영등포구,11560,11,23,3,26,22,6,21,0,58,26,0
20230314,서울특별시,11,도봉구,11320,서울특별시,11,금천구,11545,0,11,5,12,18,3,6,0,53,16,8
20230314,서울특별시,11,도봉구,11320,서울특별시,11,구로구,11530,10,14,8,19,21,3,8,0,63,16,0
20230314,서울특별시,11,도봉구,11320,서울특별시,11,강서구,11500,8,23,4,22,30,3,17,0,97,19,9
20230314,서울특별시,11,도봉구,11320,서울특별시,11,양천구,11470,8,25,0,11,20,5,9,0,66,14,3
20230314,서울특별시,11,도봉구,11320,서울특별시,11,마포구,11440,10,19,0,30,31,10,23,0,71,13,3
20230314,서울특별시,11,도봉구,11320,서울특별시,11,서대문구,11410,8,17,4,13,12,3,6,3,43,13,3
20230314,서울특별시,11,도봉구,11320,서울특별시,11,은평구,11380,6,18,5,18,26,3,13,4,67,13,4
20230314,서울특별시,11,도봉구,11320,서울특별시,11,노원구,11350,4,14,7,16,26,6,15,5,71,24,6
20230314,서울특별시,11,도봉구,11320,서울특별시,11,도봉구,11320,5,16,9,10,9,5,23,0,39,12,4
20230314,서울특별시,11,도봉구,11320,서울특별시,11,강북구,11305,0,9,0,11,16,0,13,0,62,11,4
20230314,서울특별시,11,도봉구,11320,서울특별시,11,성북구,11290,6,22,0,21,24,6,20,0,68,17,3
20230314,서울특별시,11,도봉구,11320,서울특별시,11,중랑구,11260,6,11,0,24,26,7,4,5,62,21,3
20230314,서울특별시,11,도봉구,11320,서울특별시,11,동대문구,11230,7,16,0,12,13,6,13,4,77,12,8
20230314,서울특별시,11,도봉구,11320,서울특별시,11,광진구,11215,4,13,5,15,17,10,10,0,54,16,3
20230314,서울특별시,11,도봉구,11320,서울특별시,11,성동구,11200,4,19,13,18,20,5,6,4,60,25,4
20230314,서울특별시,11,도봉구,11320,서울특별시,11,용산구,11170,6,13,0,28,20,3,10,0,30,9,7
20230314,서울특별시,11,도봉구,11320,서울특별시,11,중구,11140,0,32,3,9,13,0,10,0,30,8,3
20230314,서울특별시,11,도봉구,11320,서울특별시,11,종로구,11110,3,25,9,11,19,0,7,0,20,6,0
20230314,서울특별시,11,서초구,11650,서울특별시,11,종로구,11110,7,40,30,10,33,6,46,4,39,14,8
20230314,서울특별시,11,서초구,11650,서울특별시,11,중구,11140,8,53,20,10,45,0,44,5,51,8,19
20230314,서울특별시,11,서초구,11650,서울특별시,11,용산구,11170,6,38,26,27,46,7,45,14,52,14,14
20230314,서울특별시,11,서초구,11650,서울특별시,11,성동구,11200,7,60,39,18,62,9,41,11,110,35,14
20230314,서울특별시,11,서초구,11650,서울특별시,11,광진구,11215,7,67,22,16,70,4,34,10,54,14,23
20230314,서울특별시,11,서초구,11650,서울특별시,11,동대문구,11230,12,55,25,15,49,4,44,8,56,19,10
20230314,서울특별시,11,서초구,11650,서울특별시,11,중랑구,11260,7,46,16,13,48,4,38,11,51,12,14
20230314,서울특별시,11,서초구,11650,서울특별시,11,성북구,11290,6,71,36,14,67,6,52,10,75,20,23
20230314,서울특별시,11,서초구,11650,서울특별시,11,강북구,11305,0,31,8,10,41,10,23,4,26,12,17
20230314,서울특별시,11,서초구,11650,서울특별시,11,도봉구,11320,4,28,16,4,32,3,36,0,23,8,10
20230314,서울특별시,11,서초구,11650,서울특별시,11,노원구,11350,6,73,48,22,74,4,46,19,51,21,15
20230314,서울특별시,11,서초구,11650,서울특별시,11,은평구,11380,4,36,32,15,75,3,47,10,59,15,14
20230314,서울특별시,11,서초구,11650,서울특별시,11,서대문구,11410,4,37,30,12,57,3,41,10,44,24,27
20230314,서울특별시,11,서초구,11650,서울특별시,11,마포구,11440,11,66,41,24,86,6,55,13,74,18,33
20230314,서울특별시,11,서초구,11650,서울특별시,11,양천구,11470,7,59,27,16,86,7,48,16,45,14,16
20230314,서울특별시,11,서초구,11650,서울특별시,11,강서구,11500,9,72,31,28,93,4,73,17,86,26,39
20230314,서울특별시,11,서초구,11650,서울특별시,11,구로구,11530,3,41,23,19,98,0,71,15,40,14,16
20230314,서울특별시,11,서초구,11650,서울특별시,11,금천구,11545,3,33,23,19,32,4,27,10,60,19,22
20230314,서울특별시,11,서초구,11650,서울특별시,11,영등포구,11560,6,69,43,29,84,9,78,14,63,24,30
20230314,서울특별시,11,서초구,11650,서울특별시,11,동작구,11590,14,60,36,16,77,7,59,15,49,18,16
20230314,서울특별시,11,서초구,11650,서울특별시,11,관악구,11620,8,54,33,23,71,4,49,17,85,24,35
20230314,서울특별시,11,서초구,11650,서울특별시,11,서초구,11650,30,134,142,46,160,17,343,27,155,38,48
20230314,서울특별시,11,서초구,11650,서울특별시,11,강남구,11680,32,215,127,54,203,18,130,26,159,53,75
20230314,서울특별시,11,서초구,11650,서울특별시,11,송파구,11710,11,103,46,24,131,11,69,27,90,33,38
20230314,서울특별시,11,서초구,11650,서울특별시,11,강동구,11740,6,63,22,24,75,7,44,15,54,20,25
20230314,서울특별시,11,송파구,11710,서울특별시,11,강동구,11740,7,62,23,11,28,19,70,5,122,32,23
20230314,서울특별시,11,송파구,11710,서울특별시,11,송파구,11710,20,116,52,33,87,26,152,7,268,55,44
20230314,서울특별시,11,송파구,11710,서울특별시,11,강남구,11680,29,116,112,32,103,26,97,3,203,73,34
20230314,서울특별시,11,송파구,11710,서울특별시,11,서초구,11650,17,59,31,14,57,25,72,4,111,52,27
20230314,서울특별시,11,송파구,11710,서울특별시,11,관악구,11620,8,47,17,19,47,21,39,0,181,48,16
20230314,서울특별시,11,송파구,11710,서울특별시,11,동작구,11590,6,34,11,15,35,13,49,0,106,26,18
20230314,서울특별시,11,송파구,11710,서울특별시,11,영등포구,11560,12,55,15,17,47,11,47,0,112,40,18
20230314,서울특별시,11,송파구,11710,서울특별시,11,금천구,11545,0,35,14,13,36,9,28,0,128,38,5
20230314,서울특별시,11,송파구,11710,서울특별시,11,구로구,11530,4,38,29,17,26,15,26,7,105,32,11
20230314,서울특별시,11,송파구,11710,서울특별시,11,강서구,11500,8,68,21,27,63,23,64,8,171,47,33
20230314,서울특별시,11,송파구,11710,서울특별시,11,양천구,11470,10,40,15,10,32,12,42,4,99,40,12
20230314,서울특별시,11,송파구,11710,서울특별시,11,마포구,11440,6,53,25,14,37,16,44,6,124,37,22
20230314,서울특별시,11,송파구,11710,서울특별시,11,서대문구,11410,3,33,11,11,24,15,39,3,92,29,10
20230314,서울특별시,11,송파구,11710,서울특별시,11,은평구,11380,0,25,18,12,36,8,28,4,91,36,15
20230314,서울특별시,11,송파구,11710,서울특별시,11,노원구,11350,9,34,9,12,45,15,49,0,101,36,15
20230314,서울특별시,11,송파구,11710,서울특별시,11,도봉구,11320,0,13,7,10,18,3,27,0,64,21,9
20230314,서울특별시,11,송파구,11710,서울특별시,11,강북구,11305,6,31,18,9,16,4,29,0,66,19,9
20230314,서울특별시,11,송파구,11710,서울특별시,11,성북구,11290,11,63,11,14,36,14,39,0,151,43,21
20230314,서울특별시,11,송파구,11710,서울특별시,11,중랑구,11260,9,44,9,5,28,17,38,0,91,19,12
20230314,서울특별시,11,송파구,11710,서울특별시,11,동대문구,11230,8,46,16,9,33,10,40,7,110,28,16
20230314,서울특별시,11,송파구,11710,서울특별시,11,광진구,11215,7,40,11,8,34,11,45,0,111,38,14
20230314,서울특별시,11,송파구,11710,서울특별시,11,성동구,11200,21,59,36,9,29,19,37,0,180,51,25
20230314,서울특별시,11,송파구,11710,서울특별시,11,용산구,11170,3,28,12,34,26,13,28,3,65,21,11
20230314,서울특별시,11,송파구,11710,서울특별시,11,중구,11140,9,36,10,6,32,8,32,0,73,39,13
20230314,서울특별시,11,송파구,11710,서울특별시,11,종로구,11110,5,28,10,7,17,12,37,0,50,27,5
20230314,서울특별시,11,노원구,11350,서울특별시,11,강동구,11740,0,20,9,11,43,3,25,15,44,12,10
20230314,서울특별시,11,노원구,11350,서울특별시,11,송파구,11710,11,31,18,37,70,11,34,17,52,10,10
20230314,서울특별시,11,노원구,11350,서울특별시,11,강남구,11680,10,44,14,49,76,4,43,6,61,14,19
20230314,서울특별시,11,노원구,11350,서울특별시,11,서초구,11650,5,13,4,9,53,4,32,10,46,9,5
20230314,서울특별시,11,노원구,11350,서울특별시,11,관악구,11620,0,14,8,10,49,4,33,0,43,14,16
20230314,서울특별시,11,노원구,11350,서울특별시,11,동작구,11590,4,10,10,13,26,0,22,9,47,14,9
20230314,서울특별시,11,노원구,11350,서울특별시,11,영등포구,11560,0,22,7,14,35,0,30,7,38,13,10
20230314,서울특별시,11,노원구,11350,서울특별시,11,금천구,11545,4,64,5,15,28,5,11,4,42,18,4
20230314,서울특별시,11,노원구,11350,서울특별시,11,구로구,11530,0,10,9,7,31,0,29,13,54,11,8
20230314,서울특별시,11,노원구,11350,서울특별시,11,강서구,11500,7,7,10,13,67,3,37,19,73,20,21
20230314,서울특별시,11,노원구,11350,서울특별시,11,양천구,11470,3,12,7,10,19,0,27,10,31,9,12
20230314,서울특별시,11,노원구,11350,서울특별시,11,마포구,11440,6,12,5,10,55,5,15,7,40,12,11
20230314,서울특별시,11,노원구,11350,서울특별시,11,서대문구,11410,3,14,3,11,28,3,27,6,36,7,10
20230314,서울특별시,11,노원구,11350,서울특별시,11,은평구,11380,0,10,7,4,39,6,32,16,42,10,7
20230314,서울특별시,11,구로구,11530,서울특별시,11,강동구,11740,20,61,12,30,42,8,8,12,130,20,29
20230314,서울특별시,11,구로구,11530,서울특별시,11,송파구,11710,27,89,25,55,70,13,24,30,148,37,33
20230314,서울특별시,11,구로구,11530,서울특별시,11,강남구,11680,26,105,38,67,131,18,19,24,119,37,49
20230314,서울특별시,11,구로구,11530,서울특별시,11,서초구,11650,17,83,24,38,52,5,11,16,86,12,30
20230314,서울특별시,11,구로구,11530,서울특별시,11,관악구,11620,33,85,12,45,44,10,15,17,113,37,33
20230314,서울특별시,11,구로구,11530,서울특별시,11,동작구,11590,14,68,12,31,46,6,14,6,89,21,24
20230314,서울특별시,11,구로구,11530,서울특별시,11,영등포구,11560,17,70,14,41,47,8,5,16,116,29,27
20230314,서울특별시,11,구로구,11530,서울특별시,11,금천구,11545,11,37,9,30,36,6,21,16,104,14,16
20230314,서울특별시,11,구로구,11530,서울특별시,11,구로구,11530,19,81,12,39,47,6,41,17,122,23,32
20230314,서울특별시,11,구로구,11530,서울특별시,11,강서구,11500,20,87,23,46,68,8,17,27,148,38,34
20230314,서울특별시,11,구로구,11530,서울특별시,11,양천구,11470,21,48,19,21,35,4,14,16,92,24,24
20230314,서울특별시,11,구로구,11530,서울특별시,11,마포구,11440,24,55,28,47,51,9,5,20,85,23,23
20230314,서울특별시,11,구로구,11530,서울특별시,11,서대문구,11410,12,54,11,26,42,10,9,15,85,18,14
20230314,서울특별시,11,구로구,11530,서울특별시,11,은평구,11380,12,49,11,28,42,8,14,28,80,25,20
20230314,서울특별시,11,구로구,11530,서울특별시,11,노원구,11350,21,52,22,23,32,13,9,19,88,19,19
20230314,서울특별시,11,구로구,11530,서울특별시,11,도봉구,11320,10,30,10,11,30,9,12,9,77,12,13
20230314,서울특별시,11,구로구,11530,서울특별시,11,강북구,11305,10,27,7,17,22,7,4,11,62,18,18
20230314,서울특별시,11,구로구,11530,서울특별시,11,성북구,11290,19,71,18,37,45,7,13,26,137,25,20
20230314,서울특별시,11,구로구,11530,서울특별시,11,중랑구,11260,10,61,9,25,35,6,6,12,99,22,11
20230314,서울특별시,11,구로구,11530,서울특별시,11,동대문구,11230,27,56,14,32,32,8,7,8,88,23,21
20230314,서울특별시,11,구로구,11530,서울특별시,11,광진구,11215,14,47,8,17,41,3,4,20,81,19,23
20230314,서울특별시,11,구로구,11530,서울특별시,11,성동구,11200,9,54,27,39,33,12,5,9,101,30,15
20230314,서울특별시,11,구로구,11530,서울특별시,11,용산구,11170,12,31,14,36,40,5,10,7,49,21,24
20230314,서울특별시,11,구로구,11530,서울특별시,11,중구,11140,5,45,5,23,27,0,8,7,57,13,10
20230314,서울특별시,11,구로구,11530,서울특별시,11,종로구,11110,6,26,7,19,41,5,6,11,30,10,12
20230314,서울특별시,11,종로구,11110,서울특별시,11,강동구,11740,8,27,21,8,34,0,9,6,145,30,14
20230314,서울특별시,11,종로구,11110,서울특별시,11,송파구,11710,11,67,25,30,58,4,21,8,233,85,25
20230314,서울특별시,11,종로구,11110,서울특별시,11,강남구,11680,16,90,38,27,69,11,41,5,269,79,21
20230314,서울특별시,11,종로구,11110,서울특별시,11,서초구,11650,13,54,36,12,38,4,23,5,143,51,25
20230314,서울특별시,11,종로구,11110,서울특별시,11,관악구,11620,7,33,22,18,22,3,17,0,199,40,12
20230314,서울특별시,11,종로구,11110,서울특별시,11,동작구,11590,6,24,20,14,25,4,8,0,146,27,14
20230314,서울특별시,11,종로구,11110,서울특별시,11,영등포구,11560,14,53,12,10,35,0,22,6,141,54,10
20230314,서울특별시,11,종로구,11110,서울특별시,11,금천구,11545,11,28,0,8,21,4,14,4,98,29,7
20230314,서울특별시,11,종로구,11110,서울특별시,11,구로구,11530,9,35,9,12,29,0,18,0,117,34,5
20230314,서울특별시,11,종로구,11110,서울특별시,11,강서구,11500,13,51,26,18,36,4,20,7,226,68,16
20230314,서울특별시,11,종로구,11110,서울특별시,11,양천구,11470,10,32,14,11,39,0,14,0,129,34,8
20230314,서울특별시,11,노원구,11350,서울특별시,11,노원구,11350,4,12,16,10,39,4,58,14,67,17,12
20230314,서울특별시,11,노원구,11350,서울특별시,11,도봉구,11320,0,14,9,5,23,3,23,11,35,6,8
20230314,서울특별시,11,노원구,11350,서울특별시,11,강북구,11305,0,12,11,7,27,5,12,0,25,5,0
20230314,서울특별시,11,노원구,11350,서울특별시,11,성북구,11290,0,17,11,13,44,0,29,5,57,15,6
20230314,서울특별시,11,노원구,11350,서울특별시,11,중랑구,11260,4,15,7,11,43,4,21,8,43,8,8
20230314,서울특별시,11,노원구,11350,서울특별시,11,동대문구,11230,3,16,3,4,26,6,20,13,51,15,8
20230314,서울특별시,11,노원구,11350,서울특별시,11,광진구,11215,4,13,4,10,31,5,16,7,48,5,12
20230314,서울특별시,11,노원구,11350,서울특별시,11,성동구,11200,5,29,15,9,34,3,22,7,77,18,3
20230314,서울특별시,11,노원구,11350,서울특별시,11,용산구,11170,0,9,4,20,20,3,12,4,28,4,0
20230314,서울특별시,11,노원구,11350,서울특별시,11,중구,11140,4,22,9,0,19,0,15,7,34,9,10
20230314,서울특별시,11,노원구,11350,서울특별시,11,종로구,11110,3,13,7,5,21,0,14,4,28,6,0
20230314,서울특별시,11,영등포구,11560,서울특별시,11,종로구,11110,4,54,10,13,35,0,28,3,27,18,9
20230314,서울특별시,11,영등포구,11560,서울특별시,11,중구,11140,5,76,13,11,46,3,43,4,53,17,15
20230314,서울특별시,11,영등포구,11560,서울특별시,11,용산구,11170,7,71,18,33,51,3,40,5,44,34,17
20230314,서울특별시,11,영등포구,11560,서울특별시,11,성동구,11200,6,80,30,30,48,0,20,4,100,47,17
20230314,서울특별시,11,영등포구,11560,서울특별시,11,광진구,11215,4,56,9,20,34,3,29,0,61,32,14
20230314,서울특별시,11,영등포구,11560,서울특별시,11,동대문구,11230,6,100,8,13,40,3,23,0,56,22,16
20230314,서울특별시,11,영등포구,11560,서울특별시,11,중랑구,11260,5,84,21,11,29,9,17,0,41,22,20
20230314,서울특별시,11,영등포구,11560,서울특별시,11,성북구,11290,6,75,17,13,48,3,42,4,99,45,51
20230314,서울특별시,11,영등포구,11560,서울특별시,11,강북구,11305,4,68,13,15,17,3,19,0,31,36,31
20230314,서울특별시,11,영등포구,11560,서울특별시,11,도봉구,11320,0,62,6,15,32,0,26,0,41,22,16
20230314,서울특별시,11,영등포구,11560,서울특별시,11,노원구,11350,5,84,7,21,50,3,31,5,53,40,30
20230314,서울특별시,11,영등포구,11560,서울특별시,11,은평구,11380,6,65,12,19,42,4,25,3,52,33,24
20230314,서울특별시,11,영등포구,11560,서울특별시,11,서대문구,11410,5,63,9,15,39,4,23,3,63,31,16
20230314,서울특별시,11,영등포구,11560,서울특별시,11,마포구,11440,5,103,15,23,54,6,49,6,96,53,25
20230314,서울특별시,11,영등포구,11560,서울특별시,11,양천구,11470,6,80,14,22,42,3,31,0,45,37,17
20230314,서울특별시,11,영등포구,11560,서울특별시,11,강서구,11500,11,121,20,40,69,5,27,3,69,45,23
20230314,서울특별시,11,영등포구,11560,서울특별시,11,구로구,11530,5,88,17,20,56,3,26,4,59,37,33
20230314,서울특별시,11,영등포구,11560,서울특별시,11,금천구,11545,5,82,13,16,38,6,13,0,56,22,16
20230314,서울특별시,11,영등포구,11560,서울특별시,11,영등포구,11560,9,117,33,27,60,6,67,0,62,38,29
20230314,서울특별시,11,영등포구,11560,서울특별시,11,동작구,11590,4,77,13,31,39,0,26,0,51,32,18
20230314,서울특별시,11,영등포구,11560,서울특별시,11,관악구,11620,4,120,19,20,69,5,30,3,71,43,37
20230314,서울특별시,11,영등포구,11560,서울특별시,11,서초구,11650,9,107,24,33,81,6,53,6,65,41,36
20230314,서울특별시,11,영등포구,11560,서울특별시,11,강남구,11680,10,178,26,56,107,10,68,0,118,45,41
20230314,서울특별시,11,영등포구,11560,서울특별시,11,송파구,11710,8,142,31,40,67,9,53,0,103,56,37
20230314,서울특별시,11,영등포구,11560,서울특별시,11,강동구,11740,3,95,8,21,54,0,28,3,53,46,31
20230314,서울특별시,11,관악구,11620,서울특별시,11,종로구,11110,0,20,29,4,9,3,7,0,31,8,0
20230314,서울특별시,11,관악구,11620,서울특별시,11,중구,11140,9,20,15,11,8,0,10,0,46,12,3
20230314,서울특별시,11,관악구,11620,서울특별시,11,용산구,11170,0,14,25,11,11,0,17,0,17,8,6
20230314,서울특별시,11,관악구,11620,서울특별시,11,성동구,11200,0,32,43,9,20,0,10,4,96,42,3
20230314,서울특별시,11,관악구,11620,서울특별시,11,광진구,11215,0,29,23,8,24,0,15,4,38,13,5
20230314,서울특별시,11,관악구,11620,서울특별시,11,동대문구,11230,0,15,44,4,21,0,14,3,43,24,8
20230314,서울특별시,11,관악구,11620,서울특별시,11,중랑구,11260,0,12,5,7,18,0,19,0,45,22,4
20230314,서울특별시,11,관악구,11620,서울특별시,11,성북구,11290,0,20,35,14,12,3,17,6,57,31,10
20230314,서울특별시,11,관악구,11620,서울특별시,11,강북구,11305,0,11,13,6,12,0,7,0,27,16,5
20230314,서울특별시,11,관악구,11620,서울특별시,11,도봉구,11320,0,12,8,0,11,0,9,0,50,14,3
20230314,서울특별시,11,관악구,11620,서울특별시,11,노원구,11350,0,10,27,5,19,4,27,5,54,18,10
20230314,서울특별시,11,관악구,11620,서울특별시,11,은평구,11380,4,17,12,8,23,0,18,0,55,23,12
20230314,서울특별시,11,관악구,11620,서울특별시,11,서대문구,11410,4,11,29,4,16,3,8,0,28,20,4
20230314,서울특별시,11,관악구,11620,서울특별시,11,마포구,11440,0,16,31,8,28,3,17,0,39,20,12
20230314,서울특별시,11,관악구,11620,서울특별시,11,양천구,11470,3,27,20,7,15,0,18,3,46,16,6
20230314,서울특별시,11,관악구,11620,서울특별시,11,강서구,11500,3,33,23,12,35,0,26,0,67,33,16
20230314,서울특별시,11,관악구,11620,서울특별시,11,구로구,11530,4,18,16,7,17,0,31,6,53,16,10
20230314,서울특별시,11,관악구,11620,서울특별시,11,금천구,11545,4,18,13,13,29,0,13,3,53,25,58
20230314,서울특별시,11,관악구,11620,서울특별시,11,영등포구,11560,3,19,26,11,21,5,22,0,34,20,10
20230314,서울특별시,11,관악구,11620,서울특별시,11,동작구,11590,4,26,35,18,19,0,24,4,57,20,99
20230314,서울특별시,11,관악구,11620,서울특별시,11,관악구,11620,5,61,63,14,38,0,48,3,76,28,128
20230314,서울특별시,11,관악구,11620,서울특별시,11,서초구,11650,3,23,32,8,28,3,33,0,42,25,14
20230314,서울특별시,11,관악구,11620,서울특별시,11,강남구,11680,8,62,43,11,37,0,37,4,53,30,18
20230314,서울특별시,11,관악구,11620,서울특별시,11,송파구,11710,10,23,36,12,34,3,29,3,55,41,12
20230314,서울특별시,11,관악구,11620,서울특별시,11,강동구,11740,3,23,15,12,20,0,14,0,32,25,10
20230314,서울특별시,11,종로구,11110,서울특별시,11,마포구,11440,12,49,28,16,35,0,14,4,184,57,22
20230314,서울특별시,11,종로구,11110,서울특별시,11,서대문구,11410,9,22,17,9,26,0,10,6,142,30,7
20230314,서울특별시,11,종로구,11110,서울특별시,11,은평구,11380,6,24,20,19,29,0,10,5,160,37,9
20230314,서울특별시,11,종로구,11110,서울특별시,11,노원구,11350,6,39,17,21,33,0,9,15,172,48,18
20230314,서울특별시,11,종로구,11110,서울특별시,11,도봉구,11320,0,25,17,8,23,3,8,5,74,36,5
20230314,서울특별시,11,종로구,11110,서울특별시,11,강북구,11305,7,41,12,6,15,0,11,0,77,22,7
20230314,서울특별시,11,종로구,11110,서울특별시,11,성북구,11290,9,30,23,15,42,3,17,6,157,42,11
20230314,서울특별시,11,종로구,11110,서울특별시,11,중랑구,11260,6,36,10,11,23,3,6,5,109,40,11
20230314,서울특별시,11,종로구,11110,서울특별시,11,동대문구,11230,13,31,23,10,33,0,13,0,170,21,12
20230314,서울특별시,11,종로구,11110,서울특별시,11,광진구,11215,7,43,20,10,20,0,17,5,158,27,14
20230314,서울특별시,11,종로구,11110,서울특별시,11,성동구,11200,4,51,18,12,32,5,16,5,172,40,16
20230314,서울특별시,11,종로구,11110,서울특별시,11,용산구,11170,6,42,15,20,24,0,22,3,107,34,11
20230314,서울특별시,11,종로구,11110,서울특별시,11,중구,11140,10,29,15,10,22,0,15,0,82,42,11
20230314,서울특별시,11,종로구,11110,서울특별시,11,종로구,11110,6,43,38,6,25,0,25,0,75,22,3
20230314,서울특별시,11,성동구,11200,서울특별시,11,종로구,11110,3,34,16,13,22,0,24,4,97,43,57
20230314,서울특별시,11,성동구,11200,서울특별시,11,중구,11140,6,63,27,23,48,8,34,0,116,84,65
20230314,서울특별시,11,성동구,11200,서울특별시,11,용산구,11170,13,54,16,23,39,7,36,8,116,64,16
20230314,서울특별시,11,성동구,11200,서울특별시,11,성동구,11200,18,160,25,18,38,8,52,9,211,99,30
20230314,서울특별시,11,성동구,11200,서울특별시,11,광진구,11215,21,56,15,25,35,4,22,0,182,70,30
20230314,서울특별시,11,성동구,11200,서울특별시,11,동대문구,11230,17,56,18,26,36,6,46,6,158,52,101
20230314,서울특별시,11,성동구,11200,서울특별시,11,중랑구,11260,23,53,6,15,20,6,18,6,147,52,24
20230314,서울특별시,11,성동구,11200,서울특별시,11,성북구,11290,27,89,17,29,30,6,52,4,194,99,128
20230314,서울특별시,11,성동구,11200,서울특별시,11,강북구,11305,21,42,10,12,13,0,21,4,83,45,11
20230314,서울특별시,11,성동구,11200,서울특별시,11,도봉구,11320,11,38,4,14,22,0,27,3,105,33,12
20230314,서울특별시,11,성동구,11200,서울특별시,11,노원구,11350,20,61,17,19,29,6,39,11,148,98,25
20230314,서울특별시,11,성동구,11200,서울특별시,11,은평구,11380,22,57,10,25,32,5,37,11,176,62,27
20230314,서울특별시,11,성동구,11200,서울특별시,11,서대문구,11410,10,71,12,15,16,4,25,5,127,84,19
20230314,서울특별시,11,성동구,11200,서울특별시,11,마포구,11440,30,93,26,27,48,7,45,5,216,88,35
20230314,서울특별시,11,성동구,11200,서울특별시,11,양천구,11470,18,87,12,16,36,5,20,8,152,70,20
20230314,서울특별시,11,성동구,11200,서울특별시,11,강서구,11500,29,101,20,44,45,8,51,8,259,103,32
20230314,서울특별시,11,성동구,11200,서울특별시,11,구로구,11530,10,79,14,23,64,3,34,5,149,68,18
20230314,서울특별시,11,성동구,11200,서울특별시,11,금천구,11545,8,49,5,21,21,4,26,5,115,31,10
20230314,서울특별시,11,성동구,11200,서울특별시,11,영등포구,11560,18,93,21,36,38,16,52,15,173,83,27
20230314,서울특별시,11,성동구,11200,서울특별시,11,동작구,11590,12,53,12,16,33,6,32,6,181,73,29
20230314,서울특별시,11,성동구,11200,서울특별시,11,관악구,11620,30,77,16,21,24,7,48,6,268,76,31
20230314,서울특별시,11,성동구,11200,서울특별시,11,서초구,11650,25,91,40,34,48,16,43,10,199,121,23
20230314,서울특별시,11,성동구,11200,서울특별시,11,강남구,11680,37,164,60,46,82,10,64,25,354,169,76
20230314,서울특별시,11,성동구,11200,서울특별시,11,송파구,11710,30,113,39,36,90,13,55,9,285,138,51
20230314,서울특별시,11,성동구,11200,서울특별시,11,강동구,11740,18,56,8,21,22,4,27,7,176,57,25
20230314,서울특별시,11,동대문구,11230,서울특별시,11,종로구,11110,8,17,7,12,16,3,22,0,56,13,9
20230314,서울특별시,11,동대문구,11230,서울특별시,11,중구,11140,5,31,6,5,29,0,32,0,90,28,5
20230314,서울특별시,11,동대문구,11230,서울특별시,11,용산구,11170,5,28,7,19,31,3,32,0,59,17,13
20230314,서울특별시,11,동대문구,11230,서울특별시,11,성동구,11200,6,45,21,11,30,0,44,7,157,43,17
20230314,서울특별시,11,동대문구,11230,서울특별시,11,광진구,11215,6,38,12,12,49,4,42,6,150,25,9
20230314,서울특별시,11,동대문구,11230,서울특별시,11,동대문구,11230,7,54,15,8,32,0,46,0,134,22,15
20230314,서울특별시,11,동대문구,11230,서울특별시,11,중랑구,11260,3,27,11,11,26,0,34,0,94,25,13
20230314,서울특별시,11,동대문구,11230,서울특별시,11,성북구,11290,6,58,15,19,36,0,42,7,133,38,25
20230314,서울특별시,11,동대문구,11230,서울특별시,11,강북구,11305,0,18,7,11,23,0,42,3,89,14,8
20230314,서울특별시,11,동대문구,11230,서울특별시,11,도봉구,11320,0,26,6,0,21,3,26,4,81,15,16
20230314,서울특별시,11,동대문구,11230,서울특별시,11,노원구,11350,3,39,12,14,42,3,61,7,137,25,18
20230314,서울특별시,11,동대문구,11230,서울특별시,11,은평구,11380,7,37,9,8,33,4,74,4,150,37,17
20230314,서울특별시,11,동대문구,11230,서울특별시,11,서대문구,11410,0,25,6,5,27,6,46,3,103,25,13
20230314,서울특별시,11,동대문구,11230,서울특별시,11,마포구,11440,8,47,15,15,55,6,33,4,132,21,18
20230314,서울특별시,11,동대문구,11230,서울특별시,11,양천구,11470,3,28,7,11,24,4,40,9,117,29,7
20230314,서울특별시,11,동대문구,11230,서울특별시,11,강서구,11500,3,48,11,11,49,5,73,7,214,47,24
20230314,서울특별시,11,동대문구,11230,서울특별시,11,구로구,11530,0,32,10,9,50,5,62,9,140,25,11
20230314,서울특별시,11,동대문구,11230,서울특별시,11,금천구,11545,4,29,6,14,24,0,39,0,101,17,14
20230314,서울특별시,11,동대문구,11230,서울특별시,11,영등포구,11560,3,41,15,19,39,0,57,8,158,29,16
20230314,서울특별시,11,동대문구,11230,서울특별시,11,동작구,11590,0,38,10,11,34,5,52,6,112,18,11
20230314,서울특별시,11,동대문구,11230,서울특별시,11,관악구,11620,11,38,9,10,56,7,77,6,152,42,25
20230314,서울특별시,11,동대문구,11230,서울특별시,11,서초구,11650,6,47,5,22,59,4,52,12,117,26,20
20230314,서울특별시,11,동대문구,11230,서울특별시,11,강남구,11680,10,74,19,21,68,8,78,10,196,57,24
20230314,서울특별시,11,동대문구,11230,서울특별시,11,송파구,11710,9,57,15,14,59,7,79,8,224,43,28
20230314,서울특별시,11,동대문구,11230,서울특별시,11,강동구,11740,0,35,7,9,36,4,46,5,137,28,14
20230314,서울특별시,11,중랑구,11260,서울특별시,11,강동구,11740,9,37,17,11,39,16,39,9,57,34,28
20230314,서울특별시,11,중랑구,11260,서울특별시,11,송파구,11710,23,64,28,27,84,23,66,12,118,50,38
20230314,서울특별시,11,중랑구,11260,서울특별시,11,강남구,11680,23,80,32,45,74,12,65,21,124,40,51
20230314,서울특별시,11,중랑구,11260,서울특별시,11,서초구,11650,11,43,26,18,44,15,47,9,58,23,31
20230314,서울특별시,11,중랑구,11260,서울특별시,11,관악구,11620,20,44,20,21,56,12,48,5,106,44,21
20230314,서울특별시,11,중랑구,11260,서울특별시,11,동작구,11590,9,24,14,16,30,8,39,8,76,29,11
20230314,서울특별시,11,중랑구,11260,서울특별시,11,영등포구,11560,10,51,27,13,43,5,35,8,74,28,23
20230314,서울특별시,11,중랑구,11260,서울특별시,11,금천구,11545,8,28,13,19,18,8,31,5,62,21,13
20230314,서울특별시,11,중랑구,11260,서울특별시,11,구로구,11530,9,28,18,20,33,19,42,4,71,33,19
20230314,서울특별시,11,중랑구,11260,서울특별시,11,강서구,11500,7,49,20,25,48,15,56,7,101,44,36
20230314,서울특별시,11,중랑구,11260,서울특별시,11,양천구,11470,8,43,11,12,31,10,44,6,62,27,24
20230314,서울특별시,11,중랑구,11260,서울특별시,11,마포구,11440,17,50,16,13,41,12,49,8,79,34,26
20230314,서울특별시,11,중랑구,11260,서울특별시,11,서대문구,11410,10,34,14,15,28,7,42,3,52,37,19
20230314,서울특별시,11,중랑구,11260,서울특별시,11,은평구,11380,6,33,9,17,26,11,48,7,63,33,20
20230314,서울특별시,11,중랑구,11260,서울특별시,11,노원구,11350,10,39,12,17,38,9,63,9,83,50,26
20230314,서울특별시,11,중랑구,11260,서울특별시,11,도봉구,11320,0,18,5,9,27,9,16,5,49,14,21
20230314,서울특별시,11,중랑구,11260,서울특별시,11,강북구,11305,6,27,10,6,21,7,32,4,67,22,17
20230314,서울특별시,11,중랑구,11260,서울특별시,11,성북구,11290,10,45,21,14,35,13,44,14,98,50,26
20230314,서울특별시,11,중랑구,11260,서울특별시,11,중랑구,11260,7,28,13,10,32,8,54,0,92,29,19
20230314,서울특별시,11,중랑구,11260,서울특별시,11,동대문구,11230,11,31,16,11,39,7,46,4,90,29,20
20230314,서울특별시,11,중랑구,11260,서울특별시,11,광진구,11215,8,27,15,9,46,8,27,3,76,27,20
20230314,서울특별시,11,중랑구,11260,서울특별시,11,성동구,11200,9,49,16,14,34,13,24,8,101,38,29
20230314,서울특별시,11,중랑구,11260,서울특별시,11,용산구,11170,0,23,16,19,22,7,30,6,33,24,19
20230314,서울특별시,11,중랑구,11260,서울특별시,11,중구,11140,4,25,23,17,17,6,24,14,47,26,16
20230314,서울특별시,11,중랑구,11260,서울특별시,11,종로구,11110,10,19,11,6,22,0,21,4,30,16,9
20230314,서울특별시,11,금천구,11545,서울특별시,11,종로구,11110,6,31,18,41,46,12,29,8,58,52,45
20230314,서울특별시,11,금천구,11545,서울특별시,11,중구,11140,13,35,30,27,31,19,24,9,84,37,91
20230314,서울특별시,11,금천구,11545,서울특별시,11,용산구,11170,10,40,23,58,45,15,20,16,86,59,55
20230314,서울특별시,11,금천구,11545,서울특별시,11,성동구,11200,12,66,30,41,48,20,41,18,140,82,77
20230314,서울특별시,11,금천구,11545,서울특별시,11,광진구,11215,15,51,25,45,61,14,31,7,158,70,132
20230314,서울특별시,11,금천구,11545,서울특별시,11,동대문구,11230,17,32,15,49,52,20,45,15,141,128,99
20230314,서울특별시,11,금천구,11545,서울특별시,11,중랑구,11260,8,39,13,29,45,17,36,15,131,61,93
20230314,서울특별시,11,금천구,11545,서울특별시,11,성북구,11290,22,44,14,41,65,27,40,12,182,101,111
20230314,서울특별시,11,동작구,11590,서울특별시,11,강동구,11740,9,12,9,11,52,3,27,6,48,15,11
20230314,서울특별시,11,동작구,11590,서울특별시,11,송파구,11710,12,20,26,25,91,8,45,19,66,17,16
20230314,서울특별시,11,동작구,11590,서울특별시,11,강남구,11680,14,31,40,43,99,10,61,13,59,18,22
20230314,서울특별시,11,동작구,11590,서울특별시,11,서초구,11650,7,11,35,29,53,8,25,12,50,19,14
20230314,서울특별시,11,동작구,11590,서울특별시,11,관악구,11620,8,23,49,22,53,0,35,12,59,12,20
20230314,서울특별시,11,동작구,11590,서울특별시,11,동작구,11590,5,15,22,14,55,6,58,7,50,13,15
20230314,서울특별시,11,동작구,11590,서울특별시,11,영등포구,11560,8,24,20,32,61,5,25,5,43,16,14
20230314,서울특별시,11,동작구,11590,서울특별시,11,금천구,11545,4,14,12,12,26,5,19,6,47,14,5
20230314,서울특별시,11,동작구,11590,서울특별시,11,구로구,11530,3,19,19,7,45,4,24,7,42,11,5
20230314,서울특별시,11,동작구,11590,서울특별시,11,강서구,11500,9,20,22,22,87,7,39,6,66,16,20
20230314,서울특별시,11,동작구,11590,서울특별시,11,양천구,11470,6,14,7,20,45,0,27,9,47,29,10
20230314,서울특별시,11,동작구,11590,서울특별시,11,마포구,11440,9,27,15,15,53,5,27,7,42,13,12
20230314,서울특별시,11,동작구,11590,서울특별시,11,서대문구,11410,5,5,26,7,58,4,22,5,41,6,10
20230314,서울특별시,11,동작구,11590,서울특별시,11,은평구,11380,7,5,22,13,51,0,22,8,31,10,8
20230314,서울특별시,11,동작구,11590,서울특별시,11,노원구,11350,7,6,23,12,55,3,27,8,41,16,8
20230314,서울특별시,11,동작구,11590,서울특별시,11,도봉구,11320,0,3,9,12,30,0,14,4,39,7,9
20230314,서울특별시,11,동작구,11590,서울특별시,11,강북구,11305,0,7,9,6,27,0,13,4,25,0,13
20230314,서울특별시,11,동작구,11590,서울특별시,11,성북구,11290,6,25,17,9,41,5,21,8,88,14,12
20230314,서울특별시,11,동작구,11590,서울특별시,11,중랑구,11260,8,13,12,6,30,5,20,5,49,8,3
20230314,서울특별시,11,동작구,11590,서울특별시,11,동대문구,11230,0,16,21,9,38,5,24,4,60,13,8
20230314,서울특별시,11,동작구,11590,서울특별시,11,광진구,11215,0,15,14,11,39,0,26,5,42,7,13
20230314,서울특별시,11,동작구,11590,서울특별시,11,성동구,11200,0,34,25,11,46,3,19,6,76,29,6
20230314,서울특별시,11,동작구,11590,서울특별시,11,용산구,11170,8,12,11,13,32,3,8,6,21,9,15
20230314,서울특별시,11,동작구,11590,서울특별시,11,중구,11140,4,21,10,8,19,0,18,0,36,12,11
20230314,서울특별시,11,동작구,11590,서울특별시,11,종로구,11110,5,7,15,10,14,4,16,0,24,6,0
20230314,서울특별시,11,서대문구,11410,서울특별시,11,강동구,11740,11,22,15,32,33,12,18,13,53,39,19
20230314,서울특별시,11,서대문구,11410,서울특별시,11,송파구,11710,14,24,15,60,60,11,15,11,73,53,37
20230314,서울특별시,11,서대문구,11410,서울특별시,11,강남구,11680,17,44,25,39,90,11,31,8,74,56,38
20230314,서울특별시,11,서대문구,11410,서울특별시,11,서초구,11650,16,20,15,36,43,9,11,12,51,34,30
20230314,서울특별시,11,서대문구,11410,서울특별시,11,관악구,11620,7,26,6,33,62,11,14,5,73,50,24
20230314,서울특별시,11,서대문구,11410,서울특별시,11,동작구,11590,4,18,13,56,35,6,8,13,46,27,22
20230314,서울특별시,11,서대문구,11410,서울특별시,11,영등포구,11560,4,37,14,46,57,4,13,4,57,42,19
20230314,서울특별시,11,서대문구,11410,서울특별시,11,금천구,11545,5,18,9,35,26,10,8,3,61,21,8
20230314,서울특별시,11,서대문구,11410,서울특별시,11,구로구,11530,11,32,5,32,42,9,6,10,45,39,23
20230314,서울특별시,11,서대문구,11410,서울특별시,11,강서구,11500,11,56,13,40,54,19,10,13,63,43,25
20230314,서울특별시,11,서대문구,11410,서울특별시,11,양천구,11470,9,21,7,26,34,15,4,18,42,30,27
20230314,서울특별시,11,서대문구,11410,서울특별시,11,마포구,11440,4,35,15,57,68,8,12,9,59,25,31
20230314,서울특별시,11,서대문구,11410,서울특별시,11,서대문구,11410,6,30,21,23,37,0,28,3,45,24,16
20230314,서울특별시,11,서대문구,11410,서울특별시,11,은평구,11380,6,22,19,44,45,9,9,18,54,38,25
20230314,서울특별시,11,서대문구,11410,서울특별시,11,노원구,11350,7,19,13,21,51,9,11,6,50,31,29
20230314,서울특별시,11,서대문구,11410,서울특별시,11,도봉구,11320,4,10,0,18,31,7,7,11,38,26,13
20230314,서울특별시,11,서대문구,11410,서울특별시,11,강북구,11305,0,11,4,12,35,12,5,4,25,26,6
20230314,서울특별시,11,서대문구,11410,서울특별시,11,성북구,11290,5,23,8,35,41,13,12,10,78,50,20
20230314,서울특별시,11,서대문구,11410,서울특별시,11,중랑구,11260,5,24,5,22,33,8,5,8,54,37,18
20230314,서울특별시,11,서대문구,11410,서울특별시,11,동대문구,11230,5,18,14,31,40,4,12,12,43,32,23
20230314,서울특별시,11,서대문구,11410,서울특별시,11,광진구,11215,4,26,4,39,36,7,21,0,54,22,17
20230314,서울특별시,11,서대문구,11410,서울특별시,11,성동구,11200,5,32,23,29,32,4,14,7,69,50,18
20230314,서울특별시,11,서대문구,11410,서울특별시,11,용산구,11170,4,20,8,31,19,3,5,0,34,18,19
20230314,서울특별시,11,서대문구,11410,서울특별시,11,중구,11140,4,24,9,19,21,5,12,4,45,19,9
20230314,서울특별시,11,서대문구,11410,서울특별시,11,종로구,11110,5,14,10,17,17,0,6,0,18,20,16
20230314,서울특별시,11,금천구,11545,서울특별시,11,강북구,11305,8,26,9,28,26,11,27,7,109,75,69
20230314,서울특별시,11,금천구,11545,서울특별시,11,도봉구,11320,12,31,12,28,32,13,27,10,114,53,81
20230314,서울특별시,11,금천구,11545,서울특별시,11,노원구,11350,20,40,17,36,60,39,40,24,147,75,131
20230314,서울특별시,11,금천구,11545,서울특별시,11,은평구,11380,11,44,16,54,55,18,46,9,185,79,114
20230314,서울특별시,11,금천구,11545,서울특별시,11,서대문구,11410,15,36,22,47,47,17,42,18,126,61,92
20230314,서울특별시,11,금천구,11545,서울특별시,11,마포구,11440,29,69,40,63,88,29,50,17,184,150,124
20230314,서울특별시,11,금천구,11545,서울특별시,11,양천구,11470,15,51,20,39,49,31,36,14,183,97,101
20230314,서울특별시,11,금천구,11545,서울특별시,11,강서구,11500,22,55,35,77,100,34,68,26,259,166,180
20230314,서울특별시,11,금천구,11545,서울특별시,11,구로구,11530,21,57,19,56,65,47,57,3,150,175,116
20230314,서울특별시,11,금천구,11545,서울특별시,11,금천구,11545,13,55,24,41,49,17,49,6,101,81,76
20230314,서울특별시,11,금천구,11545,서울특별시,11,영등포구,11560,8,70,47,52,65,39,70,19,182,93,144
20230314,서울특별시,11,금천구,11545,서울특별시,11,동작구,11590,17,47,20,47,60,18,40,23,155,65,114
20230314,서울특별시,11,금천구,11545,서울특별시,11,관악구,11620,13,47,20,66,70,26,57,18,208,91,147
20230314,서울특별시,11,금천구,11545,서울특별시,11,서초구,11650,21,75,37,71,88,43,58,32,210,118,138
20230314,서울특별시,11,금천구,11545,서울특별시,11,강남구,11680,37,136,36,100,118,71,107,18,278,130,220
20230314,서울특별시,11,금천구,11545,서울특별시,11,송파구,11710,20,92,29,91,115,63,68,33,288,153,200
20230314,서울특별시,11,금천구,11545,서울특별시,11,강동구,11740,14,50,16,46,59,34,55,14,177,125,140
20230314,서울특별시,11,강남구,11680,서울특별시,11,동대문구,11230,19,71,35,21,108,9,72,4,296,64,59
20230314,서울특별시,11,강남구,11680,서울특별시,11,광진구,11215,16,104,49,18,87,14,67,9,315,67,63
20230314,서울특별시,11,강남구,11680,서울특별시,11,성동구,11200,27,132,65,24,96,14,79,8,337,115,70
20230314,서울특별시,11,강남구,11680,서울특별시,11,용산구,11170,17,91,38,58,71,7,83,9,187,48,57
20230314,서울특별시,11,강남구,11680,서울특별시,11,중구,11140,19,119,31,30,92,4,65,0,203,42,44
20230314,서울특별시,11,강남구,11680,서울특별시,11,종로구,11110,11,75,44,14,63,10,60,8,144,35,35
20230314,서울특별시,11,광진구,11215,서울특별시,11,강동구,11740,8,42,14,26,32,5,6,9,132,43,8
20230314,서울특별시,11,광진구,11215,서울특별시,11,송파구,11710,10,61,13,46,71,12,19,13,160,69,14
20230314,서울특별시,11,광진구,11215,서울특별시,11,강남구,11680,10,75,19,37,71,11,28,5,162,51,9
20230314,서울특별시,11,광진구,11215,서울특별시,11,서초구,11650,5,38,9,22,51,5,13,9,102,34,8
20230314,서울특별시,11,광진구,11215,서울특별시,11,관악구,11620,8,36,15,34,43,8,18,10,143,58,3
20230314,서울특별시,11,광진구,11215,서울특별시,11,동작구,11590,7,13,11,27,37,5,13,0,91,38,0
20230314,서울특별시,11,광진구,11215,서울특별시,11,영등포구,11560,6,36,13,38,44,10,11,5,85,39,7
20230314,서울특별시,11,광진구,11215,서울특별시,11,금천구,11545,0,12,7,29,25,4,6,4,66,36,6
20230314,서울특별시,11,광진구,11215,서울특별시,11,구로구,11530,7,27,11,24,40,0,10,8,112,38,7
20230314,서울특별시,11,광진구,11215,서울특별시,11,강서구,11500,12,35,12,46,60,13,16,11,147,58,10
20230314,서울특별시,11,광진구,11215,서울특별시,11,양천구,11470,8,31,11,22,29,3,7,7,114,41,0
20230314,서울특별시,11,광진구,11215,서울특별시,11,마포구,11440,7,32,15,29,47,6,13,6,109,44,4
20230314,서울특별시,11,광진구,11215,서울특별시,11,서대문구,11410,8,19,11,17,29,8,10,7,91,39,3
20230314,서울특별시,11,광진구,11215,서울특별시,11,은평구,11380,3,27,9,28,48,9,11,11,125,43,7
20230314,서울특별시,11,광진구,11215,서울특별시,11,노원구,11350,5,27,7,30,30,5,8,4,123,45,9
20230314,서울특별시,11,광진구,11215,서울특별시,11,도봉구,11320,6,13,5,14,22,0,11,3,82,26,3
20230314,서울특별시,11,광진구,11215,서울특별시,11,강북구,11305,0,17,0,19,26,0,13,0,74,23,0
20230314,서울특별시,11,광진구,11215,서울특별시,11,성북구,11290,7,32,9,23,33,0,17,9,131,35,6
20230314,서울특별시,11,광진구,11215,서울특별시,11,중랑구,11260,0,27,15,17,32,9,15,0,83,34,0
20230314,서울특별시,11,광진구,11215,서울특별시,11,동대문구,11230,12,30,11,16,28,7,11,6,104,41,4
20230314,서울특별시,11,광진구,11215,서울특별시,11,광진구,11215,4,92,19,46,35,5,34,0,106,37,8
20230314,서울특별시,11,광진구,11215,서울특별시,11,성동구,11200,4,66,27,17,30,4,8,9,149,54,0
20230314,서울특별시,11,광진구,11215,서울특별시,11,용산구,11170,5,14,9,20,27,0,8,4,58,26,5
20230314,서울특별시,11,광진구,11215,서울특별시,11,중구,11140,3,17,15,19,23,3,7,0,53,15,4
20230314,서울특별시,11,광진구,11215,서울특별시,11,종로구,11110,3,26,11,13,21,0,9,0,52,24,5
20230314,서울특별시,11,마포구,11440,서울특별시,11,강동구,11740,9,74,28,67,71,7,64,5,103,43,28
20230314,서울특별시,11,마포구,11440,서울특별시,11,송파구,11710,13,122,56,112,140,19,133,10,163,88,54
20230314,서울특별시,11,마포구,11440,서울특별시,11,강남구,11680,23,138,65,141,126,19,207,8,217,82,59
20230314,서울특별시,11,마포구,11440,서울특별시,11,서초구,11650,15,113,55,76,86,8,95,10,140,46,24
20230314,서울특별시,11,마포구,11440,서울특별시,11,관악구,11620,28,92,47,87,85,13,111,8,194,67,25
20230314,서울특별시,11,마포구,11440,서울특별시,11,동작구,11590,11,69,24,87,69,4,69,3,156,45,33
20230314,서울특별시,11,마포구,11440,서울특별시,11,영등포구,11560,13,118,43,112,93,10,94,5,119,52,19
20230314,서울특별시,11,마포구,11440,서울특별시,11,금천구,11545,0,58,18,49,37,6,57,6,110,35,12
20230314,서울특별시,11,마포구,11440,서울특별시,11,구로구,11530,5,90,29,53,69,3,56,10,116,26,31
20230314,서울특별시,11,마포구,11440,서울특별시,11,강서구,11500,25,147,34,127,98,6,98,7,182,70,49
20230314,서울특별시,11,마포구,11440,서울특별시,11,양천구,11470,10,90,38,55,65,0,70,3,104,36,19
20230314,서울특별시,11,마포구,11440,서울특별시,11,마포구,11440,21,169,75,100,101,4,115,11,174,82,24
20230314,서울특별시,11,마포구,11440,서울특별시,11,서대문구,11410,6,90,34,80,52,5,65,4,140,36,15
20230314,서울특별시,11,마포구,11440,서울특별시,11,은평구,11380,9,74,27,74,64,5,67,3,159,38,25
20230314,서울특별시,11,마포구,11440,서울특별시,11,노원구,11350,14,63,30,71,64,7,105,5,115,37,27
20230314,서울특별시,11,마포구,11440,서울특별시,11,도봉구,11320,5,30,13,49,34,3,46,0,88,19,18
20230314,서울특별시,11,마포구,11440,서울특별시,11,강북구,11305,8,36,19,36,31,0,58,0,77,25,16
20230314,서울특별시,11,마포구,11440,서울특별시,11,성북구,11290,9,62,33,111,63,3,70,5,186,47,25
20230314,서울특별시,11,마포구,11440,서울특별시,11,중랑구,11260,9,50,16,54,46,7,54,0,83,28,18
20230314,서울특별시,11,마포구,11440,서울특별시,11,동대문구,11230,5,77,17,80,63,5,70,4,134,36,20
20230314,서울특별시,11,마포구,11440,서울특별시,11,광진구,11215,21,62,18,60,54,5,74,0,140,42,23
20230314,서울특별시,11,마포구,11440,서울특별시,11,성동구,11200,10,85,48,63,51,5,59,5,204,69,20
20230314,서울특별시,11,마포구,11440,서울특별시,11,용산구,11170,14,63,27,66,53,4,65,8,102,40,16
20230314,서울특별시,11,마포구,11440,서울특별시,11,중구,11140,0,77,30,80,35,3,40,11,112,30,16
20230314,서울특별시,11,마포구,11440,서울특별시,11,종로구,11110,7,52,33,42,37,6,45,5,59,29,9
20230314,서울특별시,11,강동구,11740,서울특별시,11,강동구,11740,28,59,9,14,38,4,73,3,50,33,7
20230314,서울특별시,11,강동구,11740,서울특별시,11,송파구,11710,45,56,15,12,63,11,68,3,52,57,18
20230314,서울특별시,11,강동구,11740,서울특별시,11,강남구,11680,43,94,15,29,80,8,115,0,74,46,15
20230314,서울특별시,11,강동구,11740,서울특별시,11,서초구,11650,35,52,16,13,49,15,66,0,34,41,8
20230314,서울특별시,11,강동구,11740,서울특별시,11,관악구,11620,37,35,5,8,30,4,65,0,43,39,6
20230314,서울특별시,11,강동구,11740,서울특별시,11,동작구,11590,22,24,5,11,27,3,54,0,14,36,4
20230314,서울특별시,11,강동구,11740,서울특별시,11,영등포구,11560,27,38,11,12,45,6,47,4,24,27,11
20230314,서울특별시,11,강동구,11740,서울특별시,11,금천구,11545,15,24,5,15,38,3,24,0,58,26,8
20230314,서울특별시,11,강동구,11740,서울특별시,11,구로구,11530,31,18,6,10,28,6,37,0,35,24,4
20230314,서울특별시,11,강동구,11740,서울특별시,11,강서구,11500,40,72,13,13,50,9,64,0,53,49,22
20230314,서울특별시,11,강동구,11740,서울특별시,11,양천구,11470,18,37,10,7,40,4,42,0,26,26,17
20230314,서울특별시,11,강동구,11740,서울특별시,11,마포구,11440,21,41,9,9,48,6,56,7,35,36,14
20230314,서울특별시,11,강동구,11740,서울특별시,11,서대문구,11410,26,20,8,6,32,6,36,3,18,31,4
20230314,서울특별시,11,강동구,11740,서울특별시,11,은평구,11380,32,23,3,6,45,5,54,0,32,31,8
20230314,서울특별시,11,강동구,11740,서울특별시,11,노원구,11350,42,20,3,13,50,5,42,0,27,31,10
20230314,서울특별시,11,강동구,11740,서울특별시,11,도봉구,11320,13,15,0,6,26,0,25,0,21,18,4
20230314,서울특별시,11,강동구,11740,서울특별시,11,강북구,11305,23,16,6,10,27,0,25,0,18,14,3
20230314,서울특별시,11,강동구,11740,서울특별시,11,성북구,11290,33,41,7,8,49,3,48,0,53,36,5
20230314,서울특별시,11,강동구,11740,서울특별시,11,중랑구,11260,17,27,6,6,30,3,37,0,32,22,5
20230314,서울특별시,11,강동구,11740,서울특별시,11,동대문구,11230,25,38,8,9,42,3,53,3,21,27,6
20230314,서울특별시,11,강동구,11740,서울특별시,11,광진구,11215,16,29,4,10,33,4,42,0,36,29,7
20230314,서울특별시,11,강동구,11740,서울특별시,11,성동구,11200,41,46,21,14,40,6,37,0,47,62,3
20230314,서울특별시,11,강동구,11740,서울특별시,11,용산구,11170,13,30,4,22,22,4,49,0,21,21,3
20230314,서울특별시,11,강동구,11740,서울특별시,11,중구,11140,11,21,6,10,19,0,34,0,42,11,5
20230314,서울특별시,11,강동구,11740,서울특별시,11,종로구,11110,11,21,6,5,25,4,58,0,29,24,0
20230314,서울특별시,11,용산구,11170,서울특별시,11,강동구,11740,4,35,9,197,29,6,20,0,52,28,6
20230314,서울특별시,11,용산구,11170,서울특별시,11,송파구,11710,7,83,26,387,50,4,48,10,128,47,23
20230314,서울특별시,11,용산구,11170,서울특별시,11,강남구,11680,10,94,28,535,53,6,40,8,142,48,20
20230314,서울특별시,11,용산구,11170,서울특별시,11,서초구,11650,5,65,20,322,28,4,33,3,94,33,11
20230314,서울특별시,11,용산구,11170,서울특별시,11,관악구,11620,4,41,16,324,31,0,23,6,76,29,10
20230314,서울특별시,11,용산구,11170,서울특별시,11,동작구,11590,4,34,14,161,25,0,32,0,64,24,9
20230314,서울특별시,11,용산구,11170,서울특별시,11,영등포구,11560,4,42,14,285,24,0,31,5,62,28,3
20230314,서울특별시,11,용산구,11170,서울특별시,11,금천구,11545,3,43,4,238,18,0,15,5,58,15,3
20230314,서울특별시,11,용산구,11170,서울특별시,11,구로구,11530,3,35,15,305,24,0,29,3,65,29,11
20230314,서울특별시,11,용산구,11170,서울특별시,11,강서구,11500,6,85,20,313,33,7,20,3,84,44,14
20230314,서울특별시,11,용산구,11170,서울특별시,11,양천구,11470,5,30,15,169,27,0,25,6,52,23,13
20230314,서울특별시,11,용산구,11170,서울특별시,11,마포구,11440,9,51,19,292,31,0,26,9,103,38,17
20230314,서울특별시,11,용산구,11170,서울특별시,11,서대문구,11410,3,30,9,157,25,3,22,6,39,24,7
20230314,서울특별시,11,용산구,11170,서울특별시,11,은평구,11380,3,33,14,178,22,0,23,5,54,24,9
20230314,서울특별시,11,용산구,11170,서울특별시,11,노원구,11350,4,29,11,156,31,6,31,4,69,27,18
20230314,서울특별시,11,용산구,11170,서울특별시,11,도봉구,11320,0,24,7,103,15,0,13,0,37,21,7
20230314,서울특별시,11,용산구,11170,서울특별시,11,강북구,11305,0,24,3,110,16,0,13,3,36,11,6
20230314,서울특별시,11,용산구,11170,서울특별시,11,성북구,11290,0,28,6,186,19,4,23,3,82,26,15
20230314,서울특별시,11,용산구,11170,서울특별시,11,중랑구,11260,3,27,7,152,18,3,26,3,51,23,10
20230314,서울특별시,11,용산구,11170,서울특별시,11,동대문구,11230,3,30,13,183,33,3,24,3,72,29,6
20230314,서울특별시,11,용산구,11170,서울특별시,11,광진구,11215,0,26,5,184,15,3,17,4,61,21,10
20230314,서울특별시,11,용산구,11170,서울특별시,11,성동구,11200,5,50,33,213,17,5,19,6,95,43,8
20230314,서울특별시,11,용산구,11170,서울특별시,11,용산구,11170,6,69,18,262,41,4,33,5,61,15,10
20230314,서울특별시,11,용산구,11170,서울특별시,11,중구,11140,3,41,21,168,14,0,13,0,58,24,4
20230314,서울특별시,11,용산구,11170,서울특별시,11,종로구,11110,0,35,8,152,18,0,17,3,39,18,3
20230315,서울특별시,11,중구,11140,서울특별시,11,구로구,11530,0,28,9,11,59,3,23,5,156,43,4
20230315,서울특별시,11,강동구,11740,서울특별시,11,관악구,11620,9,34,7,13,25,0,43,4,24,21,4
20230315,서울특별시,11,강동구,11740,서울특별시,11,서초구,11650,8,52,11,13,24,6,62,0,22,32,8
20230315,서울특별시,11,강동구,11740,서울특별시,11,강남구,11680,21,70,16,17,66,13,100,3,45,19,28
20230315,서울특별시,11,강동구,11740,서울특별시,11,송파구,11710,21,70,16,18,65,8,71,3,32,31,13
20230315,서울특별시,11,강동구,11740,서울특별시,11,강동구,11740,12,50,20,13,19,9,77,3,34,19,6
20230315,서울특별시,11,도봉구,11320,서울특별시,11,강동구,11740,6,14,0,22,25,3,14,4,75,16,11
20230315,서울특별시,11,도봉구,11320,서울특별시,11,송파구,11710,12,18,7,26,45,7,30,5,111,27,11
20230315,서울특별시,11,도봉구,11320,서울특별시,11,강남구,11680,6,20,9,36,37,12,31,0,106,21,12
20230315,서울특별시,11,도봉구,11320,서울특별시,11,서초구,11650,3,11,0,26,35,9,10,6,52,24,5
20230315,서울특별시,11,도봉구,11320,서울특별시,11,관악구,11620,5,13,0,27,15,6,12,3,92,22,13
20230315,서울특별시,11,도봉구,11320,서울특별시,11,동작구,11590,6,4,3,25,28,0,5,3,65,17,0
20230315,서울특별시,11,도봉구,11320,서울특별시,11,영등포구,11560,5,5,0,26,15,3,7,8,57,21,6
20230315,서울특별시,11,도봉구,11320,서울특별시,11,금천구,11545,0,7,0,16,17,4,11,0,46,13,5
20230315,서울특별시,11,도봉구,11320,서울특별시,11,구로구,11530,3,6,5,19,19,0,10,7,69,15,4
20230315,서울특별시,11,도봉구,11320,서울특별시,11,강서구,11500,4,7,3,28,27,6,12,6,121,23,5
20230315,서울특별시,11,도봉구,11320,서울특별시,11,양천구,11470,5,16,3,19,18,0,13,3,80,15,5
20230315,서울특별시,11,도봉구,11320,서울특별시,11,마포구,11440,6,11,4,19,29,10,17,5,86,12,7
20230315,서울특별시,11,도봉구,11320,서울특별시,11,서대문구,11410,3,10,0,10,14,5,7,0,66,9,4
20230315,서울특별시,11,도봉구,11320,서울특별시,11,은평구,11380,5,10,0,15,10,5,13,4,66,8,7
20230315,서울특별시,11,도봉구,11320,서울특별시,11,노원구,11350,4,11,11,21,23,8,16,3,69,9,5
20230315,서울특별시,11,도봉구,11320,서울특별시,11,도봉구,11320,4,7,0,14,13,4,21,0,57,9,0
20230315,서울특별시,11,도봉구,11320,서울특별시,11,강북구,11305,0,0,0,13,17,5,6,3,69,8,5
20230315,서울특별시,11,도봉구,11320,서울특별시,11,성북구,11290,7,16,3,20,17,7,15,9,103,21,3
20230315,서울특별시,11,도봉구,11320,서울특별시,11,중랑구,11260,5,14,0,17,22,5,8,0,66,15,9
20230315,서울특별시,11,도봉구,11320,서울특별시,11,동대문구,11230,3,12,0,22,18,4,16,6,57,13,4
20230315,서울특별시,11,도봉구,11320,서울특별시,11,광진구,11215,0,10,0,17,22,7,7,0,67,16,5
20230315,서울특별시,11,도봉구,11320,서울특별시,11,성동구,11200,4,13,6,14,25,0,16,5,89,22,4
20230315,서울특별시,11,도봉구,11320,서울특별시,11,용산구,11170,3,6,0,24,15,5,9,5,52,4,0
20230315,서울특별시,11,도봉구,11320,서울특별시,11,중구,11140,4,7,4,14,19,7,4,0,47,7,4
20230315,서울특별시,11,도봉구,11320,서울특별시,11,종로구,11110,0,21,0,3,10,5,11,0,18,7,3
20230315,서울특별시,11,광진구,11215,서울특별시,11,강동구,11740,9,25,5,29,42,5,12,8,88,35,8
20230315,서울특별시,11,광진구,11215,서울특별시,11,송파구,11710,13,30,15,38,67,9,23,13,151,53,9
20230315,서울특별시,11,광진구,11215,서울특별시,11,강남구,11680,11,45,12,36,78,6,16,7,119,51,11
20230315,서울특별시,11,광진구,11215,서울특별시,11,서초구,11650,7,20,8,32,40,8,16,3,87,42,8
20230315,서울특별시,11,광진구,11215,서울특별시,11,관악구,11620,14,30,9,27,48,11,11,6,113,71,7
20230315,서울특별시,11,광진구,11215,서울특별시,11,동작구,11590,7,17,3,24,24,0,6,4,75,46,0
20230315,서울특별시,11,광진구,11215,서울특별시,11,영등포구,11560,8,20,11,26,50,6,16,4,79,48,8
20230315,서울특별시,11,광진구,11215,서울특별시,11,금천구,11545,6,19,7,23,32,3,7,5,76,30,4
20230315,서울특별시,11,광진구,11215,서울특별시,11,구로구,11530,7,18,5,19,38,3,16,7,90,30,7
20230315,서울특별시,11,광진구,11215,서울특별시,11,강서구,11500,9,37,15,32,50,10,13,11,115,65,14
20230315,서울특별시,11,광진구,11215,서울특별시,11,양천구,11470,8,24,12,28,35,4,7,0,92,28,4
20230315,서울특별시,11,광진구,11215,서울특별시,11,마포구,11440,8,20,8,31,39,9,14,8,65,42,5
20230315,서울특별시,11,광진구,11215,서울특별시,11,서대문구,11410,9,14,8,19,29,5,8,4,76,30,8
20230315,서울특별시,11,광진구,11215,서울특별시,11,은평구,11380,0,15,9,20,35,3,14,3,80,29,6
20230315,서울특별시,11,광진구,11215,서울특별시,11,노원구,11350,8,16,8,18,32,0,7,0,100,42,8
20230315,서울특별시,11,광진구,11215,서울특별시,11,도봉구,11320,0,14,4,13,20,3,3,4,58,15,3
20230315,서울특별시,11,광진구,11215,서울특별시,11,강북구,11305,0,16,5,11,19,5,6,3,58,39,4
20230315,서울특별시,11,광진구,11215,서울특별시,11,성북구,11290,12,27,7,15,45,5,16,4,95,40,11
20230315,서울특별시,11,광진구,11215,서울특별시,11,중랑구,11260,5,20,10,16,31,4,11,5,97,30,4
20230315,서울특별시,11,광진구,11215,서울특별시,11,동대문구,11230,10,23,11,24,43,8,9,6,79,32,4
20230315,서울특별시,11,광진구,11215,서울특별시,11,광진구,11215,11,42,15,24,31,3,29,3,89,40,7
20230315,서울특별시,11,광진구,11215,서울특별시,11,성동구,11200,3,48,21,17,31,11,14,4,119,44,9
20230315,서울특별시,11,광진구,11215,서울특별시,11,용산구,11170,3,20,10,32,29,3,8,8,73,16,7
20230315,서울특별시,11,광진구,11215,서울특별시,11,중구,11140,0,18,6,23,19,0,5,0,62,16,0
20230315,서울특별시,11,광진구,11215,서울특별시,11,종로구,11110,0,10,0,12,12,3,10,0,35,31,0
20230315,서울특별시,11,마포구,11440,서울특별시,11,성동구,11200,6,82,32,64,68,4,54,9,175,67,25
20230315,서울특별시,11,마포구,11440,서울특별시,11,용산구,11170,10,56,34,62,55,4,62,5,108,36,16
20230315,서울특별시,11,서초구,11650,서울특별시,11,강동구,11740,9,115,37,14,54,10,55,5,52,28,22
20230315,서울특별시,11,서초구,11650,서울특별시,11,송파구,11710,17,227,49,27,104,11,95,10,88,39,31
20230315,서울특별시,11,서초구,11650,서울특별시,11,강남구,11680,33,276,98,45,120,24,170,22,154,46,50
20230315,서울특별시,11,서초구,11650,서울특별시,11,서초구,11650,25,270,88,31,121,14,306,11,135,57,27
20230315,서울특별시,11,서초구,11650,서울특별시,11,관악구,11620,12,95,38,17,54,5,65,9,67,26,23
20230315,서울특별시,11,서초구,11650,서울특별시,11,동작구,11590,7,102,28,10,58,0,54,12,71,23,23
20230315,서울특별시,11,서초구,11650,서울특별시,11,영등포구,11560,8,103,29,27,60,10,71,9,74,23,21
20230315,서울특별시,11,서초구,11650,서울특별시,11,금천구,11545,10,40,26,31,34,4,51,5,57,17,16
20230315,서울특별시,11,서초구,11650,서울특별시,11,구로구,11530,9,96,29,9,47,0,55,3,40,12,15
20230315,서울특별시,11,서초구,11650,서울특별시,11,강서구,11500,22,145,44,21,99,9,94,9,72,27,23
20230315,서울특별시,11,서초구,11650,서울특별시,11,양천구,11470,8,160,25,17,63,6,64,9,45,26,17
20230315,서울특별시,11,서초구,11650,서울특별시,11,마포구,11440,11,92,37,22,71,9,66,7,77,24,45
20230315,서울특별시,11,서초구,11650,서울특별시,11,서대문구,11410,9,56,20,6,52,7,40,10,31,11,16
20230315,서울특별시,11,서초구,11650,서울특별시,11,은평구,11380,11,82,30,18,50,7,57,10,52,14,21
20230315,서울특별시,11,서초구,11650,서울특별시,11,노원구,11350,9,130,31,13,69,14,59,9,42,18,21
20230315,서울특별시,11,서초구,11650,서울특별시,11,도봉구,11320,8,49,24,5,36,5,52,6,19,18,9
20230315,서울특별시,11,서초구,11650,서울특별시,11,강북구,11305,10,54,15,9,27,0,32,5,26,12,12
20230315,서울특별시,11,서초구,11650,서울특별시,11,성북구,11290,5,114,30,19,73,16,49,5,68,23,21
20230315,서울특별시,11,서초구,11650,서울특별시,11,중랑구,11260,12,75,20,8,52,6,42,8,52,21,12
20230315,서울특별시,11,서초구,11650,서울특별시,11,동대문구,11230,10,78,32,9,48,7,43,8,42,14,13
20230315,서울특별시,11,서초구,11650,서울특별시,11,광진구,11215,9,74,25,9,64,7,55,4,46,20,12
20230315,서울특별시,11,서초구,11650,서울특별시,11,성동구,11200,9,76,48,13,46,8,46,8,102,31,14
20230315,서울특별시,11,서초구,11650,서울특별시,11,용산구,11170,7,60,39,31,45,8,62,8,62,10,14
20230315,서울특별시,11,서초구,11650,서울특별시,11,중구,11140,4,50,23,9,29,0,48,4,66,17,10
20230315,서울특별시,11,서초구,11650,서울특별시,11,종로구,11110,7,35,13,14,41,7,40,3,34,8,10
20230315,서울특별시,11,강서구,11500,서울특별시,11,강동구,11740,23,73,24,60,104,13,169,20,86,62,77
20230315,서울특별시,11,강서구,11500,서울특별시,11,송파구,11710,14,85,37,96,161,21,260,38,169,110,141
20230315,서울특별시,11,강서구,11500,서울특별시,11,강남구,11680,24,132,62,93,187,30,309,25,172,127,159
20230315,서울특별시,11,강서구,11500,서울특별시,11,서초구,11650,18,72,38,59,123,16,242,32,90,61,135
20230315,서울특별시,11,강서구,11500,서울특별시,11,관악구,11620,16,54,36,70,102,17,207,16,129,69,74
20230315,서울특별시,11,용산구,11170,서울특별시,11,종로구,11110,6,16,9,117,16,0,13,4,34,14,5
20230315,서울특별시,11,용산구,11170,서울특별시,11,중구,11140,5,30,15,180,19,4,16,0,44,15,11
20230315,서울특별시,11,용산구,11170,서울특별시,11,용산구,11170,3,152,16,282,32,6,46,4,44,24,4
20230315,서울특별시,11,용산구,11170,서울특별시,11,성동구,11200,0,47,16,191,30,6,15,7,114,38,6
20230315,서울특별시,11,용산구,11170,서울특별시,11,광진구,11215,0,39,6,187,18,0,16,3,60,12,4
20230315,서울특별시,11,용산구,11170,서울특별시,11,동대문구,11230,0,27,8,143,23,3,17,5,44,18,0
20230315,서울특별시,11,용산구,11170,서울특별시,11,중랑구,11260,3,32,5,143,16,3,11,0,46,12,5
20230315,서울특별시,11,용산구,11170,서울특별시,11,성북구,11290,0,42,12,174,26,4,11,0,54,25,9
20230315,서울특별시,11,용산구,11170,서울특별시,11,강북구,11305,3,31,5,89,15,4,12,0,27,10,5
20230315,서울특별시,11,용산구,11170,서울특별시,11,도봉구,11320,5,16,3,116,10,0,8,0,38,6,4
20230315,서울특별시,11,용산구,11170,서울특별시,11,노원구,11350,0,41,10,160,30,0,23,4,54,12,13
20230315,서울특별시,11,용산구,11170,서울특별시,11,은평구,11380,0,35,9,146,21,0,19,0,50,19,3
20230315,서울특별시,11,용산구,11170,서울특별시,11,서대문구,11410,5,29,8,147,18,0,13,3,41,17,8
20230315,서울특별시,11,용산구,11170,서울특별시,11,마포구,11440,3,45,13,282,44,0,21,3,79,32,12
20230315,서울특별시,11,용산구,11170,서울특별시,11,양천구,11470,3,38,4,159,18,3,16,4,51,18,5
20230315,서울특별시,11,용산구,11170,서울특별시,11,강서구,11500,6,72,11,301,35,3,30,10,100,30,8
20230315,서울특별시,11,용산구,11170,서울특별시,11,구로구,11530,0,28,4,277,14,3,10,5,41,23,7
20230315,서울특별시,11,용산구,11170,서울특별시,11,금천구,11545,0,42,5,246,13,0,16,3,43,10,5
20230315,서울특별시,11,용산구,11170,서울특별시,11,영등포구,11560,6,62,159,263,38,0,23,5,51,17,8
20230315,서울특별시,11,용산구,11170,서울특별시,11,동작구,11590,0,35,16,165,24,5,15,0,59,11,6
20230315,서울특별시,11,용산구,11170,서울특별시,11,관악구,11620,7,40,16,256,30,3,19,3,59,21,7
20230315,서울특별시,11,용산구,11170,서울특별시,11,서초구,11650,10,50,16,345,39,7,35,4,67,36,12
20230315,서울특별시,11,용산구,11170,서울특별시,11,강남구,11680,6,86,26,508,60,8,31,7,103,32,15
20230315,서울특별시,11,마포구,11440,서울특별시,11,중구,11140,10,55,27,44,54,0,47,0,111,26,19
20230315,서울특별시,11,마포구,11440,서울특별시,11,종로구,11110,4,52,27,40,43,6,43,0,70,21,13
20230315,서울특별시,11,성북구,11290,서울특별시,11,마포구,11440,8,70,19,26,41,9,74,56,266,91,9
20230315,서울특별시,11,성북구,11290,서울특별시,11,양천구,11470,7,48,10,14,23,12,56,59,218,73,10
20230315,서울특별시,11,성동구,11200,서울특별시,11,강동구,11740,7,54,17,27,53,9,24,8,172,70,14
20230315,서울특별시,11,성동구,11200,서울특별시,11,송파구,11710,16,102,17,45,112,14,56,9,265,75,51
20230315,서울특별시,11,성동구,11200,서울특별시,11,강남구,11680,16,143,36,54,156,30,70,16,325,98,51
20230315,서울특별시,11,성동구,11200,서울특별시,11,서초구,11650,15,68,23,35,92,6,44,5,218,72,48
20230315,서울특별시,11,성동구,11200,서울특별시,11,관악구,11620,8,59,16,31,69,9,38,5,233,66,25
20230315,서울특별시,11,성동구,11200,서울특별시,11,동작구,11590,11,40,14,26,54,7,26,9,168,57,20
20230315,서울특별시,11,성동구,11200,서울특별시,11,영등포구,11560,4,74,15,33,116,5,21,22,181,67,39
20230315,서울특별시,11,성동구,11200,서울특별시,11,금천구,11545,7,52,5,33,63,3,24,0,120,34,20
20230315,서울특별시,11,성동구,11200,서울특별시,11,구로구,11530,7,66,21,20,74,0,38,10,142,52,26
20230315,서울특별시,11,성동구,11200,서울특별시,11,강서구,11500,12,74,16,34,126,6,41,14,247,77,36
20230315,서울특별시,11,성동구,11200,서울특별시,11,양천구,11470,9,53,18,18,73,5,23,0,168,49,25
20230315,서울특별시,11,성동구,11200,서울특별시,11,마포구,11440,16,79,33,38,65,10,46,9,223,71,35
20230315,서울특별시,11,성동구,11200,서울특별시,11,서대문구,11410,5,43,12,14,36,4,22,4,134,37,24
20230315,서울특별시,11,성동구,11200,서울특별시,11,은평구,11380,11,54,10,20,59,11,28,3,160,50,16
20230315,서울특별시,11,성동구,11200,서울특별시,11,노원구,11350,10,31,10,21,53,3,28,5,189,58,19
20230315,서울특별시,11,성동구,11200,서울특별시,11,도봉구,11320,7,22,6,8,35,3,21,4,120,32,9
20230315,서울특별시,11,성동구,11200,서울특별시,11,강북구,11305,8,41,0,14,44,0,27,0,96,42,14
20230315,서울특별시,11,성동구,11200,서울특별시,11,성북구,11290,6,50,18,33,81,0,32,11,179,59,108
20230315,서울특별시,11,성동구,11200,서울특별시,11,중랑구,11260,3,44,6,22,69,4,17,5,119,50,21
20230315,서울특별시,11,성동구,11200,서울특별시,11,동대문구,11230,6,64,15,24,94,8,32,5,173,48,104
20230315,서울특별시,11,성동구,11200,서울특별시,11,광진구,11215,6,59,13,20,59,0,30,7,150,58,33
20230315,서울특별시,11,용산구,11170,서울특별시,11,송파구,11710,6,57,13,389,43,6,29,10,78,45,8
20230315,서울특별시,11,용산구,11170,서울특별시,11,강동구,11740,3,54,8,199,26,0,13,4,60,29,9
20230315,서울특별시,11,강서구,11500,서울특별시,11,동작구,11590,9,55,28,69,61,11,98,13,95,77,64
20230315,서울특별시,11,강서구,11500,서울특별시,11,영등포구,11560,14,83,36,76,80,12,189,18,94,102,87
20230315,서울특별시,11,강서구,11500,서울특별시,11,금천구,11545,7,45,14,50,48,10,120,17,93,33,39
20230315,서울특별시,11,강서구,11500,서울특별시,11,구로구,11530,13,42,27,64,75,15,136,26,104,54,51
20230315,서울특별시,11,강서구,11500,서울특별시,11,강서구,11500,21,107,60,116,142,28,284,29,156,78,96
20230315,서울특별시,11,강서구,11500,서울특별시,11,양천구,11470,11,62,32,59,84,11,172,19,92,44,65
20230315,서울특별시,11,강서구,11500,서울특별시,11,마포구,11440,16,64,38,66,84,11,146,11,91,57,95
20230315,서울특별시,11,강서구,11500,서울특별시,11,서대문구,11410,9,53,30,59,55,12,122,9,90,44,56
20230315,서울특별시,11,강서구,11500,서울특별시,11,은평구,11380,14,51,29,59,54,11,169,30,85,44,53
20230315,서울특별시,11,강서구,11500,서울특별시,11,노원구,11350,12,46,33,50,70,10,167,23,81,43,66
20230315,서울특별시,11,강서구,11500,서울특별시,11,도봉구,11320,8,30,10,31,49,3,128,16,54,15,36
20230315,서울특별시,11,강서구,11500,서울특별시,11,강북구,11305,8,30,13,28,43,8,119,15,67,57,32
20230315,서울특별시,11,강서구,11500,서울특별시,11,성북구,11290,12,59,22,50,77,3,165,13,136,81,64
20230315,서울특별시,11,강서구,11500,서울특별시,11,중랑구,11260,9,43,11,38,71,12,129,8,71,32,63
20230315,서울특별시,11,강서구,11500,서울특별시,11,동대문구,11230,14,52,25,48,67,11,140,16,101,90,59
20230315,서울특별시,11,성동구,11200,서울특별시,11,성동구,11200,5,138,32,29,75,5,37,5,232,81,23
20230315,서울특별시,11,성동구,11200,서울특별시,11,용산구,11170,7,42,19,22,36,0,22,5,94,46,18
20230315,서울특별시,11,성북구,11290,서울특별시,11,강동구,11740,6,43,10,20,35,7,50,94,269,80,10
20230315,서울특별시,11,성북구,11290,서울특별시,11,송파구,11710,18,99,20,31,56,22,90,80,433,111,18
20230315,서울특별시,11,성북구,11290,서울특별시,11,강남구,11680,7,116,20,32,78,18,94,51,443,126,30
20230315,서울특별시,11,성북구,11290,서울특별시,11,서초구,11650,6,59,14,24,36,12,56,46,274,79,8
20230315,서울특별시,11,성북구,11290,서울특별시,11,관악구,11620,14,65,17,19,27,5,65,49,359,84,10
20230315,서울특별시,11,성북구,11290,서울특별시,11,동작구,11590,6,41,14,11,30,11,62,51,257,67,12
20230315,서울특별시,11,성북구,11290,서울특별시,11,영등포구,11560,7,53,18,21,39,8,72,73,297,80,15
20230315,서울특별시,11,성북구,11290,서울특별시,11,금천구,11545,3,32,0,11,19,7,23,19,175,59,6
20230315,서울특별시,11,성북구,11290,서울특별시,11,구로구,11530,13,35,11,15,27,7,45,91,220,65,5
20230315,서울특별시,11,성북구,11290,서울특별시,11,강서구,11500,13,80,17,26,68,12,68,112,404,111,15
20230315,서울특별시,11,종로구,11110,서울특별시,11,종로구,11110,6,41,20,5,19,0,26,0,59,15,8
20230315,서울특별시,11,종로구,11110,서울특별시,11,중구,11140,4,29,23,13,27,0,11,4,68,13,4
20230315,서울특별시,11,종로구,11110,서울특별시,11,용산구,11170,9,27,21,15,25,4,14,0,65,24,8
20230315,서울특별시,11,종로구,11110,서울특별시,11,성동구,11200,5,58,28,8,27,3,17,3,145,25,5
20230315,서울특별시,11,강서구,11500,서울특별시,11,광진구,11215,13,64,26,47,72,16,93,16,116,64,60
20230315,서울특별시,11,강서구,11500,서울특별시,11,성동구,11200,8,72,45,46,62,12,98,12,134,66,71
20230315,서울특별시,11,양천구,11470,서울특별시,11,강동구,11740,3,13,8,16,24,3,17,0,30,29,13
20230315,서울특별시,11,양천구,11470,서울특별시,11,송파구,11710,4,22,8,38,58,7,33,3,44,42,26
20230315,서울특별시,11,양천구,11470,서울특별시,11,강남구,11680,0,43,13,41,62,11,31,0,58,42,27
20230315,서울특별시,11,양천구,11470,서울특별시,11,서초구,11650,5,12,10,26,48,7,28,0,26,27,16
20230315,서울특별시,11,양천구,11470,서울특별시,11,관악구,11620,0,23,5,28,37,6,20,0,38,23,10
20230315,서울특별시,11,양천구,11470,서울특별시,11,동작구,11590,0,14,4,22,22,0,32,0,25,32,5
20230315,서울특별시,11,양천구,11470,서울특별시,11,영등포구,11560,4,9,18,21,25,10,30,3,32,24,13
20230315,서울특별시,11,양천구,11470,서울특별시,11,금천구,11545,0,15,7,22,23,3,13,0,43,31,5
20230315,서울특별시,11,양천구,11470,서울특별시,11,구로구,11530,0,14,10,25,24,0,24,3,47,23,9
20230315,서울특별시,11,양천구,11470,서울특별시,11,강서구,11500,0,28,14,33,55,6,41,0,66,46,27
20230315,서울특별시,11,양천구,11470,서울특별시,11,양천구,11470,0,47,19,25,35,0,56,0,45,33,16
20230315,서울특별시,11,양천구,11470,서울특별시,11,마포구,11440,0,20,7,33,36,3,20,0,27,33,16
20230315,서울특별시,11,강서구,11500,서울특별시,11,용산구,11170,12,53,23,53,61,11,117,15,53,35,63
20230315,서울특별시,11,강서구,11500,서울특별시,11,중구,11140,7,69,15,40,71,16,58,10,88,54,64
20230315,서울특별시,11,강서구,11500,서울특별시,11,종로구,11110,9,30,16,34,46,12,47,13,97,26,46
20230315,서울특별시,11,동대문구,11230,서울특별시,11,강동구,11740,6,38,13,10,48,4,52,10,122,16,19
20230315,서울특별시,11,동대문구,11230,서울특별시,11,송파구,11710,8,61,6,16,66,7,89,9,257,42,17
20230315,서울특별시,11,동대문구,11230,서울특별시,11,강남구,11680,3,55,6,14,82,11,70,3,188,33,32
20230315,서울특별시,11,동대문구,11230,서울특별시,11,서초구,11650,5,45,8,18,47,7,62,4,132,25,17
20230315,서울특별시,11,동대문구,11230,서울특별시,11,관악구,11620,9,41,6,6,47,0,69,10,182,30,24
20230315,서울특별시,11,동대문구,11230,서울특별시,11,동작구,11590,6,25,7,4,33,3,45,5,112,24,19
20230315,서울특별시,11,동대문구,11230,서울특별시,11,영등포구,11560,8,31,3,14,61,3,64,10,154,23,9
20230315,서울특별시,11,동대문구,11230,서울특별시,11,금천구,11545,3,34,6,0,40,0,40,4,94,18,11
20230315,서울특별시,11,동대문구,11230,서울특별시,11,구로구,11530,6,39,6,8,45,4,61,11,148,19,15
20230315,서울특별시,11,동대문구,11230,서울특별시,11,강서구,11500,7,39,13,13,70,0,70,7,207,37,27
20230315,서울특별시,11,동대문구,11230,서울특별시,11,양천구,11470,3,35,12,4,36,4,60,8,138,22,14
20230315,서울특별시,11,동대문구,11230,서울특별시,11,마포구,11440,6,25,12,23,59,4,51,8,129,30,14
20230315,서울특별시,11,동대문구,11230,서울특별시,11,서대문구,11410,4,27,6,8,22,4,51,5,105,14,12
20230315,서울특별시,11,동대문구,11230,서울특별시,11,은평구,11380,4,30,7,8,37,4,52,8,142,29,18
20230315,서울특별시,11,동대문구,11230,서울특별시,11,노원구,11350,3,29,4,11,45,0,62,8,156,30,10
20230315,서울특별시,11,동대문구,11230,서울특별시,11,도봉구,11320,0,20,4,0,29,5,31,8,87,12,5
20230315,서울특별시,11,동대문구,11230,서울특별시,11,강북구,11305,0,16,0,6,23,0,34,5,85,13,7
20230315,서울특별시,11,동대문구,11230,서울특별시,11,성북구,11290,0,40,12,16,38,0,55,12,191,29,19
20230315,서울특별시,11,동대문구,11230,서울특별시,11,중랑구,11260,0,23,8,9,46,0,35,10,119,14,12
20230315,서울특별시,11,동대문구,11230,서울특별시,11,동대문구,11230,9,38,6,11,44,4,44,6,138,22,16
20230315,서울특별시,11,동대문구,11230,서울특별시,11,광진구,11215,6,21,8,12,32,4,38,7,159,18,10
20230315,서울특별시,11,동대문구,11230,서울특별시,11,성동구,11200,7,44,13,7,40,5,38,0,156,49,16
20230315,서울특별시,11,동대문구,11230,서울특별시,11,용산구,11170,3,24,3,13,22,0,29,5,93,14,0
20230315,서울특별시,11,동대문구,11230,서울특별시,11,중구,11140,0,26,9,14,33,0,23,0,87,26,6
20230315,서울특별시,11,동대문구,11230,서울특별시,11,종로구,11110,4,13,4,0,37,3,30,3,45,10,9
20230315,서울특별시,11,양천구,11470,서울특별시,11,서대문구,11410,0,24,7,20,24,7,12,3,20,32,9
20230315,서울특별시,11,양천구,11470,서울특별시,11,은평구,11380,4,13,12,24,36,3,14,0,27,26,7
20230315,서울특별시,11,양천구,11470,서울특별시,11,노원구,11350,3,19,7,26,39,0,21,0,26,24,23
20230315,서울특별시,11,양천구,11470,서울특별시,11,도봉구,11320,0,6,3,15,25,0,12,0,23,14,8
20230315,서울특별시,11,양천구,11470,서울특별시,11,강북구,11305,0,4,0,10,14,0,17,0,28,6,8
20230315,서울특별시,11,양천구,11470,서울특별시,11,성북구,11290,0,25,13,11,32,4,32,0,65,38,7
20230315,서울특별시,11,양천구,11470,서울특별시,11,중랑구,11260,0,21,5,20,23,0,18,0,26,18,10
20230315,서울특별시,11,양천구,11470,서울특별시,11,동대문구,11230,0,17,3,16,40,12,21,0,42,25,14
20230315,서울특별시,11,양천구,11470,서울특별시,11,광진구,11215,0,15,7,15,25,3,15,3,31,36,7
20230315,서울특별시,11,양천구,11470,서울특별시,11,성동구,11200,0,25,20,20,19,18,15,0,76,71,12
20230315,서울특별시,11,양천구,11470,서울특별시,11,용산구,11170,0,11,6,23,23,3,10,0,26,23,11
20230315,서울특별시,11,양천구,11470,서울특별시,11,중구,11140,0,22,4,13,24,15,15,0,33,35,8
20230315,서울특별시,11,양천구,11470,서울특별시,11,종로구,11110,0,12,6,11,19,3,12,0,14,21,6
20230315,서울특별시,11,강북구,11305,서울특별시,11,강동구,11740,4,12,11,12,14,0,10,4,67,10,5
20230315,서울특별시,11,강북구,11305,서울특별시,11,송파구,11710,7,20,11,9,15,0,31,0,93,24,9
20230315,서울특별시,11,강북구,11305,서울특별시,11,강남구,11680,4,29,4,10,17,0,47,4,71,16,19
20230315,서울특별시,11,강북구,11305,서울특별시,11,서초구,11650,4,17,7,4,7,0,26,4,54,4,7
20230315,서울특별시,11,강북구,11305,서울특별시,11,관악구,11620,0,18,4,7,8,0,18,4,93,19,10
20230315,서울특별시,11,강북구,11305,서울특별시,11,동작구,11590,0,10,3,8,14,0,15,0,59,7,6
20230315,서울특별시,11,강북구,11305,서울특별시,11,영등포구,11560,0,12,3,13,12,0,28,5,68,17,5
20230315,서울특별시,11,강북구,11305,서울특별시,11,금천구,11545,0,12,0,6,5,5,11,0,46,10,4
20230315,서울특별시,11,강북구,11305,서울특별시,11,구로구,11530,0,18,5,12,14,0,23,0,57,5,7
20230315,서울특별시,11,강북구,11305,서울특별시,11,강서구,11500,0,23,4,13,18,0,26,5,95,19,9
20230315,서울특별시,11,강북구,11305,서울특별시,11,양천구,11470,0,16,3,7,7,0,13,0,49,16,8
20230315,서울특별시,11,강북구,11305,서울특별시,11,마포구,11440,0,14,5,9,11,0,17,3,67,16,9
20230315,서울특별시,11,강북구,11305,서울특별시,11,서대문구,11410,0,8,3,5,8,0,13,0,50,8,5
20230315,서울특별시,11,강북구,11305,서울특별시,11,은평구,11380,4,15,5,8,9,0,21,4,60,11,9
20230315,서울특별시,11,강북구,11305,서울특별시,11,노원구,11350,0,13,9,6,8,0,17,0,66,6,8
20230315,서울특별시,11,강북구,11305,서울특별시,11,도봉구,11320,3,15,7,0,3,0,9,4,37,10,4
20230315,서울특별시,11,강북구,11305,서울특별시,11,강북구,11305,0,25,9,5,9,0,21,0,56,7,6
20230315,서울특별시,11,강북구,11305,서울특별시,11,성북구,11290,0,17,7,6,11,0,13,0,73,11,8
20230315,서울특별시,11,강북구,11305,서울특별시,11,중랑구,11260,3,14,5,4,9,0,16,3,56,6,4
20230315,서울특별시,11,강북구,11305,서울특별시,11,동대문구,11230,0,6,3,4,10,0,15,0,60,12,8
20230315,서울특별시,11,강북구,11305,서울특별시,11,광진구,11215,3,19,0,5,7,0,20,0,53,9,7
20230315,서울특별시,11,강북구,11305,서울특별시,11,성동구,11200,0,22,13,7,7,3,9,6,66,30,8
20230315,서울특별시,11,강북구,11305,서울특별시,11,용산구,11170,0,3,5,3,10,0,12,0,24,4,6
20230315,서울특별시,11,강북구,11305,서울특별시,11,중구,11140,0,10,0,4,6,0,3,0,18,5,5
20230315,서울특별시,11,강북구,11305,서울특별시,11,종로구,11110,3,7,8,0,8,0,4,0,18,3,0
20230315,서울특별시,11,강남구,11680,서울특별시,11,강동구,11740,11,93,21,39,92,9,92,10,324,52,91
20230315,서울특별시,11,강남구,11680,서울특별시,11,송파구,11710,36,203,70,66,218,28,197,19,603,108,273
20230315,서울특별시,11,강남구,11680,서울특별시,11,강남구,11680,28,341,135,84,341,29,281,20,658,152,300
20230315,서울특별시,11,강남구,11680,서울특별시,11,서초구,11650,20,191,81,54,172,28,146,13,402,102,203
20230315,서울특별시,11,강남구,11680,서울특별시,11,관악구,11620,13,131,31,52,122,7,120,8,506,90,109
20230315,서울특별시,11,강남구,11680,서울특별시,11,동작구,11590,8,82,31,33,83,7,66,12,325,61,78
20230315,서울특별시,11,강남구,11680,서울특별시,11,영등포구,11560,17,126,41,50,120,14,107,4,337,78,82
20230315,서울특별시,11,강남구,11680,서울특별시,11,금천구,11545,6,74,16,23,47,7,45,7,234,43,47
20230315,서울특별시,11,강남구,11680,서울특별시,11,구로구,11530,12,77,26,26,100,12,92,11,345,55,89
20230315,서울특별시,11,강남구,11680,서울특별시,11,강서구,11500,22,143,53,48,130,15,131,18,476,96,141
20230315,서울특별시,11,강남구,11680,서울특별시,11,양천구,11470,15,72,28,24,98,6,66,8,329,66,92
20230315,서울특별시,11,강남구,11680,서울특별시,11,마포구,11440,18,121,36,40,124,11,114,9,340,80,108
20230315,서울특별시,11,강남구,11680,서울특별시,11,서대문구,11410,13,59,33,37,89,8,81,4,310,45,71
20230315,서울특별시,11,성동구,11200,서울특별시,11,중구,11140,6,68,7,17,47,0,31,6,125,59,65
20230315,서울특별시,11,중랑구,11260,서울특별시,11,강동구,11740,8,50,14,17,38,10,43,9,89,52,30
20230315,서울특별시,11,중랑구,11260,서울특별시,11,송파구,11710,13,64,23,14,58,9,65,10,157,54,26
20230315,서울특별시,11,중랑구,11260,서울특별시,11,강남구,11680,14,51,15,38,78,7,55,10,165,55,44
20230315,서울특별시,11,중랑구,11260,서울특별시,11,서초구,11650,13,38,15,15,73,7,30,7,105,34,24
20230315,서울특별시,11,중랑구,11260,서울특별시,11,관악구,11620,11,43,6,8,36,7,65,5,142,59,16
20230315,서울특별시,11,중랑구,11260,서울특별시,11,동작구,11590,7,36,15,12,31,4,28,5,84,33,16
20230315,서울특별시,11,중랑구,11260,서울특별시,11,영등포구,11560,8,43,11,16,34,12,51,3,86,37,15
20230315,서울특별시,11,중랑구,11260,서울특별시,11,금천구,11545,7,18,5,10,25,12,25,0,69,22,12
20230315,서울특별시,11,중랑구,11260,서울특별시,11,구로구,11530,5,27,8,5,21,7,39,3,71,36,17
20230315,서울특별시,11,중랑구,11260,서울특별시,11,강서구,11500,9,57,15,16,44,15,60,8,112,64,26
20230315,서울특별시,11,중랑구,11260,서울특별시,11,양천구,11470,8,39,10,20,26,7,26,9,87,35,18
20230315,서울특별시,11,강남구,11680,서울특별시,11,은평구,11380,13,86,28,40,96,12,85,12,354,75,76
20230315,서울특별시,11,강남구,11680,서울특별시,11,노원구,11350,17,93,22,38,86,7,108,8,377,78,124
20230315,서울특별시,11,강남구,11680,서울특별시,11,도봉구,11320,8,46,14,39,56,0,43,0,195,53,64
20230315,서울특별시,11,강남구,11680,서울특별시,11,강북구,11305,4,56,19,21,47,8,44,3,234,44,47
20230315,서울특별시,11,강남구,11680,서울특별시,11,성북구,11290,14,92,22,31,97,9,100,12,426,74,77
20230315,서울특별시,11,강남구,11680,서울특별시,11,중랑구,11260,8,71,17,21,63,10,74,7,288,68,80
20230315,서울특별시,11,강남구,11680,서울특별시,11,동대문구,11230,8,80,20,40,85,7,91,9,373,45,70
20230315,서울특별시,11,강남구,11680,서울특별시,11,광진구,11215,11,140,34,32,126,8,81,9,319,56,85
20230315,서울특별시,11,강남구,11680,서울특별시,11,성동구,11200,11,108,51,39,86,7,98,11,369,78,65
20230315,서울특별시,11,강남구,11680,서울특별시,11,용산구,11170,8,103,37,63,80,6,73,0,203,39,53
20230315,서울특별시,11,강남구,11680,서울특별시,11,중구,11140,8,98,27,35,87,10,70,7,174,35,42
20230315,서울특별시,11,강남구,11680,서울특별시,11,종로구,11110,10,74,21,22,62,4,62,6,151,41,48
20230315,서울특별시,11,영등포구,11560,서울특별시,11,강동구,11740,7,86,8,26,29,4,33,0,38,53,26
20230315,서울특별시,11,종로구,11110,서울특별시,11,광진구,11215,7,32,21,9,13,0,13,5,108,34,6
20230315,서울특별시,11,종로구,11110,서울특별시,11,동대문구,11230,5,29,40,11,25,0,15,0,108,30,5
20230315,서울특별시,11,종로구,11110,서울특별시,11,중랑구,11260,6,29,12,6,24,0,6,3,83,18,0
20230315,서울특별시,11,종로구,11110,서울특별시,11,성북구,11290,11,38,39,16,32,0,15,9,111,31,12
20230315,서울특별시,11,종로구,11110,서울특별시,11,강북구,11305,4,24,14,10,16,0,7,0,58,21,3
20230315,서울특별시,11,종로구,11110,서울특별시,11,도봉구,11320,10,24,12,6,15,0,9,8,72,21,7
20230315,서울특별시,11,종로구,11110,서울특별시,11,노원구,11350,5,36,21,9,22,0,17,7,104,37,14
20230315,서울특별시,11,종로구,11110,서울특별시,11,은평구,11380,9,49,29,12,23,3,16,5,89,35,7
20230315,서울특별시,11,종로구,11110,서울특별시,11,서대문구,11410,6,43,29,7,34,3,17,9,77,19,9
20230315,서울특별시,11,종로구,11110,서울특별시,11,마포구,11440,16,46,33,10,34,10,14,0,134,27,8
20230315,서울특별시,11,종로구,11110,서울특별시,11,양천구,11470,7,31,19,10,26,3,5,6,80,28,4
20230315,서울특별시,11,종로구,11110,서울특별시,11,강서구,11500,11,52,35,15,38,4,19,4,133,44,14
20230315,서울특별시,11,영등포구,11560,서울특별시,11,송파구,11710,4,165,23,30,69,6,35,5,79,101,41
20230315,서울특별시,11,영등포구,11560,서울특별시,11,강남구,11680,8,167,22,46,89,5,44,3,102,89,44
20230315,서울특별시,11,영등포구,11560,서울특별시,11,서초구,11650,7,112,20,27,62,6,48,0,65,72,30
20230315,서울특별시,11,영등포구,11560,서울특별시,11,관악구,11620,9,74,15,21,41,3,22,0,73,87,24
20230315,서울특별시,11,영등포구,11560,서울특별시,11,동작구,11590,4,70,12,21,33,0,20,3,49,79,45
20230315,서울특별시,11,영등포구,11560,서울특별시,11,영등포구,11560,10,139,29,38,53,4,55,0,62,80,38
20230315,서울특별시,11,영등포구,11560,서울특별시,11,금천구,11545,0,90,12,25,39,4,19,0,44,59,33
20230315,서울특별시,11,영등포구,11560,서울특별시,11,구로구,11530,6,88,16,22,50,0,35,3,53,64,44
20230315,서울특별시,11,영등포구,11560,서울특별시,11,강서구,11500,13,139,15,27,50,0,40,6,62,83,59
20230315,서울특별시,11,영등포구,11560,서울특별시,11,양천구,11470,3,103,15,10,48,5,26,0,45,62,50
20230315,서울특별시,11,영등포구,11560,서울특별시,11,마포구,11440,11,99,18,27,55,5,40,0,83,92,39
20230315,서울특별시,11,영등포구,11560,서울특별시,11,서대문구,11410,4,76,10,14,40,5,24,0,31,52,29
20230315,서울특별시,11,영등포구,11560,서울특별시,11,은평구,11380,7,100,8,18,34,4,31,0,55,72,25
20230315,서울특별시,11,영등포구,11560,서울특별시,11,노원구,11350,0,81,10,14,38,0,31,0,58,56,30
20230315,서울특별시,11,영등포구,11560,서울특별시,11,도봉구,11320,0,51,10,9,23,0,15,0,33,61,16
20230315,서울특별시,11,영등포구,11560,서울특별시,11,강북구,11305,0,50,5,12,7,0,21,0,39,42,32
20230315,서울특별시,11,영등포구,11560,서울특별시,11,성북구,11290,6,91,8,16,32,3,30,4,76,81,26
20230315,서울특별시,11,영등포구,11560,서울특별시,11,중랑구,11260,9,100,8,17,35,4,21,0,39,50,67
20230315,서울특별시,11,영등포구,11560,서울특별시,11,동대문구,11230,0,96,13,11,33,0,36,4,64,77,43
20230315,서울특별시,11,영등포구,11560,서울특별시,11,광진구,11215,7,81,17,20,43,0,41,0,61,49,24
20230315,서울특별시,11,영등포구,11560,서울특별시,11,성동구,11200,3,89,24,20,40,4,35,3,91,81,25
20230315,서울특별시,11,영등포구,11560,서울특별시,11,용산구,11170,4,77,13,33,34,0,37,0,39,41,13
20230315,서울특별시,11,영등포구,11560,서울특별시,11,중구,11140,4,82,11,13,31,6,37,0,54,45,17
20230315,서울특별시,11,영등포구,11560,서울특별시,11,종로구,11110,4,75,6,18,32,0,32,0,39,46,24
20230315,서울특별시,11,서대문구,11410,서울특별시,11,강동구,11740,6,18,8,22,35,6,10,8,38,48,9
20230315,서울특별시,11,서대문구,11410,서울특별시,11,송파구,11710,8,35,13,31,46,8,30,18,74,49,13
20230315,서울특별시,11,서대문구,11410,서울특별시,11,강남구,11680,17,40,19,35,46,12,30,5,63,38,29
20230315,서울특별시,11,서대문구,11410,서울특별시,11,서초구,11650,9,29,13,24,32,7,24,7,35,25,14
20230315,서울특별시,11,서대문구,11410,서울특별시,11,관악구,11620,0,26,7,36,27,7,13,0,42,36,15
20230315,서울특별시,11,은평구,11380,서울특별시,11,종로구,11110,0,4,4,0,23,4,21,0,12,8,14
20230315,서울특별시,11,은평구,11380,서울특별시,11,중구,11140,3,9,9,3,22,0,14,0,37,7,10
20230315,서울특별시,11,은평구,11380,서울특별시,11,용산구,11170,0,11,13,9,33,5,21,0,20,8,13
20230315,서울특별시,11,은평구,11380,서울특별시,11,성동구,11200,0,21,20,6,35,3,16,6,49,28,21
20230315,서울특별시,11,은평구,11380,서울특별시,11,광진구,11215,0,5,0,3,32,3,32,0,27,8,22
20230315,서울특별시,11,은평구,11380,서울특별시,11,동대문구,11230,0,5,5,0,27,4,26,0,32,9,23
20230315,서울특별시,11,은평구,11380,서울특별시,11,중랑구,11260,5,6,3,0,27,4,30,0,36,6,21
20230315,서울특별시,11,은평구,11380,서울특별시,11,성북구,11290,0,16,6,7,31,5,27,5,41,12,32
20230315,서울특별시,11,은평구,11380,서울특별시,11,강북구,11305,0,4,0,4,12,3,32,0,20,5,19
20230315,서울특별시,11,은평구,11380,서울특별시,11,도봉구,11320,0,3,0,4,19,3,32,0,15,5,32
20230315,서울특별시,11,은평구,11380,서울특별시,11,노원구,11350,0,10,3,4,37,7,38,8,33,6,29
20230315,서울특별시,11,은평구,11380,서울특별시,11,은평구,11380,0,15,17,8,41,0,67,9,42,13,41
20230315,서울특별시,11,은평구,11380,서울특별시,11,서대문구,11410,3,9,20,7,26,0,26,0,16,8,22
20230315,서울특별시,11,은평구,11380,서울특별시,11,마포구,11440,0,28,15,9,37,4,44,0,30,9,32
20230315,서울특별시,11,은평구,11380,서울특별시,11,양천구,11470,0,11,5,3,40,6,33,3,29,18,27
20230315,서울특별시,11,은평구,11380,서울특별시,11,강서구,11500,4,13,11,3,56,5,42,0,50,10,37
20230315,서울특별시,11,은평구,11380,서울특별시,11,구로구,11530,3,9,9,8,25,6,33,0,29,6,17
20230315,서울특별시,11,은평구,11380,서울특별시,11,금천구,11545,0,5,3,4,26,6,20,0,43,10,8
20230315,서울특별시,11,은평구,11380,서울특별시,11,영등포구,11560,0,15,6,10,29,8,30,3,20,8,29
20230315,서울특별시,11,은평구,11380,서울특별시,11,동작구,11590,0,23,5,6,24,5,42,0,24,9,27
20230315,서울특별시,11,은평구,11380,서울특별시,11,관악구,11620,0,10,7,5,29,0,39,6,29,13,32
20230315,서울특별시,11,은평구,11380,서울특별시,11,서초구,11650,5,10,7,7,35,7,36,0,29,15,28
20230315,서울특별시,11,은평구,11380,서울특별시,11,강남구,11680,6,12,10,6,61,10,39,3,55,11,36
20230315,서울특별시,11,은평구,11380,서울특별시,11,송파구,11710,0,15,7,8,52,12,60,4,43,16,42
20230315,서울특별시,11,은평구,11380,서울특별시,11,강동구,11740,4,6,7,5,35,6,41,0,30,15,34
20230315,서울특별시,11,관악구,11620,서울특별시,11,종로구,11110,4,9,26,0,13,0,6,3,20,3,0
20230315,서울특별시,11,관악구,11620,서울특별시,11,중구,11140,9,17,14,8,7,0,4,0,39,10,5
20230315,서울특별시,11,관악구,11620,서울특별시,11,용산구,11170,5,9,16,14,17,0,5,0,20,8,3
20230315,서울특별시,11,관악구,11620,서울특별시,11,성동구,11200,0,37,38,8,16,0,4,0,80,18,4
20230315,서울특별시,11,관악구,11620,서울특별시,11,광진구,11215,3,18,22,7,19,0,15,0,32,7,4
20230315,서울특별시,11,관악구,11620,서울특별시,11,동대문구,11230,3,9,45,7,11,0,7,0,50,10,0
20230315,서울특별시,11,관악구,11620,서울특별시,11,중랑구,11260,0,8,15,7,18,0,0,0,35,12,7
20230315,서울특별시,11,관악구,11620,서울특별시,11,성북구,11290,0,12,44,14,17,0,14,0,54,9,8
20230315,서울특별시,11,관악구,11620,서울특별시,11,강북구,11305,0,6,7,3,6,0,5,0,34,13,3
20230315,서울특별시,11,관악구,11620,서울특별시,11,도봉구,11320,0,10,14,4,14,0,3,0,25,0,0
20230315,서울특별시,11,관악구,11620,서울특별시,11,노원구,11350,0,15,22,6,21,0,8,0,25,8,3
20230315,서울특별시,11,관악구,11620,서울특별시,11,은평구,11380,3,20,19,6,15,0,8,10,34,7,9
20230315,서울특별시,11,서대문구,11410,서울특별시,11,동작구,11590,8,11,6,25,27,3,14,0,36,25,9
20230315,서울특별시,11,서대문구,11410,서울특별시,11,영등포구,11560,5,35,13,24,34,4,4,3,40,25,9
20230315,서울특별시,11,서대문구,11410,서울특별시,11,금천구,11545,3,15,4,19,27,0,8,0,44,30,6
20230315,서울특별시,11,서대문구,11410,서울특별시,11,구로구,11530,5,13,13,27,25,7,6,17,39,26,8
20230315,서울특별시,11,서대문구,11410,서울특별시,11,강서구,11500,12,24,14,31,47,14,12,16,56,37,11
20230315,서울특별시,11,서대문구,11410,서울특별시,11,양천구,11470,5,19,6,22,23,7,12,5,32,25,8
20230315,서울특별시,11,서대문구,11410,서울특별시,11,마포구,11440,5,26,16,32,33,9,7,5,57,38,11
20230315,서울특별시,11,서대문구,11410,서울특별시,11,서대문구,11410,3,19,13,19,28,8,20,15,34,26,7
20230315,서울특별시,11,서대문구,11410,서울특별시,11,은평구,11380,5,19,13,21,31,5,15,12,29,38,6
20230315,서울특별시,11,서대문구,11410,서울특별시,11,노원구,11350,5,17,13,21,23,4,13,6,36,29,17
20230315,서울특별시,11,서대문구,11410,서울특별시,11,도봉구,11320,6,14,5,11,16,5,7,3,21,18,9
20230315,서울특별시,11,서대문구,11410,서울특별시,11,강북구,11305,6,5,3,20,12,6,9,5,20,19,7
20230315,서울특별시,11,서대문구,11410,서울특별시,11,성북구,11290,5,28,7,17,34,5,17,3,62,21,13
20230315,서울특별시,11,서대문구,11410,서울특별시,11,중랑구,11260,9,15,11,20,18,4,5,5,37,28,6
20230315,서울특별시,11,서대문구,11410,서울특별시,11,동대문구,11230,5,12,10,22,27,5,31,6,42,28,13
20230315,서울특별시,11,서대문구,11410,서울특별시,11,광진구,11215,6,15,12,25,30,3,5,6,33,37,10
20230315,서울특별시,11,서대문구,11410,서울특별시,11,성동구,11200,6,25,11,22,23,6,9,5,76,28,10
20230315,서울특별시,11,서대문구,11410,서울특별시,11,용산구,11170,6,19,11,17,15,4,8,0,31,7,7
20230315,서울특별시,11,서대문구,11410,서울특별시,11,중구,11140,4,18,8,12,21,3,8,0,37,14,9
20230315,서울특별시,11,서대문구,11410,서울특별시,11,종로구,11110,3,11,4,13,11,4,6,3,22,12,4
20230315,서울특별시,11,중랑구,11260,서울특별시,11,마포구,11440,9,49,10,20,28,15,35,6,96,40,28
20230315,서울특별시,11,중랑구,11260,서울특별시,11,서대문구,11410,0,17,6,11,30,10,42,6,55,39,11
20230315,서울특별시,11,중랑구,11260,서울특별시,11,은평구,11380,5,29,5,10,34,10,56,6,81,57,15
20230315,서울특별시,11,중랑구,11260,서울특별시,11,노원구,11350,10,36,19,16,30,9,41,5,86,45,19
20230315,서울특별시,11,중랑구,11260,서울특별시,11,도봉구,11320,6,28,6,7,15,3,18,0,42,21,9
20230315,서울특별시,11,관악구,11620,서울특별시,11,서대문구,11410,5,9,35,6,11,3,10,0,22,4,4
20230315,서울특별시,11,관악구,11620,서울특별시,11,마포구,11440,5,27,25,17,21,0,12,5,28,21,7
20230315,서울특별시,11,관악구,11620,서울특별시,11,양천구,11470,0,20,17,4,20,0,9,0,17,14,5
20230315,서울특별시,11,관악구,11620,서울특별시,11,강서구,11500,3,19,19,12,22,0,19,0,57,16,13
20230315,서울특별시,11,관악구,11620,서울특별시,11,구로구,11530,3,18,15,6,21,8,9,0,41,16,11
20230315,서울특별시,11,관악구,11620,서울특별시,11,금천구,11545,0,14,12,9,17,3,10,0,53,14,50
20230315,서울특별시,11,관악구,11620,서울특별시,11,영등포구,11560,8,24,33,5,20,3,7,3,27,15,13
20230315,서울특별시,11,관악구,11620,서울특별시,11,동작구,11590,3,12,38,12,25,0,17,4,40,9,82
20230315,서울특별시,11,관악구,11620,서울특별시,11,관악구,11620,0,27,43,7,56,0,50,4,58,21,91
20230315,서울특별시,11,중랑구,11260,서울특별시,11,강북구,11305,0,16,5,3,13,3,20,6,59,33,5
20230315,서울특별시,11,중랑구,11260,서울특별시,11,성북구,11290,9,38,15,10,44,12,52,12,99,41,16
20230315,서울특별시,11,중랑구,11260,서울특별시,11,중랑구,11260,8,29,13,14,27,7,56,7,96,38,3
20230315,서울특별시,11,중랑구,11260,서울특별시,11,동대문구,11230,7,30,16,11,27,12,40,9,82,45,14
20230315,서울특별시,11,중랑구,11260,서울특별시,11,광진구,11215,11,30,7,12,33,15,25,5,80,28,14
20230315,서울특별시,11,중랑구,11260,서울특별시,11,성동구,11200,4,44,17,8,30,7,20,10,89,30,19
20230315,서울특별시,11,중랑구,11260,서울특별시,11,용산구,11170,7,26,7,15,19,7,35,0,59,14,8
20230315,서울특별시,11,중랑구,11260,서울특별시,11,중구,11140,8,27,7,7,22,5,21,7,59,25,5
20230315,서울특별시,11,중랑구,11260,서울특별시,11,종로구,11110,4,11,4,9,24,3,27,0,50,21,7
20230315,서울특별시,11,송파구,11710,서울특별시,11,강동구,11740,9,42,15,19,32,16,45,3,72,34,10
20230315,서울특별시,11,송파구,11710,서울특별시,11,송파구,11710,12,86,66,28,69,21,137,7,160,46,30
20230315,서울특별시,11,송파구,11710,서울특별시,11,강남구,11680,69,104,53,28,113,25,99,3,172,54,39
20230315,서울특별시,11,종로구,11110,서울특별시,11,구로구,11530,7,32,9,12,31,3,9,4,92,34,9
20230315,서울특별시,11,종로구,11110,서울특별시,11,금천구,11545,5,40,9,9,16,0,16,6,68,31,6
20230315,서울특별시,11,종로구,11110,서울특별시,11,영등포구,11560,9,55,19,13,30,0,19,8,118,30,10
20230315,서울특별시,11,종로구,11110,서울특별시,11,동작구,11590,7,36,25,8,23,0,6,0,94,29,7
20230315,서울특별시,11,종로구,11110,서울특별시,11,관악구,11620,8,32,31,11,24,6,15,3,156,46,9
20230315,서울특별시,11,종로구,11110,서울특별시,11,서초구,11650,15,59,42,26,30,4,24,3,114,33,12
20230315,서울특별시,11,종로구,11110,서울특별시,11,강남구,11680,18,84,36,11,58,10,38,6,194,64,21
20230315,서울특별시,11,종로구,11110,서울특별시,11,송파구,11710,13,65,34,22,59,7,28,14,197,50,10
20230315,서울특별시,11,종로구,11110,서울특별시,11,강동구,11740,5,40,18,9,29,0,17,6,69,35,11
20230315,서울특별시,11,성동구,11200,서울특별시,11,종로구,11110,8,30,8,25,26,4,27,0,80,41,53
20230315,서울특별시,11,중구,11140,서울특별시,11,종로구,11110,7,66,25,0,78,7,12,0,84,30,5
20230315,서울특별시,11,중구,11140,서울특별시,11,중구,11140,7,70,41,12,87,0,31,4,141,29,33
20230315,서울특별시,11,중구,11140,서울특별시,11,용산구,11170,11,67,21,14,63,8,25,3,119,46,11
20230315,서울특별시,11,중구,11140,서울특별시,11,성동구,11200,10,78,22,8,87,7,37,3,207,81,12
20230315,서울특별시,11,중구,11140,서울특별시,11,광진구,11215,6,41,18,7,34,5,17,3,183,65,12
20230315,서울특별시,11,중구,11140,서울특별시,11,동대문구,11230,0,50,7,9,52,3,23,3,186,50,5
20230315,서울특별시,11,중구,11140,서울특별시,11,중랑구,11260,3,33,11,4,41,14,19,5,141,49,7
20230315,서울특별시,11,중구,11140,서울특별시,11,성북구,11290,8,65,16,7,63,8,21,0,218,58,14
20230315,서울특별시,11,중구,11140,서울특별시,11,강북구,11305,3,26,6,10,32,0,13,5,140,37,3
20230315,서울특별시,11,중구,11140,서울특별시,11,도봉구,11320,4,32,4,3,24,3,25,0,116,25,3
20230315,서울특별시,11,중구,11140,서울특별시,11,노원구,11350,9,50,7,3,47,12,30,3,208,71,12
20230315,서울특별시,11,중구,11140,서울특별시,11,은평구,11380,5,42,9,26,59,8,27,0,192,58,6
20230315,서울특별시,11,중구,11140,서울특별시,11,서대문구,11410,7,45,9,7,47,4,26,0,176,40,12
20230315,서울특별시,11,송파구,11710,서울특별시,11,서초구,11650,12,46,57,16,85,26,68,0,75,24,21
20230315,서울특별시,11,송파구,11710,서울특별시,11,관악구,11620,15,23,29,10,46,19,51,0,124,33,16
20230315,서울특별시,11,송파구,11710,서울특별시,11,동작구,11590,7,24,9,12,29,5,25,0,71,13,8
20230315,서울특별시,11,송파구,11710,서울특별시,11,영등포구,11560,10,31,40,23,43,11,37,0,82,27,13
20230315,서울특별시,11,송파구,11710,서울특별시,11,금천구,11545,7,24,11,24,36,6,23,3,79,12,7
20230315,서울특별시,11,송파구,11710,서울특별시,11,구로구,11530,9,35,22,20,36,13,36,0,72,16,9
20230315,서울특별시,11,송파구,11710,서울특별시,11,강서구,11500,14,50,24,24,64,17,51,4,131,37,15
20230315,서울특별시,11,송파구,11710,서울특별시,11,양천구,11470,5,37,12,4,32,16,42,0,77,21,13
20230315,서울특별시,11,송파구,11710,서울특별시,11,마포구,11440,22,36,33,18,52,19,39,5,80,22,13
20230315,서울특별시,11,송파구,11710,서울특별시,11,서대문구,11410,4,13,8,9,27,8,31,5,65,18,8
20230315,서울특별시,11,송파구,11710,서울특별시,11,은평구,11380,5,31,14,11,31,7,33,0,80,28,15
20230315,서울특별시,11,송파구,11710,서울특별시,11,노원구,11350,8,34,13,16,34,15,42,0,91,25,16
20230315,서울특별시,11,송파구,11710,서울특별시,11,도봉구,11320,3,23,7,14,39,6,32,0,45,20,8
20230315,서울특별시,11,송파구,11710,서울특별시,11,강북구,11305,0,26,10,9,15,9,21,0,42,13,8
20230315,서울특별시,11,송파구,11710,서울특별시,11,성북구,11290,3,39,24,9,26,15,56,0,119,31,8
20230315,서울특별시,11,송파구,11710,서울특별시,11,중랑구,11260,0,26,14,14,38,10,38,0,79,20,10
20230315,서울특별시,11,송파구,11710,서울특별시,11,동대문구,11230,4,31,5,10,33,7,36,0,95,14,7
20230315,서울특별시,11,송파구,11710,서울특별시,11,광진구,11215,10,41,23,15,28,19,43,3,84,20,14
20230315,서울특별시,11,송파구,11710,서울특별시,11,성동구,11200,0,48,51,20,45,10,37,4,137,52,13
20230315,서울특별시,11,송파구,11710,서울특별시,11,용산구,11170,4,24,8,27,20,19,34,3,76,8,7
20230315,서울특별시,11,송파구,11710,서울특별시,11,중구,11140,4,40,14,8,27,8,29,0,70,24,11
20230315,서울특별시,11,송파구,11710,서울특별시,11,종로구,11110,6,22,15,8,19,10,20,0,39,13,0
20230315,서울특별시,11,강동구,11740,서울특별시,11,종로구,11110,6,24,3,0,17,0,30,0,16,9,5
20230315,서울특별시,11,금천구,11545,서울특별시,11,종로구,11110,8,31,23,35,33,6,37,3,56,42,42
20230315,서울특별시,11,금천구,11545,서울특별시,11,중구,11140,5,43,16,21,39,12,29,8,72,45,37
20230315,서울특별시,11,금천구,11545,서울특별시,11,용산구,11170,5,53,16,42,34,15,31,7,77,35,49
20230315,서울특별시,11,금천구,11545,서울특별시,11,성동구,11200,18,51,30,39,37,28,35,15,132,85,62
20230315,서울특별시,11,금천구,11545,서울특별시,11,광진구,11215,9,52,14,34,46,12,46,12,136,53,89
20230315,서울특별시,11,관악구,11620,서울특별시,11,서초구,11650,8,21,40,8,19,0,19,0,28,13,11
20230315,서울특별시,11,관악구,11620,서울특별시,11,강남구,11680,8,50,37,14,33,0,27,0,43,12,17
20230315,서울특별시,11,관악구,11620,서울특별시,11,송파구,11710,6,27,26,14,23,7,10,6,44,19,7
20230315,서울특별시,11,관악구,11620,서울특별시,11,강동구,11740,0,16,18,6,16,4,8,0,33,18,9
20230315,서울특별시,11,금천구,11545,서울특별시,11,동대문구,11230,12,39,24,46,38,9,46,21,120,116,83
20230315,서울특별시,11,금천구,11545,서울특별시,11,중랑구,11260,9,44,5,28,35,14,40,11,106,50,69
20230315,서울특별시,11,금천구,11545,서울특별시,11,성북구,11290,7,50,28,44,58,19,49,16,170,66,83
20230315,서울특별시,11,금천구,11545,서울특별시,11,강북구,11305,11,37,11,18,22,11,40,9,79,37,50
20230315,서울특별시,11,금천구,11545,서울특별시,11,도봉구,11320,10,38,13,23,32,17,27,8,72,42,51
20230315,서울특별시,11,금천구,11545,서울특별시,11,노원구,11350,12,61,18,39,65,27,43,22,146,68,85
20230315,서울특별시,11,금천구,11545,서울특별시,11,은평구,11380,17,51,20,35,51,25,53,13,125,69,76
20230315,서울특별시,11,금천구,11545,서울특별시,11,서대문구,11410,8,56,10,34,45,8,39,15,107,54,67
20230315,서울특별시,11,금천구,11545,서울특별시,11,마포구,11440,15,64,30,44,79,21,60,21,150,105,105
20230315,서울특별시,11,금천구,11545,서울특별시,11,양천구,11470,12,65,17,40,46,34,44,20,146,72,74
20230315,서울특별시,11,금천구,11545,서울특별시,11,강서구,11500,24,91,28,56,80,37,72,26,197,124,141
20230315,서울특별시,11,금천구,11545,서울특별시,11,구로구,11530,20,71,50,47,61,26,68,13,139,117,89
20230315,서울특별시,11,금천구,11545,서울특별시,11,금천구,11545,11,56,25,31,154,10,45,13,72,70,56
20230315,서울특별시,11,금천구,11545,서울특별시,11,영등포구,11560,12,93,40,58,67,17,59,21,145,75,105
20230315,서울특별시,11,금천구,11545,서울특별시,11,동작구,11590,8,51,15,42,43,18,54,13,132,48,66
20230315,서울특별시,11,금천구,11545,서울특별시,11,관악구,11620,13,62,24,66,68,9,72,18,173,77,102
20230315,서울특별시,11,금천구,11545,서울특별시,11,서초구,11650,17,89,33,49,79,50,58,13,157,85,122
20230315,서울특별시,11,금천구,11545,서울특별시,11,강남구,11680,33,155,53,87,133,55,106,26,244,102,177
20230315,서울특별시,11,금천구,11545,서울특별시,11,송파구,11710,21,117,23,64,82,47,87,36,243,139,175
20230315,서울특별시,11,금천구,11545,서울특별시,11,강동구,11740,16,62,18,38,45,21,51,16,158,86,97
20230315,서울특별시,11,동작구,11590,서울특별시,11,종로구,11110,4,10,22,3,10,0,16,0,17,3,13
20230315,서울특별시,11,동작구,11590,서울특별시,11,중구,11140,7,13,16,5,20,8,17,0,37,6,7
20230315,서울특별시,11,동작구,11590,서울특별시,11,용산구,11170,6,6,11,18,22,4,17,0,21,6,12
20230315,서울특별시,11,동작구,11590,서울특별시,11,성동구,11200,6,22,28,12,18,5,21,7,69,34,9
20230315,서울특별시,11,동작구,11590,서울특별시,11,광진구,11215,6,10,11,5,32,3,34,5,39,9,6
20230315,서울특별시,11,동작구,11590,서울특별시,11,동대문구,11230,8,10,25,11,48,0,21,6,38,7,8
20230315,서울특별시,11,동작구,11590,서울특별시,11,중랑구,11260,11,9,11,8,30,5,20,0,29,5,13
20230315,서울특별시,11,동작구,11590,서울특별시,11,성북구,11290,6,19,22,9,39,5,16,3,52,10,8
20230315,서울특별시,11,동작구,11590,서울특별시,11,강북구,11305,0,6,9,4,32,0,15,3,32,4,7
20230315,서울특별시,11,동작구,11590,서울특별시,11,도봉구,11320,0,4,7,8,18,0,25,5,28,8,3
20230315,서울특별시,11,동작구,11590,서울특별시,11,노원구,11350,11,11,19,10,40,10,29,0,33,10,17
20230315,서울특별시,11,동작구,11590,서울특별시,11,은평구,11380,5,10,15,6,39,3,55,8,32,5,10
20230315,서울특별시,11,동작구,11590,서울특별시,11,서대문구,11410,5,7,10,5,35,4,27,5,30,13,13
20230315,서울특별시,11,동작구,11590,서울특별시,11,마포구,11440,11,12,26,20,39,3,41,7,41,18,21
20230315,서울특별시,11,동작구,11590,서울특별시,11,양천구,11470,4,13,14,8,28,0,34,3,34,7,11
20230315,서울특별시,11,동작구,11590,서울특별시,11,강서구,11500,10,16,17,14,63,5,37,8,53,20,18
20230315,서울특별시,11,동작구,11590,서울특별시,11,구로구,11530,10,18,23,8,36,5,30,0,31,10,11
20230315,서울특별시,11,동작구,11590,서울특별시,11,금천구,11545,0,10,15,11,34,6,20,7,41,12,5
20230315,서울특별시,11,동작구,11590,서울특별시,11,영등포구,11560,12,21,39,14,38,6,41,5,39,8,16
20230315,서울특별시,11,동작구,11590,서울특별시,11,동작구,11590,5,15,26,12,43,5,72,3,33,15,8
20230315,서울특별시,11,동작구,11590,서울특별시,11,관악구,11620,7,10,32,16,45,7,59,7,47,20,21
20230315,서울특별시,11,동작구,11590,서울특별시,11,서초구,11650,13,13,24,15,44,8,47,0,41,15,20
20230315,서울특별시,11,동작구,11590,서울특별시,11,강남구,11680,20,31,46,16,59,8,57,7,46,28,28
20230315,서울특별시,11,동작구,11590,서울특별시,11,송파구,11710,13,33,28,14,58,7,51,10,58,24,18
20230315,서울특별시,11,동작구,11590,서울특별시,11,강동구,11740,12,17,23,11,38,5,41,8,48,24,18
20230315,서울특별시,11,중구,11140,서울특별시,11,마포구,11440,16,105,15,10,94,6,40,4,270,83,16
20230315,서울특별시,11,중구,11140,서울특별시,11,양천구,11470,8,40,6,7,47,5,19,0,170,53,9
20230315,서울특별시,11,중구,11140,서울특별시,11,강서구,11500,8,92,21,7,78,6,33,5,266,72,9
20230315,서울특별시,11,강동구,11740,서울특별시,11,동작구,11590,14,22,5,8,21,6,49,0,14,16,9
20230315,서울특별시,11,중구,11140,서울특별시,11,금천구,11545,10,47,9,3,54,7,11,3,103,41,7
20230315,서울특별시,11,중구,11140,서울특별시,11,영등포구,11560,7,52,16,10,96,7,22,0,230,73,10
20230315,서울특별시,11,중구,11140,서울특별시,11,동작구,11590,6,55,7,8,47,8,24,0,205,39,8
20230315,서울특별시,11,중구,11140,서울특별시,11,관악구,11620,9,70,21,12,59,8,25,0,257,79,17
20230315,서울특별시,11,중구,11140,서울특별시,11,서초구,11650,17,62,29,7,109,11,26,0,222,59,17
20230315,서울특별시,11,중구,11140,서울특별시,11,강남구,11680,23,129,31,16,268,9,64,5,338,117,27
20230315,서울특별시,11,중구,11140,서울특별시,11,송파구,11710,12,82,14,6,91,14,37,4,392,97,12
20230315,서울특별시,11,중구,11140,서울특별시,11,강동구,11740,15,50,14,5,57,14,25,4,175,59,5
20230315,서울특별시,11,성북구,11290,서울특별시,11,종로구,11110,3,31,12,8,13,5,21,15,112,37,3
20230315,서울특별시,11,성북구,11290,서울특별시,11,중구,11140,9,39,11,11,26,4,30,11,137,26,7
20230315,서울특별시,11,성북구,11290,서울특별시,11,용산구,11170,13,27,7,13,21,3,34,25,123,52,7
20230315,서울특별시,11,성북구,11290,서울특별시,11,성동구,11200,6,67,27,13,23,7,25,42,245,99,13
20230315,서울특별시,11,성북구,11290,서울특별시,11,광진구,11215,10,68,7,16,30,4,50,54,254,70,6
20230315,서울특별시,11,성북구,11290,서울특별시,11,동대문구,11230,8,55,3,6,31,7,28,47,226,74,8
20230315,서울특별시,11,성북구,11290,서울특별시,11,중랑구,11260,4,47,8,8,43,3,38,64,227,60,5
20230315,서울특별시,11,성북구,11290,서울특별시,11,성북구,11290,9,61,18,15,38,8,63,79,331,77,14
20230315,서울특별시,11,성북구,11290,서울특별시,11,강북구,11305,4,38,5,12,10,4,30,35,157,39,8
20230315,서울특별시,11,성북구,11290,서울특별시,11,도봉구,11320,0,44,7,9,16,5,37,33,168,42,3
20230315,서울특별시,11,성북구,11290,서울특별시,11,노원구,11350,6,55,15,22,39,6,57,71,317,72,12
20230315,서울특별시,11,성북구,11290,서울특별시,11,은평구,11380,6,52,10,12,26,5,65,66,235,94,6
20230315,서울특별시,11,성북구,11290,서울특별시,11,서대문구,11410,8,51,8,17,29,7,29,57,194,52,4
20230315,서울특별시,11,마포구,11440,서울특별시,11,강동구,11740,14,78,27,74,65,3,88,3,86,52,39
20230315,서울특별시,11,마포구,11440,서울특별시,11,송파구,11710,14,115,36,111,107,5,112,13,151,69,65
20230315,서울특별시,11,마포구,11440,서울특별시,11,강남구,11680,18,145,69,122,136,9,159,10,183,72,66
20230315,서울특별시,11,마포구,11440,서울특별시,11,서초구,11650,12,89,58,84,84,5,111,8,96,57,50
20230315,서울특별시,11,마포구,11440,서울특별시,11,관악구,11620,18,69,26,104,81,3,79,4,172,66,38
20230315,서울특별시,11,마포구,11440,서울특별시,11,동작구,11590,13,57,22,54,65,0,61,4,117,38,33
20230315,서울특별시,11,마포구,11440,서울특별시,11,영등포구,11560,23,83,52,73,89,11,78,8,93,43,34
20230315,서울특별시,11,마포구,11440,서울특별시,11,금천구,11545,9,71,13,56,46,3,44,0,88,28,16
20230315,서울특별시,11,마포구,11440,서울특별시,11,구로구,11530,9,54,25,78,60,12,83,6,100,36,28
20230315,서울특별시,11,마포구,11440,서울특별시,11,강서구,11500,15,114,37,92,108,6,91,7,171,68,46
20230315,서울특별시,11,마포구,11440,서울특별시,11,양천구,11470,12,78,23,63,67,5,66,4,96,22,40
20230315,서울특별시,11,마포구,11440,서울특별시,11,마포구,11440,14,112,77,106,121,7,113,8,203,63,42
20230315,서울특별시,11,마포구,11440,서울특별시,11,서대문구,11410,10,71,40,61,58,8,54,4,115,42,29
20230315,서울특별시,11,마포구,11440,서울특별시,11,은평구,11380,15,60,30,76,77,6,96,7,102,42,38
20230315,서울특별시,11,마포구,11440,서울특별시,11,노원구,11350,10,68,22,79,81,7,88,4,99,35,33
20230315,서울특별시,11,마포구,11440,서울특별시,11,도봉구,11320,7,37,14,41,34,4,58,5,57,23,23
20230315,서울특별시,11,마포구,11440,서울특별시,11,강북구,11305,4,107,10,40,44,7,37,0,98,21,27
20230315,서울특별시,11,마포구,11440,서울특별시,11,성북구,11290,9,72,26,84,74,4,91,4,143,34,39
20230315,서울특별시,11,마포구,11440,서울특별시,11,중랑구,11260,3,59,17,45,62,5,59,4,99,33,28
20230315,서울특별시,11,마포구,11440,서울특별시,11,동대문구,11230,12,82,23,59,96,5,54,0,126,46,43
20230315,서울특별시,11,구로구,11530,서울특별시,11,종로구,11110,9,26,13,21,33,3,13,5,33,8,8
20230315,서울특별시,11,구로구,11530,서울특별시,11,중구,11140,7,45,18,25,26,0,12,0,52,15,17
20230315,서울특별시,11,구로구,11530,서울특별시,11,용산구,11170,8,26,23,35,33,7,13,3,53,13,17
20230315,서울특별시,11,구로구,11530,서울특별시,11,성동구,11200,9,59,25,27,36,7,13,3,90,30,26
20230315,서울특별시,11,구로구,11530,서울특별시,11,광진구,11215,22,74,18,17,38,6,13,6,64,17,30
20230315,서울특별시,11,구로구,11530,서울특별시,11,동대문구,11230,18,64,24,25,32,8,12,3,68,17,23
20230315,서울특별시,11,구로구,11530,서울특별시,11,중랑구,11260,11,45,17,15,33,9,11,3,62,26,23
20230315,서울특별시,11,구로구,11530,서울특별시,11,성북구,11290,16,61,42,19,38,4,16,4,82,20,23
20230315,서울특별시,11,구로구,11530,서울특별시,11,강북구,11305,6,35,11,21,20,5,11,0,38,17,10
20230315,서울특별시,11,구로구,11530,서울특별시,11,도봉구,11320,9,37,15,17,14,7,8,5,39,19,22
20230315,서울특별시,11,구로구,11530,서울특별시,11,노원구,11350,12,62,34,23,37,4,11,9,62,22,21
20230315,서울특별시,11,구로구,11530,서울특별시,11,은평구,11380,11,57,41,33,27,17,34,0,71,32,33
20230315,서울특별시,11,구로구,11530,서울특별시,11,서대문구,11410,13,58,35,22,31,8,32,4,56,12,16
20230315,서울특별시,11,구로구,11530,서울특별시,11,마포구,11440,20,78,72,31,44,9,21,0,86,26,26
20230315,서울특별시,11,구로구,11530,서울특별시,11,양천구,11470,7,50,29,25,34,4,16,6,51,19,26
20230315,서울특별시,11,구로구,11530,서울특별시,11,강서구,11500,13,101,49,35,49,13,42,5,122,41,44
20230315,서울특별시,11,구로구,11530,서울특별시,11,구로구,11530,14,89,36,36,50,11,42,7,82,26,34
20230315,서울특별시,11,구로구,11530,서울특별시,11,금천구,11545,8,46,17,32,31,0,22,3,68,18,14
20230315,서울특별시,11,구로구,11530,서울특별시,11,영등포구,11560,12,99,32,23,43,11,9,0,80,24,37
20230315,서울특별시,11,구로구,11530,서울특별시,11,동작구,11590,19,53,36,24,34,7,15,6,72,20,17
20230315,서울특별시,11,구로구,11530,서울특별시,11,관악구,11620,19,97,45,30,55,9,45,3,99,32,35
20230315,서울특별시,11,구로구,11530,서울특별시,11,서초구,11650,13,76,39,37,51,6,24,5,75,15,33
20230315,서울특별시,11,구로구,11530,서울특별시,11,강남구,11680,15,90,35,44,83,12,28,10,93,35,49
20230315,서울특별시,11,구로구,11530,서울특별시,11,송파구,11710,31,100,36,51,52,9,39,7,113,31,49
20230315,서울특별시,11,구로구,11530,서울특별시,11,강동구,11740,9,56,35,18,40,8,27,4,78,22,29
20230315,서울특별시,11,마포구,11440,서울특별시,11,광진구,11215,10,72,18,78,74,3,79,5,152,36,28
20230315,서울특별시,11,노원구,11350,서울특별시,11,강동구,11740,4,9,12,9,48,0,31,19,43,12,0
20230315,서울특별시,11,노원구,11350,서울특별시,11,송파구,11710,10,29,7,18,66,5,57,17,66,16,11
20230315,서울특별시,11,노원구,11350,서울특별시,11,강남구,11680,10,30,10,16,82,6,54,16,64,22,8
20230315,서울특별시,11,노원구,11350,서울특별시,11,서초구,11650,9,18,7,9,42,5,30,11,49,8,8
20230315,서울특별시,11,노원구,11350,서울특별시,11,관악구,11620,3,10,9,11,44,6,27,8,43,9,7
20230315,서울특별시,11,노원구,11350,서울특별시,11,동작구,11590,5,11,4,9,40,4,32,6,45,5,5
20230315,서울특별시,11,노원구,11350,서울특별시,11,영등포구,11560,3,11,10,12,24,0,20,12,32,7,6
20230315,서울특별시,11,노원구,11350,서울특별시,11,금천구,11545,3,63,6,9,29,5,16,9,46,14,0
20230315,서울특별시,11,노원구,11350,서울특별시,11,구로구,11530,5,12,7,20,25,4,28,14,54,8,10
20230315,서울특별시,11,노원구,11350,서울특별시,11,강서구,11500,0,17,15,12,37,9,36,17,73,12,16
20230315,서울특별시,11,노원구,11350,서울특별시,11,양천구,11470,4,10,6,4,43,5,32,14,25,8,6
20230315,서울특별시,11,노원구,11350,서울특별시,11,마포구,11440,3,14,8,12,47,3,27,9,40,5,6
20230315,서울특별시,11,노원구,11350,서울특별시,11,서대문구,11410,3,12,7,6,27,9,29,8,27,6,4
20230315,서울특별시,11,노원구,11350,서울특별시,11,은평구,11380,3,18,7,8,22,6,28,10,38,5,7
20230315,서울특별시,11,노원구,11350,서울특별시,11,노원구,11350,3,23,19,15,39,4,61,16,63,15,10
20230315,서울특별시,11,노원구,11350,서울특별시,11,도봉구,11320,3,6,12,5,18,0,30,4,25,6,5
20230315,서울특별시,11,노원구,11350,서울특별시,11,강북구,11305,4,8,3,12,16,0,22,6,28,0,7
20230315,서울특별시,11,노원구,11350,서울특별시,11,성북구,11290,3,10,6,11,39,4,28,8,66,16,6
20230315,서울특별시,11,노원구,11350,서울특별시,11,중랑구,11260,5,17,8,8,33,3,32,8,42,11,9
20230315,서울특별시,11,노원구,11350,서울특별시,11,동대문구,11230,3,15,4,11,31,0,27,15,44,7,5
20230315,서울특별시,11,노원구,11350,서울특별시,11,광진구,11215,0,31,7,5,23,6,26,12,42,13,5
20230315,서울특별시,11,노원구,11350,서울특별시,11,성동구,11200,6,23,8,9,23,9,21,10,66,15,8
20230315,서울특별시,11,노원구,11350,서울특별시,11,용산구,11170,7,6,9,21,20,0,15,5,25,0,4
20230315,서울특별시,11,노원구,11350,서울특별시,11,중구,11140,0,10,7,6,22,4,14,5,26,10,5
20230315,서울특별시,11,노원구,11350,서울특별시,11,종로구,11110,0,4,4,5,25,0,15,3,21,5,3
20230315,서울특별시,11,강동구,11740,서울특별시,11,중구,11140,5,34,0,9,24,3,25,0,34,12,0
20230315,서울특별시,11,강동구,11740,서울특별시,11,용산구,11170,10,29,6,9,30,0,40,0,16,9,11
20230315,서울특별시,11,강동구,11740,서울특별시,11,성동구,11200,5,37,22,9,38,3,32,4,57,32,10
20230315,서울특별시,11,강동구,11740,서울특별시,11,광진구,11215,12,21,7,15,15,5,31,0,22,15,4
20230315,서울특별시,11,강동구,11740,서울특별시,11,동대문구,11230,15,44,5,10,26,4,29,0,30,17,3
20230315,서울특별시,11,강동구,11740,서울특별시,11,중랑구,11260,16,18,5,9,31,5,26,0,16,10,0
20230315,서울특별시,11,강동구,11740,서울특별시,11,성북구,11290,11,37,8,15,49,9,51,0,43,14,6
20230315,서울특별시,11,강동구,11740,서울특별시,11,강북구,11305,3,15,5,3,22,5,19,0,16,14,3
20230315,서울특별시,11,강동구,11740,서울특별시,11,도봉구,11320,6,19,0,8,20,0,17,0,12,9,7
20230315,서울특별시,11,강동구,11740,서울특별시,11,노원구,11350,10,29,4,17,37,6,46,0,20,17,5
20230315,서울특별시,11,강동구,11740,서울특별시,11,은평구,11380,14,24,5,9,29,6,37,4,19,15,9
20230315,서울특별시,11,강동구,11740,서울특별시,11,서대문구,11410,5,21,7,18,21,6,34,3,7,16,3
20230315,서울특별시,11,강동구,11740,서울특별시,11,마포구,11440,8,43,10,9,35,4,65,0,18,20,10
20230315,서울특별시,11,강동구,11740,서울특별시,11,양천구,11470,10,28,0,13,25,4,40,5,19,16,3
20230315,서울특별시,11,강동구,11740,서울특별시,11,강서구,11500,16,79,8,18,70,5,65,4,35,18,13
20230315,서울특별시,11,강동구,11740,서울특별시,11,구로구,11530,7,34,5,18,24,3,33,0,23,13,6
20230315,서울특별시,11,강동구,11740,서울특별시,11,금천구,11545,8,56,6,14,24,3,26,0,38,12,3
20230315,서울특별시,11,강동구,11740,서울특별시,11,영등포구,11560,14,53,8,10,27,8,48,0,22,22,7
20230316,서울특별시,11,강북구,11305,서울특별시,11,강북구,11305,0,19,3,5,6,0,27,5,37,5,7
20230316,서울특별시,11,강북구,11305,서울특별시,11,성북구,11290,4,25,5,8,8,0,29,4,70,8,4
20230316,서울특별시,11,강북구,11305,서울특별시,11,중랑구,11260,0,13,4,0,24,0,8,0,56,4,6
20230316,서울특별시,11,강북구,11305,서울특별시,11,동대문구,11230,3,19,6,11,10,0,21,0,67,11,3
20230316,서울특별시,11,강북구,11305,서울특별시,11,광진구,11215,3,14,5,5,4,0,15,0,50,10,10
20230316,서울특별시,11,강북구,11305,서울특별시,11,성동구,11200,0,18,8,4,10,0,12,0,50,43,5
20230316,서울특별시,11,노원구,11350,서울특별시,11,동대문구,11230,3,12,3,14,17,6,21,9,43,10,7
20230316,서울특별시,11,강남구,11680,서울특별시,11,광진구,11215,8,85,35,26,47,6,78,9,250,39,88
20230316,서울특별시,11,강남구,11680,서울특별시,11,성동구,11200,14,138,90,12,66,13,81,13,268,80,81
20230316,서울특별시,11,강남구,11680,서울특별시,11,용산구,11170,12,79,108,50,44,7,60,7,166,32,68
20230316,서울특별시,11,강남구,11680,서울특별시,11,중구,11140,10,104,109,16,48,10,52,14,150,46,47
20230316,서울특별시,11,강남구,11680,서울특별시,11,종로구,11110,4,64,125,13,49,4,45,6,123,33,35
20230316,서울특별시,11,서대문구,11410,서울특별시,11,강동구,11740,13,14,11,22,36,9,7,19,48,25,8
20230316,서울특별시,11,서대문구,11410,서울특별시,11,송파구,11710,16,23,9,22,49,22,7,14,58,31,15
20230316,서울특별시,11,서대문구,11410,서울특별시,11,강남구,11680,26,48,23,22,41,15,25,7,59,27,18
20230316,서울특별시,11,서대문구,11410,서울특별시,11,서초구,11650,15,22,9,14,32,7,9,9,44,11,13
20230316,서울특별시,11,서대문구,11410,서울특별시,11,관악구,11620,19,18,10,14,28,10,11,10,48,19,11
20230316,서울특별시,11,서대문구,11410,서울특별시,11,동작구,11590,11,17,9,11,32,8,11,6,45,22,15
20230316,서울특별시,11,서대문구,11410,서울특별시,11,영등포구,11560,18,20,7,13,37,5,5,18,43,18,9
20230316,서울특별시,11,서대문구,11410,서울특별시,11,금천구,11545,16,13,3,14,28,7,5,0,38,28,10
20230316,서울특별시,11,서대문구,11410,서울특별시,11,구로구,11530,16,19,9,13,48,4,9,5,33,26,7
20230316,서울특별시,11,서대문구,11410,서울특별시,11,강서구,11500,16,26,16,25,50,7,9,8,68,42,35
20230316,서울특별시,11,서대문구,11410,서울특별시,11,양천구,11470,14,39,11,11,32,8,4,9,39,22,10
20230316,서울특별시,11,서대문구,11410,서울특별시,11,마포구,11440,10,27,16,13,37,5,5,14,63,20,12
20230316,서울특별시,11,서대문구,11410,서울특별시,11,서대문구,11410,9,27,15,15,27,4,34,4,41,27,6
20230316,서울특별시,11,서대문구,11410,서울특별시,11,은평구,11380,14,13,12,8,34,6,8,18,41,27,9
20230316,서울특별시,11,서대문구,11410,서울특별시,11,노원구,11350,10,10,4,14,41,5,5,11,50,25,0
20230316,서울특별시,11,서대문구,11410,서울특별시,11,도봉구,11320,10,9,5,9,20,3,3,10,26,15,3
20230316,서울특별시,11,서대문구,11410,서울특별시,11,강북구,11305,12,9,5,11,19,5,7,0,29,20,5
20230316,서울특별시,11,서대문구,11410,서울특별시,11,성북구,11290,11,25,11,9,31,4,13,11,65,21,11
20230316,서울특별시,11,서대문구,11410,서울특별시,11,중랑구,11260,9,16,7,6,12,0,4,12,40,26,9
20230316,서울특별시,11,서대문구,11410,서울특별시,11,동대문구,11230,15,16,10,11,22,8,13,8,48,21,10
20230316,서울특별시,11,서대문구,11410,서울특별시,11,광진구,11215,11,19,10,7,29,7,7,20,47,21,16
20230316,서울특별시,11,서대문구,11410,서울특별시,11,성동구,11200,6,22,19,16,29,6,8,15,71,35,9
20230316,서울특별시,11,서대문구,11410,서울특별시,11,용산구,11170,14,20,8,15,15,5,9,10,21,20,9
20230316,서울특별시,11,서대문구,11410,서울특별시,11,중구,11140,6,21,5,4,19,4,5,0,34,15,9
20230316,서울특별시,11,서대문구,11410,서울특별시,11,종로구,11110,16,14,9,4,21,0,4,0,28,12,8
20230316,서울특별시,11,강북구,11305,서울특별시,11,용산구,11170,0,8,9,8,5,0,16,0,32,3,4
20230316,서울특별시,11,강북구,11305,서울특별시,11,중구,11140,0,12,11,4,5,0,13,0,29,7,0
20230316,서울특별시,11,서초구,11650,서울특별시,11,종로구,11110,9,29,9,7,28,6,30,9,24,11,10
20230316,서울특별시,11,서초구,11650,서울특별시,11,중구,11140,14,36,19,10,45,5,35,0,53,14,11
20230316,서울특별시,11,서초구,11650,서울특별시,11,용산구,11170,11,41,17,24,47,3,50,6,46,11,18
20230316,서울특별시,11,서초구,11650,서울특별시,11,성동구,11200,11,58,37,19,43,3,41,5,113,41,19
20230316,서울특별시,11,서초구,11650,서울특별시,11,광진구,11215,7,42,21,23,46,4,38,4,50,15,17
20230316,서울특별시,11,서초구,11650,서울특별시,11,동대문구,11230,16,64,35,10,55,0,41,4,50,12,11
20230316,서울특별시,11,서초구,11650,서울특별시,11,중랑구,11260,5,34,11,11,35,3,50,0,41,18,14
20230316,서울특별시,11,서초구,11650,서울특별시,11,성북구,11290,4,59,28,16,59,4,56,3,67,18,20
20230316,서울특별시,11,서초구,11650,서울특별시,11,강북구,11305,0,19,19,17,23,0,43,7,27,14,9
20230316,서울특별시,11,서초구,11650,서울특별시,11,도봉구,11320,0,22,13,0,30,4,23,6,25,8,4
20230316,서울특별시,11,서초구,11650,서울특별시,11,노원구,11350,16,41,33,10,55,5,55,6,38,14,16
20230316,서울특별시,11,서초구,11650,서울특별시,11,은평구,11380,14,49,17,16,47,0,53,8,45,15,21
20230316,서울특별시,11,서초구,11650,서울특별시,11,서대문구,11410,11,28,14,13,46,3,40,4,46,20,10
20230316,서울특별시,11,강북구,11305,서울특별시,11,종로구,11110,0,4,8,8,7,0,5,0,25,6,3
20230316,서울특별시,11,은평구,11380,서울특별시,11,강동구,11740,3,7,3,0,31,3,43,4,13,19,30
20230316,서울특별시,11,은평구,11380,서울특별시,11,송파구,11710,0,5,11,9,53,10,80,3,24,13,44
20230316,서울특별시,11,광진구,11215,서울특별시,11,중구,11140,0,26,10,10,18,0,7,0,52,27,4
20230316,서울특별시,11,광진구,11215,서울특별시,11,종로구,11110,0,10,8,9,23,0,7,0,46,12,4
20230316,서울특별시,11,동대문구,11230,서울특별시,11,종로구,11110,5,15,0,5,26,3,26,0,39,15,7
20230316,서울특별시,11,동대문구,11230,서울특별시,11,중구,11140,5,21,12,9,24,3,27,0,72,17,6
20230316,서울특별시,11,동대문구,11230,서울특별시,11,용산구,11170,8,19,5,15,28,4,34,5,69,22,7
20230316,서울특별시,11,동대문구,11230,서울특별시,11,성동구,11200,7,31,17,11,37,4,36,3,188,69,15
20230316,서울특별시,11,동대문구,11230,서울특별시,11,광진구,11215,8,16,14,8,33,0,40,3,129,32,16
20230316,서울특별시,11,동대문구,11230,서울특별시,11,동대문구,11230,12,37,9,8,35,0,61,6,125,22,7
20230316,서울특별시,11,동대문구,11230,서울특별시,11,중랑구,11260,0,27,8,0,33,6,51,0,112,20,15
20230316,서울특별시,11,동대문구,11230,서울특별시,11,성북구,11290,3,31,10,7,41,0,50,0,149,38,19
20230316,서울특별시,11,동대문구,11230,서울특별시,11,강북구,11305,3,25,4,6,21,0,35,3,82,15,6
20230316,서울특별시,11,동대문구,11230,서울특별시,11,도봉구,11320,0,23,5,7,21,0,27,6,70,13,5
20230316,서울특별시,11,동대문구,11230,서울특별시,11,노원구,11350,0,25,3,7,25,3,58,0,111,14,12
20230316,서울특별시,11,중구,11140,서울특별시,11,종로구,11110,8,56,30,14,66,4,18,3,85,19,5
20230316,서울특별시,11,중구,11140,서울특별시,11,중구,11140,17,75,62,8,101,0,30,0,129,22,21
20230316,서울특별시,11,중구,11140,서울특별시,11,용산구,11170,16,81,36,7,60,5,34,0,138,26,9
20230316,서울특별시,11,중구,11140,서울특별시,11,성동구,11200,8,85,32,10,65,7,26,0,261,114,11
20230316,서울특별시,11,중구,11140,서울특별시,11,광진구,11215,6,46,21,12,51,0,24,0,221,48,8
20230316,서울특별시,11,중구,11140,서울특별시,11,동대문구,11230,11,53,29,8,39,7,20,0,169,38,10
20230316,서울특별시,11,중구,11140,서울특별시,11,중랑구,11260,7,45,14,6,40,3,21,0,127,31,8
20230316,서울특별시,11,중구,11140,서울특별시,11,성북구,11290,12,57,23,11,48,7,31,5,199,33,3
20230316,서울특별시,11,중구,11140,서울특별시,11,강북구,11305,5,26,6,4,33,0,17,0,141,14,0
20230316,서울특별시,11,중구,11140,서울특별시,11,도봉구,11320,5,35,7,6,30,15,16,0,106,31,6
20230316,서울특별시,11,중구,11140,서울특별시,11,노원구,11350,3,45,19,5,51,13,29,6,177,35,12
20230316,서울특별시,11,중구,11140,서울특별시,11,은평구,11380,8,64,13,4,44,9,26,4,207,25,16
20230316,서울특별시,11,중구,11140,서울특별시,11,서대문구,11410,7,57,22,8,33,4,25,5,170,41,3
20230316,서울특별시,11,중구,11140,서울특별시,11,마포구,11440,11,81,46,11,111,11,46,3,263,62,9
20230316,서울특별시,11,중구,11140,서울특별시,11,양천구,11470,10,45,11,9,35,5,17,6,207,32,3
20230316,서울특별시,11,중구,11140,서울특별시,11,강서구,11500,11,71,29,11,82,9,35,0,288,60,12
20230316,서울특별시,11,중구,11140,서울특별시,11,구로구,11530,6,45,19,6,77,6,25,4,155,27,5
20230316,서울특별시,11,중구,11140,서울특별시,11,금천구,11545,4,37,10,16,55,6,21,0,116,27,5
20230316,서울특별시,11,중구,11140,서울특별시,11,영등포구,11560,8,88,37,7,86,8,27,3,251,38,13
20230316,서울특별시,11,은평구,11380,서울특별시,11,영등포구,11560,4,15,5,4,39,5,52,0,20,6,22
20230316,서울특별시,11,은평구,11380,서울특별시,11,금천구,11545,0,7,4,4,21,3,31,0,25,6,15
20230316,서울특별시,11,은평구,11380,서울특별시,11,구로구,11530,0,15,5,7,31,5,37,0,26,8,18
20230316,서울특별시,11,은평구,11380,서울특별시,11,강서구,11500,0,18,3,4,48,6,75,4,33,8,47
20230316,서울특별시,11,은평구,11380,서울특별시,11,양천구,11470,0,11,6,0,33,6,66,0,11,10,36
20230316,서울특별시,11,은평구,11380,서울특별시,11,마포구,11440,5,11,20,3,52,6,57,0,23,8,26
20230316,서울특별시,11,은평구,11380,서울특별시,11,서대문구,11410,0,3,11,0,24,0,34,4,26,8,20
20230316,서울특별시,11,은평구,11380,서울특별시,11,은평구,11380,0,27,12,5,44,4,82,0,32,9,25
20230316,서울특별시,11,은평구,11380,서울특별시,11,노원구,11350,0,9,4,3,40,7,67,0,24,6,37
20230316,서울특별시,11,은평구,11380,서울특별시,11,도봉구,11320,0,3,3,0,27,6,36,0,14,5,17
20230316,서울특별시,11,은평구,11380,서울특별시,11,강북구,11305,0,6,0,0,22,0,43,0,12,6,16
20230316,서울특별시,11,은평구,11380,서울특별시,11,성북구,11290,0,13,5,0,47,6,60,0,33,5,30
20230316,서울특별시,11,은평구,11380,서울특별시,11,중랑구,11260,0,11,3,3,19,6,48,0,26,6,19
20230316,서울특별시,11,은평구,11380,서울특별시,11,동대문구,11230,3,8,5,3,31,0,36,0,32,8,28
20230316,서울특별시,11,중구,11140,서울특별시,11,강남구,11680,32,137,69,26,195,19,38,6,395,80,22
20230316,서울특별시,11,중구,11140,서울특별시,11,송파구,11710,9,72,40,7,120,17,40,4,357,64,15
20230316,서울특별시,11,중구,11140,서울특별시,11,강동구,11740,6,47,9,5,48,9,31,5,203,52,10
20230316,서울특별시,11,중구,11140,서울특별시,11,동작구,11590,9,40,11,0,41,7,17,0,165,26,6
20230316,서울특별시,11,중구,11140,서울특별시,11,관악구,11620,7,48,14,12,25,5,22,3,269,51,15
20230316,서울특별시,11,중구,11140,서울특별시,11,서초구,11650,12,75,34,17,126,7,30,5,260,45,12
20230316,서울특별시,11,종로구,11110,서울특별시,11,중구,11140,9,25,14,7,23,0,8,6,73,20,6
20230316,서울특별시,11,종로구,11110,서울특별시,11,용산구,11170,11,29,14,14,25,0,8,3,67,11,8
20230316,서울특별시,11,종로구,11110,서울특별시,11,성동구,11200,8,35,14,11,28,0,18,4,92,40,10
20230316,서울특별시,11,종로구,11110,서울특별시,11,광진구,11215,5,34,10,7,15,3,8,7,97,25,6
20230316,서울특별시,11,종로구,11110,서울특별시,11,동대문구,11230,8,22,12,15,25,3,7,5,71,25,10
20230316,서울특별시,11,종로구,11110,서울특별시,11,중랑구,11260,5,32,7,7,15,0,15,6,58,31,5
20230316,서울특별시,11,종로구,11110,서울특별시,11,성북구,11290,9,36,16,7,35,5,20,7,93,46,9
20230316,서울특별시,11,종로구,11110,서울특별시,11,강북구,11305,0,20,11,3,15,0,20,3,58,23,9
20230316,서울특별시,11,종로구,11110,서울특별시,11,도봉구,11320,3,28,5,5,11,0,8,4,47,24,0
20230316,서울특별시,11,종로구,11110,서울특별시,11,노원구,11350,5,28,13,8,18,0,12,6,85,37,5
20230316,서울특별시,11,종로구,11110,서울특별시,11,은평구,11380,9,28,13,12,18,0,11,4,96,26,14
20230316,서울특별시,11,종로구,11110,서울특별시,11,서대문구,11410,9,33,20,11,27,0,9,0,67,18,4
20230316,서울특별시,11,종로구,11110,서울특별시,11,마포구,11440,9,48,19,11,32,5,17,0,115,38,8
20230316,서울특별시,11,종로구,11110,서울특별시,11,양천구,11470,10,36,10,7,30,0,6,0,84,24,7
20230316,서울특별시,11,종로구,11110,서울특별시,11,강서구,11500,10,50,24,12,32,3,20,8,126,35,10
20230316,서울특별시,11,종로구,11110,서울특별시,11,구로구,11530,12,25,10,11,21,3,8,0,63,26,4
20230316,서울특별시,11,종로구,11110,서울특별시,11,금천구,11545,0,29,7,5,18,0,6,5,75,20,0
20230316,서울특별시,11,종로구,11110,서울특별시,11,영등포구,11560,7,49,14,17,37,3,12,8,95,25,6
20230316,서울특별시,11,강남구,11680,서울특별시,11,강동구,11740,5,92,37,24,68,12,69,12,209,48,98
20230316,서울특별시,11,강남구,11680,서울특별시,11,송파구,11710,18,213,89,39,138,21,144,23,392,113,272
20230316,서울특별시,11,강남구,11680,서울특별시,11,강남구,11680,47,334,354,51,239,29,258,26,519,150,345
20230316,서울특별시,11,강남구,11680,서울특별시,11,서초구,11650,20,149,203,34,95,19,112,20,291,73,215
20230316,서울특별시,11,강남구,11680,서울특별시,11,관악구,11620,17,95,31,20,67,11,113,7,317,82,107
20230316,서울특별시,11,강남구,11680,서울특별시,11,동작구,11590,11,77,31,26,59,8,69,10,253,58,86
20230316,서울특별시,11,은평구,11380,서울특별시,11,광진구,11215,0,9,5,0,28,4,27,0,20,7,18
20230316,서울특별시,11,은평구,11380,서울특별시,11,성동구,11200,0,14,15,7,31,4,32,3,59,20,16
20230316,서울특별시,11,은평구,11380,서울특별시,11,용산구,11170,0,3,7,9,20,0,21,0,11,6,9
20230316,서울특별시,11,은평구,11380,서울특별시,11,중구,11140,4,5,5,4,15,3,22,0,22,4,14
20230316,서울특별시,11,은평구,11380,서울특별시,11,종로구,11110,0,4,6,0,13,0,25,0,19,6,10
20230316,서울특별시,11,강남구,11680,서울특별시,11,영등포구,11560,12,127,83,24,94,12,85,8,191,65,103
20230316,서울특별시,11,강남구,11680,서울특별시,11,금천구,11545,4,68,23,24,47,4,46,7,200,52,50
20230316,서울특별시,11,강남구,11680,서울특별시,11,구로구,11530,13,76,34,19,54,11,55,14,206,46,59
20230316,서울특별시,11,강남구,11680,서울특별시,11,강서구,11500,11,166,53,28,115,18,96,15,346,100,129
20230316,서울특별시,11,강남구,11680,서울특별시,11,양천구,11470,7,82,26,23,59,4,60,7,191,60,82
20230316,서울특별시,11,강남구,11680,서울특별시,11,마포구,11440,14,134,61,41,91,8,107,14,260,87,104
20230316,서울특별시,11,강남구,11680,서울특별시,11,서대문구,11410,10,66,33,11,55,15,56,9,189,52,53
20230316,서울특별시,11,영등포구,11560,서울특별시,11,강동구,11740,6,107,13,23,30,7,18,0,33,80,34
20230316,서울특별시,11,영등포구,11560,서울특별시,11,송파구,11710,11,161,21,44,60,8,52,0,101,88,44
20230316,서울특별시,11,영등포구,11560,서울특별시,11,강남구,11680,9,237,21,55,67,14,61,3,91,85,40
20230316,서울특별시,11,영등포구,11560,서울특별시,11,서초구,11650,12,149,11,36,39,6,42,4,66,60,19
20230316,서울특별시,11,영등포구,11560,서울특별시,11,관악구,11620,6,138,12,29,28,6,28,0,66,99,41
20230316,서울특별시,11,영등포구,11560,서울특별시,11,동작구,11590,11,80,18,13,28,3,13,0,53,65,37
20230316,서울특별시,11,영등포구,11560,서울특별시,11,영등포구,11560,0,147,19,25,55,7,73,0,56,75,33
20230316,서울특별시,11,영등포구,11560,서울특별시,11,금천구,11545,3,109,8,28,26,0,21,0,53,56,30
20230316,서울특별시,11,영등포구,11560,서울특별시,11,구로구,11530,5,133,25,35,45,0,32,0,51,63,28
20230316,서울특별시,11,종로구,11110,서울특별시,11,동작구,11590,3,19,15,6,17,3,15,3,89,25,6
20230316,서울특별시,11,종로구,11110,서울특별시,11,관악구,11620,7,38,12,12,18,0,16,5,130,24,12
20230316,서울특별시,11,종로구,11110,서울특별시,11,서초구,11650,15,40,21,20,40,0,18,6,100,49,16
20230316,서울특별시,11,종로구,11110,서울특별시,11,강남구,11680,24,88,22,18,65,10,34,9,174,74,18
20230316,서울특별시,11,영등포구,11560,서울특별시,11,강서구,11500,11,157,16,39,30,7,27,3,64,115,58
20230316,서울특별시,11,영등포구,11560,서울특별시,11,양천구,11470,7,99,17,23,30,3,21,0,38,55,15
20230316,서울특별시,11,영등포구,11560,서울특별시,11,마포구,11440,11,132,12,23,46,11,36,7,66,85,31
20230316,서울특별시,11,영등포구,11560,서울특별시,11,서대문구,11410,8,81,9,13,31,6,25,0,38,49,23
20230316,서울특별시,11,영등포구,11560,서울특별시,11,은평구,11380,8,113,7,19,39,7,27,3,48,45,25
20230316,서울특별시,11,영등포구,11560,서울특별시,11,노원구,11350,3,102,15,18,40,4,13,5,44,62,30
20230316,서울특별시,11,영등포구,11560,서울특별시,11,도봉구,11320,0,78,8,7,21,0,13,0,30,45,22
20230316,서울특별시,11,영등포구,11560,서울특별시,11,강북구,11305,5,81,3,11,17,4,13,0,44,45,23
20230316,서울특별시,11,영등포구,11560,서울특별시,11,성북구,11290,6,115,11,26,28,7,19,4,85,66,23
20230316,서울특별시,11,영등포구,11560,서울특별시,11,중랑구,11260,7,111,7,13,23,0,23,0,48,52,49
20230316,서울특별시,11,성동구,11200,서울특별시,11,강동구,11740,10,98,14,21,39,4,37,7,170,55,23
20230316,서울특별시,11,성동구,11200,서울특별시,11,송파구,11710,25,132,21,35,60,9,50,8,278,86,68
20230316,서울특별시,11,성동구,11200,서울특별시,11,강남구,11680,15,139,39,41,65,16,71,34,322,112,77
20230316,서울특별시,11,성동구,11200,서울특별시,11,서초구,11650,12,90,19,23,60,18,40,4,169,79,54
20230316,서울특별시,11,성동구,11200,서울특별시,11,관악구,11620,19,87,5,20,40,8,33,11,235,75,26
20230316,서울특별시,11,성동구,11200,서울특별시,11,동작구,11590,7,78,11,9,34,3,21,7,144,54,26
20230316,서울특별시,11,성동구,11200,서울특별시,11,영등포구,11560,19,113,23,14,38,6,42,32,176,76,31
20230316,서울특별시,11,성동구,11200,서울특별시,11,금천구,11545,8,75,6,87,23,0,20,5,106,40,22
20230316,서울특별시,11,성동구,11200,서울특별시,11,구로구,11530,15,79,14,28,36,5,45,4,124,36,17
20230316,서울특별시,11,성동구,11200,서울특별시,11,강서구,11500,21,149,29,47,64,12,41,5,225,74,30
20230316,서울특별시,11,성동구,11200,서울특별시,11,양천구,11470,8,78,22,16,47,8,33,11,122,59,19
20230316,서울특별시,11,성동구,11200,서울특별시,11,마포구,11440,19,71,25,25,56,0,49,9,180,83,27
20230316,서울특별시,11,성동구,11200,서울특별시,11,서대문구,11410,12,54,27,19,25,3,21,6,117,42,16
20230316,서울특별시,11,성동구,11200,서울특별시,11,은평구,11380,12,69,17,18,35,6,22,9,149,48,24
20230316,서울특별시,11,성동구,11200,서울특별시,11,노원구,11350,14,83,10,20,46,3,17,6,145,57,28
20230316,서울특별시,11,광진구,11215,서울특별시,11,강동구,11740,6,16,11,19,44,0,12,8,68,34,9
20230316,서울특별시,11,광진구,11215,서울특별시,11,송파구,11710,10,30,20,34,47,12,16,6,109,53,9
20230316,서울특별시,11,광진구,11215,서울특별시,11,강남구,11680,11,46,12,43,63,4,20,3,103,44,17
20230316,서울특별시,11,광진구,11215,서울특별시,11,서초구,11650,14,21,15,31,24,3,13,0,87,36,7
20230316,서울특별시,11,광진구,11215,서울특별시,11,관악구,11620,14,17,13,22,41,6,11,0,124,53,6
20230316,서울특별시,11,광진구,11215,서울특별시,11,동작구,11590,13,19,10,12,27,0,11,0,88,26,8
20230316,서울특별시,11,광진구,11215,서울특별시,11,영등포구,11560,11,28,7,17,40,6,16,4,83,32,5
20230316,서울특별시,11,광진구,11215,서울특별시,11,금천구,11545,4,16,11,6,23,5,9,0,61,25,7
20230316,서울특별시,11,광진구,11215,서울특별시,11,구로구,11530,6,14,6,12,32,4,16,3,74,31,5
20230316,서울특별시,11,광진구,11215,서울특별시,11,강서구,11500,17,31,9,21,64,4,17,6,130,45,11
20230316,서울특별시,11,영등포구,11560,서울특별시,11,동대문구,11230,3,102,15,16,25,7,26,0,62,64,42
20230316,서울특별시,11,영등포구,11560,서울특별시,11,광진구,11215,3,87,5,22,34,4,14,0,57,59,20
20230316,서울특별시,11,영등포구,11560,서울특별시,11,성동구,11200,4,107,22,22,30,4,23,4,100,84,21
20230316,서울특별시,11,영등포구,11560,서울특별시,11,용산구,11170,6,70,8,34,15,3,28,0,36,32,17
20230316,서울특별시,11,영등포구,11560,서울특별시,11,중구,11140,0,158,22,17,31,4,30,0,56,33,29
20230316,서울특별시,11,영등포구,11560,서울특별시,11,종로구,11110,4,76,9,11,22,3,11,0,23,27,9
20230316,서울특별시,11,서초구,11650,서울특별시,11,마포구,11440,12,55,44,23,49,10,61,11,67,27,17
20230316,서울특별시,11,서초구,11650,서울특별시,11,양천구,11470,11,35,30,18,45,6,49,5,47,14,17
20230316,서울특별시,11,서초구,11650,서울특별시,11,강서구,11500,8,64,38,22,58,7,74,9,72,23,33
20230316,서울특별시,11,서초구,11650,서울특별시,11,구로구,11530,0,38,20,27,62,3,52,10,41,15,19
20230316,서울특별시,11,서초구,11650,서울특별시,11,금천구,11545,5,21,21,22,43,5,35,3,48,15,13
20230316,서울특별시,11,서초구,11650,서울특별시,11,영등포구,11560,5,61,20,26,76,3,58,11,52,17,13
20230316,서울특별시,11,서초구,11650,서울특별시,11,동작구,11590,13,51,48,15,59,0,64,7,58,19,14
20230316,서울특별시,11,서초구,11650,서울특별시,11,관악구,11620,8,50,25,24,65,5,67,5,55,25,16
20230316,서울특별시,11,서초구,11650,서울특별시,11,서초구,11650,29,129,74,30,136,7,387,20,132,34,49
20230316,서울특별시,11,서초구,11650,서울특별시,11,강남구,11680,34,187,91,43,139,18,172,12,132,49,55
20230316,서울특별시,11,서초구,11650,서울특별시,11,송파구,11710,21,89,61,29,83,11,84,12,87,31,39
20230316,서울특별시,11,서초구,11650,서울특별시,11,강동구,11740,10,37,28,18,70,5,65,6,46,33,17
20230316,서울특별시,11,종로구,11110,서울특별시,11,송파구,11710,13,69,22,17,49,8,29,14,138,36,14
20230316,서울특별시,11,종로구,11110,서울특별시,11,강동구,11740,8,29,9,12,30,4,17,7,68,31,7
20230316,서울특별시,11,도봉구,11320,서울특별시,11,강동구,11740,3,7,11,9,24,0,10,7,52,16,7
20230316,서울특별시,11,마포구,11440,서울특별시,11,종로구,11110,8,49,24,31,48,4,51,6,69,25,15
20230316,서울특별시,11,마포구,11440,서울특별시,11,중구,11140,6,50,25,32,59,0,54,6,102,23,23
20230316,서울특별시,11,마포구,11440,서울특별시,11,용산구,11170,3,63,24,70,76,0,57,5,81,29,26
20230316,서울특별시,11,마포구,11440,서울특별시,11,성동구,11200,7,91,27,48,60,6,64,6,215,132,24
20230316,서울특별시,11,마포구,11440,서울특별시,11,광진구,11215,7,51,30,60,61,12,68,0,91,31,16
20230316,서울특별시,11,마포구,11440,서울특별시,11,동대문구,11230,12,60,23,63,73,4,80,0,117,26,20
20230316,서울특별시,11,마포구,11440,서울특별시,11,중랑구,11260,6,37,15,48,52,7,66,3,89,30,32
20230316,서울특별시,11,마포구,11440,서울특별시,11,성북구,11290,5,72,30,68,77,7,106,4,143,46,28
20230316,서울특별시,11,마포구,11440,서울특별시,11,강북구,11305,0,37,12,39,39,7,46,0,70,21,14
20230316,서울특별시,11,마포구,11440,서울특별시,11,도봉구,11320,8,32,13,43,46,4,47,4,79,23,13
20230316,서울특별시,11,마포구,11440,서울특별시,11,노원구,11350,8,60,32,69,83,5,88,3,106,31,27
20230316,서울특별시,11,마포구,11440,서울특별시,11,은평구,11380,11,62,27,59,76,7,81,7,118,39,31
20230316,서울특별시,11,마포구,11440,서울특별시,11,서대문구,11410,12,60,38,48,67,8,69,3,116,32,16
20230316,서울특별시,11,마포구,11440,서울특별시,11,마포구,11440,16,149,68,100,115,7,146,8,191,60,37
20230316,서울특별시,11,마포구,11440,서울특별시,11,양천구,11470,5,71,12,62,59,7,72,9,88,37,17
20230316,서울특별시,11,마포구,11440,서울특별시,11,강서구,11500,9,76,41,103,114,8,143,14,154,50,42
20230316,서울특별시,11,마포구,11440,서울특별시,11,구로구,11530,5,68,28,75,72,6,82,6,84,27,19
20230316,서울특별시,11,마포구,11440,서울특별시,11,금천구,11545,10,36,22,35,61,4,53,0,76,54,22
20230316,서울특별시,11,마포구,11440,서울특별시,11,영등포구,11560,5,74,39,84,71,6,97,12,96,43,25
20230316,서울특별시,11,노원구,11350,서울특별시,11,중랑구,11260,0,14,6,10,23,3,15,9,43,8,5
20230316,서울특별시,11,노원구,11350,서울특별시,11,성북구,11290,6,16,13,13,30,5,17,3,56,9,14
20230316,서울특별시,11,노원구,11350,서울특별시,11,강북구,11305,0,6,5,0,27,0,25,5,31,9,11
20230316,서울특별시,11,노원구,11350,서울특별시,11,도봉구,11320,0,5,5,8,13,0,17,7,27,6,5
20230316,서울특별시,11,노원구,11350,서울특별시,11,노원구,11350,0,37,7,17,27,4,76,9,64,11,8
20230316,서울특별시,11,노원구,11350,서울특별시,11,은평구,11380,5,6,10,9,29,5,25,12,33,5,9
20230316,서울특별시,11,노원구,11350,서울특별시,11,서대문구,11410,0,8,3,11,18,0,18,5,31,7,3
20230316,서울특별시,11,노원구,11350,서울특별시,11,마포구,11440,4,16,7,18,29,4,22,6,31,14,7
20230316,서울특별시,11,동대문구,11230,서울특별시,11,은평구,11380,4,22,10,15,28,0,51,5,126,22,15
20230316,서울특별시,11,동대문구,11230,서울특별시,11,서대문구,11410,3,16,12,8,32,0,31,3,81,23,8
20230316,서울특별시,11,성동구,11200,서울특별시,11,도봉구,11320,6,48,4,24,25,0,15,6,84,22,15
20230316,서울특별시,11,성동구,11200,서울특별시,11,강북구,11305,5,54,5,17,15,0,15,8,82,36,8
20230316,서울특별시,11,성동구,11200,서울특별시,11,성북구,11290,11,94,12,16,38,3,44,6,178,55,113
20230316,서울특별시,11,성동구,11200,서울특별시,11,중랑구,11260,16,91,11,19,30,5,22,4,126,37,14
20230316,서울특별시,11,성동구,11200,서울특별시,11,동대문구,11230,11,82,24,19,35,4,38,5,168,53,87
20230316,서울특별시,11,성동구,11200,서울특별시,11,광진구,11215,10,85,9,23,23,6,17,7,153,56,23
20230316,서울특별시,11,성동구,11200,서울특별시,11,성동구,11200,18,164,29,24,37,4,55,5,189,52,30
20230316,서울특별시,11,성동구,11200,서울특별시,11,용산구,11170,6,50,16,19,19,11,31,7,117,50,18
20230316,서울특별시,11,성동구,11200,서울특별시,11,중구,11140,9,54,29,17,33,5,33,0,121,59,63
20230316,서울특별시,11,성동구,11200,서울특별시,11,종로구,11110,3,50,12,9,14,10,32,6,72,17,45
20230316,서울특별시,11,동대문구,11230,서울특별시,11,마포구,11440,9,26,9,15,55,0,41,4,134,18,12
20230316,서울특별시,11,동대문구,11230,서울특별시,11,양천구,11470,3,28,8,10,36,3,52,3,115,26,10
20230316,서울특별시,11,동대문구,11230,서울특별시,11,강서구,11500,11,33,13,22,62,7,66,6,173,40,25
20230316,서울특별시,11,동대문구,11230,서울특별시,11,구로구,11530,5,24,7,11,30,5,42,9,123,22,8
20230316,서울특별시,11,동대문구,11230,서울특별시,11,금천구,11545,3,15,5,11,28,3,37,4,78,28,7
20230316,서울특별시,11,동대문구,11230,서울특별시,11,영등포구,11560,9,32,7,9,41,0,40,6,124,23,16
20230316,서울특별시,11,동대문구,11230,서울특별시,11,동작구,11590,11,27,12,8,21,0,54,9,101,21,3
20230316,서울특별시,11,동대문구,11230,서울특별시,11,관악구,11620,5,40,11,10,34,4,50,3,144,31,20
20230316,서울특별시,11,송파구,11710,서울특별시,11,강동구,11740,0,32,16,13,25,6,44,0,99,50,12
20230316,서울특별시,11,송파구,11710,서울특별시,11,송파구,11710,12,126,43,31,56,23,151,7,179,40,30
20230316,서울특별시,11,송파구,11710,서울특별시,11,강남구,11680,9,109,34,36,67,16,110,6,171,36,38
20230316,서울특별시,11,송파구,11710,서울특별시,11,서초구,11650,0,67,20,19,41,14,50,6,101,20,22
20230316,서울특별시,11,노원구,11350,서울특별시,11,양천구,11470,0,16,8,11,30,4,18,4,34,5,10
20230316,서울특별시,11,노원구,11350,서울특별시,11,강서구,11500,7,15,11,21,55,7,26,12,51,14,17
20230316,서울특별시,11,노원구,11350,서울특별시,11,구로구,11530,0,13,3,17,34,5,24,10,39,10,5
20230316,서울특별시,11,노원구,11350,서울특별시,11,금천구,11545,0,60,0,10,19,8,20,4,45,13,4
20230316,서울특별시,11,노원구,11350,서울특별시,11,영등포구,11560,6,13,6,9,25,3,16,8,52,10,4
20230316,서울특별시,11,노원구,11350,서울특별시,11,동작구,11590,3,7,6,6,21,6,21,0,33,8,7
20230316,서울특별시,11,노원구,11350,서울특별시,11,관악구,11620,3,14,7,11,28,6,27,12,32,13,16
20230316,서울특별시,11,노원구,11350,서울특별시,11,서초구,11650,10,14,8,12,40,3,15,9,39,12,17
20230316,서울특별시,11,노원구,11350,서울특별시,11,강남구,11680,12,39,9,20,55,7,70,17,64,20,12
20230316,서울특별시,11,노원구,11350,서울특별시,11,송파구,11710,7,22,7,17,31,7,32,11,68,14,17
20230316,서울특별시,11,노원구,11350,서울특별시,11,강동구,11740,0,7,6,11,26,10,25,8,37,8,12
20230316,서울특별시,11,동대문구,11230,서울특별시,11,서초구,11650,10,26,17,15,47,0,45,3,108,18,17
20230316,서울특별시,11,동대문구,11230,서울특별시,11,강남구,11680,15,44,17,14,67,9,89,5,151,38,37
20230316,서울특별시,11,관악구,11620,서울특별시,11,강동구,11740,3,27,8,4,16,0,12,4,28,40,7
20230316,서울특별시,11,관악구,11620,서울특별시,11,송파구,11710,7,30,26,8,27,0,17,5,49,35,5
20230316,서울특별시,11,관악구,11620,서울특별시,11,강남구,11680,12,37,32,14,30,4,18,3,41,34,20
20230316,서울특별시,11,관악구,11620,서울특별시,11,서초구,11650,8,18,31,17,27,3,18,0,19,19,14
20230316,서울특별시,11,송파구,11710,서울특별시,11,관악구,11620,0,29,10,26,19,9,38,0,126,20,16
20230316,서울특별시,11,송파구,11710,서울특별시,11,동작구,11590,4,18,8,15,24,5,40,0,71,21,15
20230316,서울특별시,11,송파구,11710,서울특별시,11,영등포구,11560,4,37,25,27,39,21,47,3,73,24,14
20230316,서울특별시,11,송파구,11710,서울특별시,11,금천구,11545,3,24,9,15,12,3,25,0,93,26,4
20230316,서울특별시,11,송파구,11710,서울특별시,11,구로구,11530,0,33,10,24,22,6,23,7,82,19,8
20230316,서울특별시,11,송파구,11710,서울특별시,11,강서구,11500,5,37,21,20,44,7,51,3,127,46,17
20230316,서울특별시,11,관악구,11620,서울특별시,11,관악구,11620,0,59,37,11,22,0,50,0,64,30,120
20230316,서울특별시,11,관악구,11620,서울특별시,11,동작구,11590,7,19,31,10,14,0,13,0,46,25,96
20230316,서울특별시,11,관악구,11620,서울특별시,11,영등포구,11560,0,23,23,7,22,0,13,8,25,22,0
20230316,서울특별시,11,관악구,11620,서울특별시,11,금천구,11545,0,17,19,8,18,0,12,0,52,14,59
20230316,서울특별시,11,관악구,11620,서울특별시,11,구로구,11530,7,20,16,11,17,3,14,0,27,19,6
20230316,서울특별시,11,동대문구,11230,서울특별시,11,송파구,11710,8,38,18,8,45,6,81,8,194,40,16
20230316,서울특별시,11,동대문구,11230,서울특별시,11,강동구,11740,14,37,13,16,29,4,48,7,121,29,14
20230316,서울특별시,11,은평구,11380,서울특별시,11,강남구,11680,5,23,8,14,59,9,52,4,32,13,44
20230316,서울특별시,11,은평구,11380,서울특별시,11,서초구,11650,0,18,4,5,38,7,38,0,16,9,24
20230316,서울특별시,11,은평구,11380,서울특별시,11,관악구,11620,5,8,6,0,42,0,71,0,22,5,26
20230316,서울특별시,11,은평구,11380,서울특별시,11,동작구,11590,3,5,7,4,29,0,44,0,13,4,23
20230316,서울특별시,11,강남구,11680,서울특별시,11,은평구,11380,11,73,41,16,60,9,67,13,229,57,74
20230316,서울특별시,11,강남구,11680,서울특별시,11,노원구,11350,16,83,28,17,68,8,73,14,247,72,86
20230316,서울특별시,11,강남구,11680,서울특별시,11,도봉구,11320,3,43,17,20,36,3,38,7,161,34,52
20230316,서울특별시,11,강남구,11680,서울특별시,11,강북구,11305,9,35,13,11,30,4,35,6,154,38,43
20230316,서울특별시,11,강남구,11680,서울특별시,11,성북구,11290,7,81,53,27,49,7,66,14,316,85,90
20230316,서울특별시,11,금천구,11545,서울특별시,11,강동구,11740,8,47,27,32,40,20,48,31,160,95,90
20230316,서울특별시,11,동작구,11590,서울특별시,11,종로구,11110,4,6,18,7,7,0,10,0,16,3,5
20230316,서울특별시,11,동작구,11590,서울특별시,11,중구,11140,0,8,11,7,15,0,16,0,34,9,9
20230316,서울특별시,11,동작구,11590,서울특별시,11,용산구,11170,3,7,16,23,16,4,16,0,21,4,13
20230316,서울특별시,11,동작구,11590,서울특별시,11,성동구,11200,9,50,24,13,26,5,26,0,70,24,9
20230316,서울특별시,11,동작구,11590,서울특별시,11,광진구,11215,6,13,27,8,28,5,31,3,38,14,10
20230316,서울특별시,11,동작구,11590,서울특별시,11,동대문구,11230,4,11,16,6,29,0,25,4,35,13,12
20230316,서울특별시,11,동작구,11590,서울특별시,11,중랑구,11260,0,9,14,3,29,0,25,6,33,9,6
20230316,서울특별시,11,동작구,11590,서울특별시,11,성북구,11290,5,13,17,6,31,3,27,5,59,11,15
20230316,서울특별시,11,동작구,11590,서울특별시,11,강북구,11305,0,8,7,0,9,0,13,0,28,11,6
20230316,서울특별시,11,동작구,11590,서울특별시,11,도봉구,11320,0,6,6,7,17,0,18,4,23,5,0
20230316,서울특별시,11,송파구,11710,서울특별시,11,양천구,11470,4,35,11,14,22,14,21,0,70,24,7
20230316,서울특별시,11,송파구,11710,서울특별시,11,마포구,11440,0,40,13,21,31,14,49,5,103,31,20
20230316,서울특별시,11,송파구,11710,서울특별시,11,서대문구,11410,8,22,7,18,27,9,38,5,68,24,10
20230316,서울특별시,11,송파구,11710,서울특별시,11,은평구,11380,0,27,11,20,20,11,35,3,71,23,6
20230316,서울특별시,11,송파구,11710,서울특별시,11,노원구,11350,0,26,10,19,32,9,50,0,74,27,11
20230316,서울특별시,11,송파구,11710,서울특별시,11,도봉구,11320,0,11,8,11,21,0,23,0,43,14,9
20230316,서울특별시,11,송파구,11710,서울특별시,11,강북구,11305,0,28,0,10,19,0,30,3,62,17,5
20230316,서울특별시,11,송파구,11710,서울특별시,11,성북구,11290,0,35,10,15,22,8,39,3,114,45,12
20230316,서울특별시,11,송파구,11710,서울특별시,11,중랑구,11260,0,34,12,9,20,6,28,0,69,17,6
20230316,서울특별시,11,송파구,11710,서울특별시,11,동대문구,11230,7,62,20,9,12,6,33,0,84,33,10
20230316,서울특별시,11,송파구,11710,서울특별시,11,광진구,11215,0,39,10,9,25,10,22,0,83,31,10
20230316,서울특별시,11,송파구,11710,서울특별시,11,성동구,11200,0,63,29,15,26,9,37,3,153,61,8
20230316,서울특별시,11,송파구,11710,서울특별시,11,용산구,11170,5,33,31,27,22,6,21,0,74,10,11
20230316,서울특별시,11,송파구,11710,서울특별시,11,중구,11140,0,38,6,13,22,8,31,0,88,20,7
20230316,서울특별시,11,송파구,11710,서울특별시,11,종로구,11110,5,22,8,11,19,5,21,0,48,21,6
20230316,서울특별시,11,성북구,11290,서울특별시,11,강동구,11740,8,61,9,22,30,7,50,70,252,64,9
20230316,서울특별시,11,성북구,11290,서울특별시,11,송파구,11710,11,101,20,25,59,12,89,70,367,132,9
20230316,서울특별시,11,성북구,11290,서울특별시,11,강남구,11680,21,87,12,30,62,14,97,36,407,112,16
20230316,서울특별시,11,성북구,11290,서울특별시,11,서초구,11650,11,70,19,15,42,11,65,40,254,71,12
20230316,서울특별시,11,성북구,11290,서울특별시,11,관악구,11620,7,64,11,24,32,13,69,26,306,89,18
20230316,서울특별시,11,성북구,11290,서울특별시,11,동작구,11590,10,48,8,18,19,5,35,35,209,52,6
20230316,서울특별시,11,성북구,11290,서울특별시,11,영등포구,11560,9,66,9,25,27,6,51,28,256,70,9
20230316,서울특별시,11,성북구,11290,서울특별시,11,금천구,11545,4,50,8,13,18,10,29,21,191,40,4
20230316,서울특별시,11,성북구,11290,서울특별시,11,구로구,11530,5,47,5,15,20,5,56,46,249,61,9
20230316,서울특별시,11,성북구,11290,서울특별시,11,강서구,11500,17,79,9,39,47,8,71,65,332,110,0
20230316,서울특별시,11,성북구,11290,서울특별시,11,양천구,11470,4,58,14,12,24,8,47,27,256,82,8
20230316,서울특별시,11,성북구,11290,서울특별시,11,마포구,11440,8,62,9,18,31,7,48,33,245,78,10
20230316,서울특별시,11,성북구,11290,서울특별시,11,서대문구,11410,5,45,5,9,22,6,33,35,207,45,7
20230316,서울특별시,11,성북구,11290,서울특별시,11,은평구,11380,6,58,6,19,17,9,49,44,247,62,9
20230316,서울특별시,11,성북구,11290,서울특별시,11,노원구,11350,4,50,14,17,31,6,51,46,280,77,12
20230316,서울특별시,11,성북구,11290,서울특별시,11,도봉구,11320,7,49,13,5,17,4,29,32,147,52,6
20230316,서울특별시,11,성북구,11290,서울특별시,11,강북구,11305,4,34,8,8,13,6,17,16,138,47,7
20230316,서울특별시,11,성북구,11290,서울특별시,11,성북구,11290,4,70,21,18,23,9,96,60,316,70,9
20230316,서울특별시,11,성북구,11290,서울특별시,11,중랑구,11260,8,49,15,12,26,6,32,40,231,51,5
20230316,서울특별시,11,성북구,11290,서울특별시,11,동대문구,11230,14,61,12,8,34,0,36,29,230,70,15
20230316,서울특별시,11,성북구,11290,서울특별시,11,광진구,11215,4,46,5,17,27,9,34,34,237,60,6
20230316,서울특별시,11,성북구,11290,서울특별시,11,성동구,11200,7,68,16,16,27,0,50,35,248,100,0
20230316,서울특별시,11,성북구,11290,서울특별시,11,용산구,11170,3,68,9,19,10,12,36,22,128,42,6
20230316,서울특별시,11,성북구,11290,서울특별시,11,중구,11140,6,36,7,12,16,3,40,7,122,31,7
20230316,서울특별시,11,성북구,11290,서울특별시,11,종로구,11110,3,28,10,10,13,0,27,17,98,33,6
20230316,서울특별시,11,금천구,11545,서울특별시,11,송파구,11710,20,97,34,50,101,46,67,41,214,129,163
20230316,서울특별시,11,금천구,11545,서울특별시,11,강남구,11680,23,135,34,78,101,63,85,20,213,97,180
20230316,서울특별시,11,금천구,11545,서울특별시,11,서초구,11650,12,70,45,54,64,30,50,25,141,76,105
20230316,서울특별시,11,금천구,11545,서울특별시,11,관악구,11620,16,52,16,51,50,22,52,13,152,65,71
20230316,서울특별시,11,금천구,11545,서울특별시,11,동작구,11590,11,29,24,26,37,17,32,16,110,72,75
20230316,서울특별시,11,금천구,11545,서울특별시,11,영등포구,11560,15,56,29,40,57,26,36,23,135,63,107
20230316,서울특별시,11,금천구,11545,서울특별시,11,금천구,11545,7,59,17,27,38,14,56,6,86,54,30
20230316,서울특별시,11,금천구,11545,서울특별시,11,구로구,11530,14,49,39,48,53,23,36,15,157,63,84
20230316,서울특별시,11,금천구,11545,서울특별시,11,강서구,11500,12,68,68,63,63,28,54,21,207,100,125
20230316,서울특별시,11,금천구,11545,서울특별시,11,양천구,11470,10,40,24,32,46,20,33,19,140,76,83
20230316,서울특별시,11,금천구,11545,서울특별시,11,마포구,11440,12,70,37,48,55,20,52,27,161,129,101
20230316,서울특별시,11,금천구,11545,서울특별시,11,서대문구,11410,7,21,19,27,29,14,35,13,115,50,63
20230316,서울특별시,11,금천구,11545,서울특별시,11,은평구,11380,6,33,18,44,54,18,34,12,121,59,90
20230316,서울특별시,11,금천구,11545,서울특별시,11,노원구,11350,7,39,38,47,29,19,35,23,146,56,66
20230316,서울특별시,11,금천구,11545,서울특별시,11,도봉구,11320,4,19,18,16,18,13,28,11,99,35,53
20230316,서울특별시,11,금천구,11545,서울특별시,11,강북구,11305,7,21,3,27,38,8,19,12,86,47,55
20230316,서울특별시,11,금천구,11545,서울특별시,11,성북구,11290,11,50,34,36,56,12,47,20,154,78,80
20230316,서울특별시,11,금천구,11545,서울특별시,11,중랑구,11260,10,31,11,28,36,10,25,13,97,56,101
20230316,서울특별시,11,금천구,11545,서울특별시,11,동대문구,11230,12,45,25,46,38,15,34,8,125,99,59
20230316,서울특별시,11,금천구,11545,서울특별시,11,광진구,11215,19,36,24,46,37,11,32,10,125,62,63
20230316,서울특별시,11,금천구,11545,서울특별시,11,성동구,11200,9,86,20,18,42,22,29,17,129,63,56
20230316,서울특별시,11,금천구,11545,서울특별시,11,용산구,11170,8,47,10,39,38,14,10,9,75,42,62
20230316,서울특별시,11,금천구,11545,서울특별시,11,중구,11140,10,54,16,24,32,13,25,5,89,28,47
20230316,서울특별시,11,금천구,11545,서울특별시,11,종로구,11110,8,29,23,24,22,6,28,6,52,37,32
20230316,서울특별시,11,양천구,11470,서울특별시,11,종로구,11110,3,22,4,9,9,0,9,0,17,26,0
20230316,서울특별시,11,동작구,11590,서울특별시,11,노원구,11350,5,10,24,10,48,6,29,10,52,12,18
20230316,서울특별시,11,동작구,11590,서울특별시,11,은평구,11380,4,9,12,8,34,0,34,7,45,26,10
20230316,서울특별시,11,동작구,11590,서울특별시,11,서대문구,11410,0,3,32,11,23,3,25,6,29,4,11
20230316,서울특별시,11,동작구,11590,서울특별시,11,마포구,11440,10,15,22,16,24,4,31,3,52,14,12
20230316,서울특별시,11,노원구,11350,서울특별시,11,광진구,11215,4,11,4,10,17,0,19,6,32,11,11
20230316,서울특별시,11,노원구,11350,서울특별시,11,성동구,11200,6,13,12,4,33,4,22,9,67,16,5
20230316,서울특별시,11,노원구,11350,서울특별시,11,용산구,11170,0,7,5,18,18,3,15,7,25,19,0
20230316,서울특별시,11,노원구,11350,서울특별시,11,중구,11140,3,17,0,7,18,0,14,3,27,7,5
20230316,서울특별시,11,노원구,11350,서울특별시,11,종로구,11110,0,6,0,3,24,4,9,0,37,9,7
20230316,서울특별시,11,동작구,11590,서울특별시,11,양천구,11470,0,16,18,8,34,3,14,5,41,13,13
20230316,서울특별시,11,동작구,11590,서울특별시,11,강서구,11500,6,15,28,12,55,4,30,6,41,28,19
20230316,서울특별시,11,동작구,11590,서울특별시,11,구로구,11530,0,8,21,9,27,4,22,3,26,14,15
20230316,서울특별시,11,동작구,11590,서울특별시,11,금천구,11545,0,9,8,14,15,0,18,0,46,20,9
20230316,서울특별시,11,동작구,11590,서울특별시,11,영등포구,11560,8,23,27,10,29,5,29,5,42,15,11
20230316,서울특별시,11,동작구,11590,서울특별시,11,동작구,11590,4,25,25,9,40,6,61,5,29,14,11
20230316,서울특별시,11,동작구,11590,서울특별시,11,관악구,11620,0,16,32,20,41,4,30,0,48,23,21
20230316,서울특별시,11,동작구,11590,서울특별시,11,서초구,11650,6,6,22,13,32,7,33,7,34,17,13
20230316,서울특별시,11,동작구,11590,서울특별시,11,강남구,11680,9,21,37,20,75,4,49,4,66,27,20
20230316,서울특별시,11,동작구,11590,서울특별시,11,송파구,11710,4,12,33,13,65,11,36,12,57,25,14
20230316,서울특별시,11,동작구,11590,서울특별시,11,강동구,11740,3,7,18,7,40,4,23,8,41,21,12
20230316,서울특별시,11,강동구,11740,서울특별시,11,강동구,11740,15,41,11,11,29,10,94,4,36,36,5
20230316,서울특별시,11,강동구,11740,서울특별시,11,송파구,11710,13,61,20,16,52,10,58,4,50,38,13
20230316,서울특별시,11,강동구,11740,서울특별시,11,강남구,11680,18,59,10,26,76,8,90,0,67,43,10
20230316,서울특별시,11,강동구,11740,서울특별시,11,서초구,11650,7,58,17,11,50,9,64,0,28,32,7
20230316,서울특별시,11,강동구,11740,서울특별시,11,관악구,11620,33,29,11,12,31,0,50,4,36,24,8
20230316,서울특별시,11,강동구,11740,서울특별시,11,동작구,11590,7,16,6,7,24,6,35,3,32,19,5
20230316,서울특별시,11,강동구,11740,서울특별시,11,영등포구,11560,6,34,15,9,31,5,31,0,21,26,13
20230316,서울특별시,11,강동구,11740,서울특별시,11,금천구,11545,10,44,12,9,28,6,19,5,35,16,3
20230316,서울특별시,11,강동구,11740,서울특별시,11,구로구,11530,15,23,5,14,38,0,24,0,40,20,4
20230316,서울특별시,11,강동구,11740,서울특별시,11,강서구,11500,9,62,7,12,48,9,58,3,45,37,5
20230316,서울특별시,11,강동구,11740,서울특별시,11,양천구,11470,12,28,11,11,33,5,50,0,23,20,5
20230316,서울특별시,11,강동구,11740,서울특별시,11,마포구,11440,20,31,10,15,42,4,66,3,30,24,4
20230316,서울특별시,11,강동구,11740,서울특별시,11,서대문구,11410,7,26,3,7,26,4,49,5,20,20,0
20230316,서울특별시,11,양천구,11470,서울특별시,11,중구,11140,0,16,4,19,13,4,9,0,26,38,7
20230316,서울특별시,11,양천구,11470,서울특별시,11,용산구,11170,4,13,6,32,26,4,14,0,29,36,3
20230316,서울특별시,11,양천구,11470,서울특별시,11,성동구,11200,4,41,23,11,22,8,15,0,73,108,9
20230316,서울특별시,11,양천구,11470,서울특별시,11,광진구,11215,5,16,7,16,30,3,14,4,21,43,15
20230316,서울특별시,11,양천구,11470,서울특별시,11,동대문구,11230,5,15,10,5,22,8,15,0,32,26,11
20230316,서울특별시,11,양천구,11470,서울특별시,11,중랑구,11260,0,18,6,7,30,8,13,3,25,25,4
20230316,서울특별시,11,양천구,11470,서울특별시,11,성북구,11290,6,36,6,17,29,4,19,0,42,41,3
20230316,서울특별시,11,양천구,11470,서울특별시,11,강북구,11305,3,9,3,6,15,0,8,0,23,7,11
20230316,서울특별시,11,양천구,11470,서울특별시,11,도봉구,11320,4,11,4,13,22,3,13,0,20,16,11
20230316,서울특별시,11,양천구,11470,서울특별시,11,노원구,11350,6,27,10,27,34,3,15,0,39,27,9
20230316,서울특별시,11,양천구,11470,서울특별시,11,은평구,11380,0,21,5,16,24,3,16,0,28,32,19
20230316,서울특별시,11,양천구,11470,서울특별시,11,서대문구,11410,6,17,5,19,17,8,9,0,22,32,5
20230316,서울특별시,11,양천구,11470,서울특별시,11,마포구,11440,9,38,10,27,19,13,11,0,31,43,6
20230316,서울특별시,11,강동구,11740,서울특별시,11,은평구,11380,8,23,0,7,31,4,45,0,28,27,0
20230316,서울특별시,11,강동구,11740,서울특별시,11,노원구,11350,10,22,7,8,39,6,46,0,26,19,8
20230316,서울특별시,11,강동구,11740,서울특별시,11,도봉구,11320,5,8,5,8,17,3,24,0,19,16,7
20230316,서울특별시,11,강동구,11740,서울특별시,11,강북구,11305,3,15,0,0,15,5,21,0,17,10,3
20230316,서울특별시,11,강동구,11740,서울특별시,11,성북구,11290,13,32,6,15,26,4,51,0,55,31,5
20230316,서울특별시,11,강동구,11740,서울특별시,11,중랑구,11260,14,19,5,14,16,0,29,3,29,13,8
20230316,서울특별시,11,강동구,11740,서울특별시,11,동대문구,11230,8,28,5,11,19,6,48,0,25,19,9
20230316,서울특별시,11,강동구,11740,서울특별시,11,광진구,11215,9,33,8,7,29,5,43,0,40,17,4
20230316,서울특별시,11,강동구,11740,서울특별시,11,성동구,11200,7,37,25,11,29,0,25,0,61,31,6
20230316,서울특별시,11,강동구,11740,서울특별시,11,용산구,11170,5,26,5,16,34,3,37,3,25,15,3
20230316,서울특별시,11,강동구,11740,서울특별시,11,중구,11140,4,19,5,11,16,3,37,0,32,12,3
20230316,서울특별시,11,강동구,11740,서울특별시,11,종로구,11110,0,11,7,6,24,3,34,0,28,7,4
20230316,서울특별시,11,양천구,11470,서울특별시,11,양천구,11470,5,33,11,19,34,3,67,0,30,24,10
20230316,서울특별시,11,양천구,11470,서울특별시,11,강서구,11500,9,33,22,27,29,12,51,3,52,66,11
20230316,서울특별시,11,양천구,11470,서울특별시,11,구로구,11530,5,32,10,26,22,6,19,0,32,30,8
20230316,서울특별시,11,양천구,11470,서울특별시,11,금천구,11545,0,19,11,19,27,42,4,0,48,40,7
20230316,서울특별시,11,양천구,11470,서울특별시,11,영등포구,11560,0,29,13,26,42,7,28,3,21,37,9
20230316,서울특별시,11,양천구,11470,서울특별시,11,동작구,11590,3,24,7,20,31,6,10,0,23,22,8
20230316,서울특별시,11,양천구,11470,서울특별시,11,관악구,11620,7,36,7,21,25,4,20,0,33,33,11
20230316,서울특별시,11,양천구,11470,서울특별시,11,서초구,11650,6,28,15,29,30,4,15,0,35,33,8
20230316,서울특별시,11,양천구,11470,서울특별시,11,강남구,11680,6,46,14,36,52,12,23,0,32,33,16
20230316,서울특별시,11,양천구,11470,서울특별시,11,송파구,11710,7,28,7,32,50,9,28,0,33,67,18
20230316,서울특별시,11,양천구,11470,서울특별시,11,강동구,11740,5,15,0,14,37,0,16,0,17,53,7
20230316,서울특별시,11,용산구,11170,서울특별시,11,종로구,11110,0,27,8,122,18,0,10,3,30,9,8
20230316,서울특별시,11,용산구,11170,서울특별시,11,중구,11140,4,31,9,146,30,0,10,0,68,19,5
20230316,서울특별시,11,용산구,11170,서울특별시,11,용산구,11170,0,55,8,211,62,4,22,6,42,26,14
20230316,서울특별시,11,용산구,11170,서울특별시,11,성동구,11200,0,46,12,192,31,5,11,4,79,109,10
20230316,서울특별시,11,용산구,11170,서울특별시,11,광진구,11215,0,39,3,175,34,0,11,0,63,24,6
20230316,서울특별시,11,용산구,11170,서울특별시,11,동대문구,11230,5,29,4,130,24,0,18,3,52,13,11
20230316,서울특별시,11,용산구,11170,서울특별시,11,중랑구,11260,0,35,5,156,26,0,13,3,57,11,5
20230316,서울특별시,11,용산구,11170,서울특별시,11,성북구,11290,0,41,4,160,34,3,11,6,64,16,6
20230316,서울특별시,11,용산구,11170,서울특별시,11,강북구,11305,0,30,6,91,13,0,7,0,30,17,5
20230316,서울특별시,11,용산구,11170,서울특별시,11,도봉구,11320,0,20,0,97,10,0,6,0,27,14,4
20230316,서울특별시,11,용산구,11170,서울특별시,11,노원구,11350,4,46,5,208,38,0,15,4,52,16,12
20230316,서울특별시,11,용산구,11170,서울특별시,11,은평구,11380,4,38,3,183,36,3,10,0,54,24,10
20230316,서울특별시,11,용산구,11170,서울특별시,11,서대문구,11410,4,32,3,135,16,0,8,3,42,26,3
20230316,서울특별시,11,용산구,11170,서울특별시,11,마포구,11440,4,43,7,229,39,5,23,7,75,39,34
20230316,서울특별시,11,용산구,11170,서울특별시,11,양천구,11470,0,34,8,135,40,0,15,0,53,23,16
20230316,서울특별시,11,용산구,11170,서울특별시,11,강서구,11500,6,68,5,307,35,8,22,4,71,35,14
20230316,서울특별시,11,용산구,11170,서울특별시,11,구로구,11530,0,37,6,241,34,5,18,0,47,18,13
20230316,서울특별시,11,용산구,11170,서울특별시,11,금천구,11545,0,46,7,251,35,3,11,4,40,19,4
20230316,서울특별시,11,용산구,11170,서울특별시,11,영등포구,11560,0,60,5,309,31,0,25,0,49,26,8
20230316,서울특별시,11,용산구,11170,서울특별시,11,동작구,11590,0,20,10,137,29,0,10,5,47,18,12
20230316,서울특별시,11,용산구,11170,서울특별시,11,관악구,11620,7,36,9,294,31,4,20,0,69,31,12
20230316,서울특별시,11,용산구,11170,서울특별시,11,서초구,11650,7,56,8,357,53,4,16,3,75,40,6
20230316,서울특별시,11,용산구,11170,서울특별시,11,강남구,11680,8,70,21,462,96,9,30,6,103,32,14
20230316,서울특별시,11,용산구,11170,서울특별시,11,송파구,11710,8,59,13,355,55,4,31,5,95,39,17
20230316,서울특별시,11,용산구,11170,서울특별시,11,강동구,11740,6,36,6,160,30,3,16,10,55,29,4
20230316,서울특별시,11,강서구,11500,서울특별시,11,종로구,11110,8,31,17,22,63,7,93,5,105,28,31
20230316,서울특별시,11,강서구,11500,서울특별시,11,중구,11140,4,41,11,33,53,7,44,7,83,108,54
20230316,서울특별시,11,강서구,11500,서울특별시,11,용산구,11170,7,30,14,54,46,8,57,15,71,42,43
20230316,서울특별시,11,강서구,11500,서울특별시,11,성동구,11200,8,61,40,35,41,13,90,11,138,87,57
20230316,서울특별시,11,강서구,11500,서울특별시,11,광진구,11215,12,39,16,35,61,12,138,14,99,85,40
20230316,서울특별시,11,강서구,11500,서울특별시,11,동대문구,11230,6,46,28,38,65,15,76,9,107,141,64
20230316,서울특별시,11,강서구,11500,서울특별시,11,중랑구,11260,10,26,30,42,51,10,84,12,68,47,47
20230316,서울특별시,11,강서구,11500,서울특별시,11,성북구,11290,5,69,34,46,65,9,87,13,123,105,75
20230316,서울특별시,11,강서구,11500,서울특별시,11,강북구,11305,5,31,16,26,46,9,67,6,61,77,37
20230316,서울특별시,11,강서구,11500,서울특별시,11,도봉구,11320,5,26,10,32,41,5,54,10,58,37,31
20230316,서울특별시,11,강서구,11500,서울특별시,11,노원구,11350,11,65,23,44,58,15,114,13,111,44,65
20230316,서울특별시,11,강서구,11500,서울특별시,11,은평구,11380,9,29,25,44,67,10,117,9,73,41,65
20230316,서울특별시,11,강서구,11500,서울특별시,11,서대문구,11410,12,30,23,40,53,11,80,12,90,49,62
20230316,서울특별시,11,강서구,11500,서울특별시,11,마포구,11440,16,54,39,63,79,13,125,10,280,198,84
20230316,서울특별시,11,중랑구,11260,서울특별시,11,종로구,11110,0,14,60,0,16,3,21,0,39,14,8
20230316,서울특별시,11,중랑구,11260,서울특별시,11,중구,11140,4,34,45,7,24,7,20,0,63,35,9
20230316,서울특별시,11,중랑구,11260,서울특별시,11,용산구,11170,6,29,10,10,27,11,22,6,47,12,18
20230316,서울특별시,11,중랑구,11260,서울특별시,11,성동구,11200,7,48,19,8,30,14,21,7,92,39,11
20230316,서울특별시,11,중랑구,11260,서울특별시,11,광진구,11215,5,30,9,10,49,7,23,7,70,17,16
20230316,서울특별시,11,중랑구,11260,서울특별시,11,동대문구,11230,5,26,14,7,37,11,21,6,88,22,14
20230316,서울특별시,11,중랑구,11260,서울특별시,11,중랑구,11260,5,44,8,11,43,5,48,6,66,16,13
20230316,서울특별시,11,중랑구,11260,서울특별시,11,성북구,11290,6,47,12,18,33,10,39,4,101,33,12
20230316,서울특별시,11,중랑구,11260,서울특별시,11,강북구,11305,4,17,4,7,23,8,23,0,40,19,6
20230316,서울특별시,11,중랑구,11260,서울특별시,11,도봉구,11320,6,29,7,5,16,6,19,4,57,28,4
20230316,서울특별시,11,중랑구,11260,서울특별시,11,노원구,11350,11,41,16,12,50,15,31,9,95,33,18
20230316,서울특별시,11,중랑구,11260,서울특별시,11,은평구,11380,4,30,6,16,57,6,41,5,84,32,16
20230316,서울특별시,11,중랑구,11260,서울특별시,11,서대문구,11410,11,24,19,10,36,5,23,3,51,26,7
20230316,서울특별시,11,중랑구,11260,서울특별시,11,마포구,11440,10,47,34,23,58,12,24,0,90,40,18
20230316,서울특별시,11,중랑구,11260,서울특별시,11,양천구,11470,4,37,9,21,25,15,34,8,73,22,11
20230316,서울특별시,11,중랑구,11260,서울특별시,11,강서구,11500,20,56,18,17,73,18,45,7,107,33,26
20230316,서울특별시,11,중랑구,11260,서울특별시,11,구로구,11530,3,40,11,14,34,8,24,9,71,31,16
20230316,서울특별시,11,중랑구,11260,서울특별시,11,금천구,11545,6,19,3,15,29,11,13,3,58,23,10
20230316,서울특별시,11,중랑구,11260,서울특별시,11,영등포구,11560,9,38,12,26,49,5,16,6,73,25,15
20230316,서울특별시,11,중랑구,11260,서울특별시,11,동작구,11590,10,35,9,18,54,9,35,0,66,23,16
20230316,서울특별시,11,중랑구,11260,서울특별시,11,관악구,11620,8,50,18,7,51,14,33,7,102,35,15
20230316,서울특별시,11,중랑구,11260,서울특별시,11,서초구,11650,14,35,53,15,49,13,41,5,75,30,17
20230316,서울특별시,11,중랑구,11260,서울특별시,11,강남구,11680,24,55,55,39,77,12,54,6,139,46,32
20230316,서울특별시,11,중랑구,11260,서울특별시,11,송파구,11710,9,59,21,14,71,16,55,16,124,43,28
20230316,서울특별시,11,중랑구,11260,서울특별시,11,강동구,11740,0,43,9,10,35,14,25,6,83,28,10
20230316,서울특별시,11,광진구,11215,서울특별시,11,양천구,11470,6,16,7,15,29,8,15,9,79,35,10
20230316,서울특별시,11,광진구,11215,서울특별시,11,마포구,11440,9,23,14,13,33,7,12,5,90,49,7
20230316,서울특별시,11,광진구,11215,서울특별시,11,서대문구,11410,8,13,9,17,28,3,5,0,79,26,6
20230316,서울특별시,11,광진구,11215,서울특별시,11,은평구,11380,10,23,4,17,34,4,11,5,78,28,13
20230316,서울특별시,11,광진구,11215,서울특별시,11,노원구,11350,9,28,11,17,47,5,15,6,86,31,6
20230316,서울특별시,11,광진구,11215,서울특별시,11,도봉구,11320,5,8,7,5,18,3,9,0,63,20,5
20230316,서울특별시,11,광진구,11215,서울특별시,11,강북구,11305,4,8,7,8,27,0,9,0,58,22,0
20230316,서울특별시,11,광진구,11215,서울특별시,11,성북구,11290,14,20,9,8,28,3,9,7,119,43,7
20230316,서울특별시,11,광진구,11215,서울특별시,11,중랑구,11260,9,18,7,16,33,6,9,0,71,30,7
20230316,서울특별시,11,광진구,11215,서울특별시,11,동대문구,11230,6,24,7,16,31,3,10,5,79,32,7
20230316,서울특별시,11,광진구,11215,서울특별시,11,광진구,11215,16,37,14,10,39,3,42,4,78,33,10
20230316,서울특별시,11,광진구,11215,서울특별시,11,성동구,11200,3,53,27,20,27,3,10,6,118,53,5
20230316,서울특별시,11,광진구,11215,서울특별시,11,용산구,11170,3,12,10,28,20,3,4,9,52,20,11
20230316,서울특별시,11,관악구,11620,서울특별시,11,강서구,11500,0,12,24,15,29,0,18,4,56,28,6
20230316,서울특별시,11,관악구,11620,서울특별시,11,양천구,11470,4,12,22,5,11,0,17,4,24,25,5
20230316,서울특별시,11,관악구,11620,서울특별시,11,마포구,11440,9,12,33,7,19,0,10,3,31,27,4
20230316,서울특별시,11,관악구,11620,서울특별시,11,서대문구,11410,3,9,30,6,5,0,5,0,22,13,0
20230316,서울특별시,11,관악구,11620,서울특별시,11,은평구,11380,4,4,10,3,11,0,9,0,32,15,7
20230316,서울특별시,11,관악구,11620,서울특별시,11,노원구,11350,4,15,14,4,25,4,12,0,27,17,8
20230316,서울특별시,11,관악구,11620,서울특별시,11,도봉구,11320,0,15,10,5,12,0,3,0,33,11,4
20230316,서울특별시,11,관악구,11620,서울특별시,11,강북구,11305,0,9,8,0,12,0,8,0,21,14,4
20230316,서울특별시,11,관악구,11620,서울특별시,11,성북구,11290,0,14,25,6,16,3,13,8,61,27,5
20230316,서울특별시,11,관악구,11620,서울특별시,11,중랑구,11260,4,7,7,5,15,0,0,3,38,20,5
20230316,서울특별시,11,강남구,11680,서울특별시,11,중랑구,11260,10,58,23,20,50,6,53,5,203,40,80
20230316,서울특별시,11,강남구,11680,서울특별시,11,동대문구,11230,3,82,28,15,52,4,61,14,221,52,80
20230316,서울특별시,11,마포구,11440,서울특별시,11,동작구,11590,12,47,23,63,82,9,71,3,93,38,28
20230316,서울특별시,11,마포구,11440,서울특별시,11,관악구,11620,7,66,29,100,107,5,112,5,156,43,35
20230316,서울특별시,11,마포구,11440,서울특별시,11,서초구,11650,11,65,49,71,88,8,117,7,104,39,46
20230316,서울특별시,11,마포구,11440,서울특별시,11,강남구,11680,20,129,43,134,127,10,182,13,166,76,44
20230316,서울특별시,11,마포구,11440,서울특별시,11,송파구,11710,16,82,28,110,121,11,125,9,141,56,47
20230316,서울특별시,11,마포구,11440,서울특별시,11,강동구,11740,11,49,23,73,68,4,85,9,91,50,22
20230316,서울특별시,11,종로구,11110,서울특별시,11,종로구,11110,7,24,29,7,19,0,25,4,64,19,4
20230316,서울특별시,11,도봉구,11320,서울특별시,11,송파구,11710,7,17,3,33,35,8,16,9,71,20,8
20230316,서울특별시,11,도봉구,11320,서울특별시,11,강남구,11680,7,20,15,41,44,10,16,4,71,26,4
20230316,서울특별시,11,도봉구,11320,서울특별시,11,서초구,11650,7,12,13,15,27,5,11,3,46,10,0
20230316,서울특별시,11,도봉구,11320,서울특별시,11,관악구,11620,5,12,0,21,28,11,15,0,67,16,6
20230316,서울특별시,11,도봉구,11320,서울특별시,11,동작구,11590,7,12,0,17,20,0,3,3,59,11,7
20230316,서울특별시,11,도봉구,11320,서울특별시,11,영등포구,11560,6,11,7,12,28,4,15,0,49,24,0
20230316,서울특별시,11,도봉구,11320,서울특별시,11,금천구,11545,0,7,0,17,11,6,6,0,41,12,0
20230316,서울특별시,11,도봉구,11320,서울특별시,11,구로구,11530,4,10,3,13,8,8,7,4,83,10,3
20230316,서울특별시,11,도봉구,11320,서울특별시,11,강서구,11500,3,10,6,28,29,13,10,6,97,13,6
20230316,서울특별시,11,도봉구,11320,서울특별시,11,양천구,11470,5,13,5,15,14,5,6,5,55,7,4
20230316,서울특별시,11,도봉구,11320,서울특별시,11,마포구,11440,0,9,5,28,20,6,11,3,60,19,0
20230316,서울특별시,11,도봉구,11320,서울특별시,11,서대문구,11410,3,11,4,20,8,4,11,0,47,7,0
20230316,서울특별시,11,도봉구,11320,서울특별시,11,은평구,11380,6,7,5,19,22,3,12,0,63,11,0
20230316,서울특별시,11,도봉구,11320,서울특별시,11,노원구,11350,6,10,4,16,20,7,6,4,68,18,6
20230316,서울특별시,11,도봉구,11320,서울특별시,11,도봉구,11320,0,12,4,8,9,0,15,5,41,14,6
20230316,서울특별시,11,도봉구,11320,서울특별시,11,강북구,11305,3,7,4,12,14,0,6,0,42,10,4
20230316,서울특별시,11,관악구,11620,서울특별시,11,동대문구,11230,3,12,35,7,10,0,6,0,46,18,4
20230316,서울특별시,11,관악구,11620,서울특별시,11,광진구,11215,4,6,9,12,9,0,10,0,28,7,4
20230316,서울특별시,11,관악구,11620,서울특별시,11,성동구,11200,0,31,26,8,6,3,13,0,77,41,5
20230316,서울특별시,11,관악구,11620,서울특별시,11,용산구,11170,0,10,14,22,19,0,11,4,23,11,0
20230316,서울특별시,11,관악구,11620,서울특별시,11,중구,11140,3,15,16,0,5,0,11,0,43,16,3
20230316,서울특별시,11,관악구,11620,서울특별시,11,종로구,11110,3,4,25,3,3,4,14,0,28,14,5
20230316,서울특별시,11,강서구,11500,서울특별시,11,양천구,11470,5,50,43,44,254,10,91,15,77,47,71
20230316,서울특별시,11,강서구,11500,서울특별시,11,강서구,11500,14,139,276,84,101,15,157,29,183,62,103
20230316,서울특별시,11,강서구,11500,서울특별시,11,구로구,11530,10,44,29,44,65,8,83,13,75,44,59
20230316,서울특별시,11,강서구,11500,서울특별시,11,금천구,11545,9,42,24,31,45,9,94,5,85,25,36
20230316,서울특별시,11,강서구,11500,서울특별시,11,영등포구,11560,13,79,46,60,83,12,97,9,94,129,68
20230316,서울특별시,11,강서구,11500,서울특별시,11,동작구,11590,7,41,31,50,57,17,166,9,102,80,61
20230316,서울특별시,11,강서구,11500,서울특별시,11,관악구,11620,9,70,41,59,77,15,105,7,130,68,65
20230316,서울특별시,11,강서구,11500,서울특별시,11,서초구,11650,6,67,34,51,67,9,96,19,98,50,85
20230316,서울특별시,11,강서구,11500,서울특별시,11,강남구,11680,26,108,51,86,177,19,192,23,145,117,118
20230316,서울특별시,11,강서구,11500,서울특별시,11,송파구,11710,13,84,47,75,122,16,188,22,167,75,87
20230316,서울특별시,11,강서구,11500,서울특별시,11,강동구,11740,9,42,25,38,71,13,92,13,102,48,64
20230316,서울특별시,11,구로구,11530,서울특별시,11,종로구,11110,8,27,30,11,37,9,20,3,42,10,6
20230316,서울특별시,11,구로구,11530,서울특별시,11,중구,11140,6,28,24,21,36,11,22,0,50,10,18
20230316,서울특별시,11,구로구,11530,서울특별시,11,용산구,11170,6,57,28,26,27,6,6,0,44,11,15
20230316,서울특별시,11,구로구,11530,서울특별시,11,성동구,11200,6,54,34,26,24,4,20,0,89,24,14
20230316,서울특별시,11,구로구,11530,서울특별시,11,광진구,11215,7,63,15,14,26,4,18,0,65,32,21
20230316,서울특별시,11,구로구,11530,서울특별시,11,동대문구,11230,9,79,21,17,28,7,31,3,80,19,13
20230316,서울특별시,11,구로구,11530,서울특별시,11,중랑구,11260,5,59,7,13,31,5,33,5,73,31,21
20230316,서울특별시,11,구로구,11530,서울특별시,11,성북구,11290,7,79,89,27,26,5,28,0,79,33,24
20230316,서울특별시,11,구로구,11530,서울특별시,11,강북구,11305,6,39,9,11,9,12,24,0,47,20,10
20230316,서울특별시,11,구로구,11530,서울특별시,11,도봉구,11320,10,46,10,22,26,3,19,0,45,24,11
20230316,서울특별시,11,구로구,11530,서울특별시,11,노원구,11350,9,62,28,26,42,10,36,5,75,26,26
20230316,서울특별시,11,구로구,11530,서울특별시,11,은평구,11380,9,81,12,27,27,13,18,3,71,22,22
20230316,서울특별시,11,구로구,11530,서울특별시,11,서대문구,11410,4,59,56,29,20,16,12,0,57,26,15
20230316,서울특별시,11,구로구,11530,서울특별시,11,마포구,11440,13,75,45,31,51,9,26,3,85,27,20
20230316,서울특별시,11,구로구,11530,서울특별시,11,양천구,11470,11,67,22,19,36,4,34,0,70,36,20
20230316,서울특별시,11,구로구,11530,서울특별시,11,강서구,11500,14,133,27,29,54,11,26,6,121,45,32
20230316,서울특별시,11,구로구,11530,서울특별시,11,구로구,11530,7,112,22,36,39,9,53,7,103,31,20
20230316,서울특별시,11,구로구,11530,서울특별시,11,금천구,11545,11,65,17,29,30,4,18,6,82,21,18
20230316,서울특별시,11,구로구,11530,서울특별시,11,영등포구,11560,8,110,21,41,55,5,37,7,106,31,26
20230316,서울특별시,11,구로구,11530,서울특별시,11,동작구,11590,12,91,23,19,36,7,36,5,78,23,20
20230316,서울특별시,11,구로구,11530,서울특별시,11,관악구,11620,25,102,151,35,40,6,24,0,105,50,23
20230316,서울특별시,11,구로구,11530,서울특별시,11,서초구,11650,7,67,52,46,46,8,25,4,89,31,26
20230316,서울특별시,11,구로구,11530,서울특별시,11,강남구,11680,19,121,68,68,83,9,46,4,95,36,54
20230316,서울특별시,11,구로구,11530,서울특별시,11,송파구,11710,16,111,23,43,60,11,37,8,102,41,34
20230316,서울특별시,11,구로구,11530,서울특별시,11,강동구,11740,8,79,14,25,39,8,15,4,70,22,20
20230316,서울특별시,11,도봉구,11320,서울특별시,11,성북구,11290,3,11,8,17,21,5,6,5,70,17,9
20230316,서울특별시,11,도봉구,11320,서울특별시,11,중랑구,11260,4,8,0,21,19,9,7,0,36,22,5
20230316,서울특별시,11,도봉구,11320,서울특별시,11,동대문구,11230,0,6,0,13,19,4,12,3,54,15,0
20230316,서울특별시,11,도봉구,11320,서울특별시,11,광진구,11215,0,12,6,12,21,5,17,0,48,12,0
20230316,서울특별시,11,도봉구,11320,서울특별시,11,성동구,11200,3,17,10,18,18,8,12,5,59,13,4
20230316,서울특별시,11,도봉구,11320,서울특별시,11,용산구,11170,4,8,4,13,13,4,9,0,33,5,3
20230316,서울특별시,11,도봉구,11320,서울특별시,11,중구,11140,0,6,3,20,9,0,3,0,34,9,3
20230316,서울특별시,11,도봉구,11320,서울특별시,11,종로구,11110,0,11,3,12,10,0,0,0,27,4,0
20230316,서울특별시,11,강북구,11305,서울특별시,11,강동구,11740,0,9,3,8,5,0,17,3,63,14,4
20230316,서울특별시,11,강북구,11305,서울특별시,11,송파구,11710,0,15,7,13,14,5,38,4,83,20,10
20230316,서울특별시,11,강북구,11305,서울특별시,11,강남구,11680,3,19,10,8,21,3,47,0,67,12,10
20230316,서울특별시,11,강북구,11305,서울특별시,11,서초구,11650,0,17,8,4,17,0,32,0,47,11,5
20230316,서울특별시,11,강북구,11305,서울특별시,11,관악구,11620,0,23,6,10,10,0,28,4,78,9,5
20230316,서울특별시,11,강북구,11305,서울특별시,11,동작구,11590,0,11,4,7,10,0,15,0,56,6,9
20230316,서울특별시,11,강북구,11305,서울특별시,11,영등포구,11560,0,18,7,7,9,0,20,3,58,8,6
20230316,서울특별시,11,강북구,11305,서울특별시,11,금천구,11545,0,15,4,6,10,0,13,0,47,7,3
20230316,서울특별시,11,강북구,11305,서울특별시,11,구로구,11530,3,16,0,4,12,0,18,4,59,6,6
20230316,서울특별시,11,강북구,11305,서울특별시,11,강서구,11500,5,21,6,10,11,0,26,4,94,11,6
20230316,서울특별시,11,강북구,11305,서울특별시,11,양천구,11470,0,10,6,8,8,0,32,0,41,10,0
20230316,서울특별시,11,강북구,11305,서울특별시,11,마포구,11440,5,18,10,8,10,0,31,0,53,6,9
20230316,서울특별시,11,강북구,11305,서울특별시,11,서대문구,11410,0,5,4,5,12,0,22,3,41,8,8
20230316,서울특별시,11,강북구,11305,서울특별시,11,은평구,11380,4,12,8,9,5,0,24,0,68,11,5
20230316,서울특별시,11,강북구,11305,서울특별시,11,노원구,11350,3,15,6,6,18,0,17,3,60,5,11
20230316,서울특별시,11,강북구,11305,서울특별시,11,도봉구,11320,4,17,0,5,3,0,10,0,50,0,10
20230317,서울특별시,11,중구,11140,서울특별시,11,종로구,11110,6,66,7,7,57,5,5,0,93,23,4
20230317,서울특별시,11,중구,11140,서울특별시,11,중구,11140,7,75,18,5,54,3,29,4,133,34,10
20230317,서울특별시,11,중구,11140,서울특별시,11,용산구,11170,10,60,6,12,53,5,15,0,172,38,11
20230317,서울특별시,11,중구,11140,서울특별시,11,성동구,11200,7,104,15,10,61,6,19,3,219,138,5
20230317,서울특별시,11,중구,11140,서울특별시,11,광진구,11215,7,49,7,0,47,6,19,0,173,56,6
20230317,서울특별시,11,중구,11140,서울특별시,11,동대문구,11230,5,52,16,3,31,5,23,3,174,43,12
20230317,서울특별시,11,중구,11140,서울특별시,11,중랑구,11260,11,42,5,6,28,7,16,3,132,26,9
20230317,서울특별시,11,중구,11140,서울특별시,11,성북구,11290,12,62,6,0,42,4,14,4,207,45,17
20230317,서울특별시,11,중구,11140,서울특별시,11,강북구,11305,6,29,3,4,21,4,11,0,117,28,5
20230317,서울특별시,11,중구,11140,서울특별시,11,도봉구,11320,7,22,4,3,19,7,12,0,103,29,5
20230317,서울특별시,11,중구,11140,서울특별시,11,노원구,11350,3,49,7,0,38,7,23,0,176,46,5
20230317,서울특별시,11,중구,11140,서울특별시,11,은평구,11380,9,28,8,0,36,4,26,0,172,42,13
20230317,서울특별시,11,중구,11140,서울특별시,11,서대문구,11410,6,53,0,0,35,7,17,0,183,48,9
20230317,서울특별시,11,중구,11140,서울특별시,11,마포구,11440,19,74,4,18,96,5,24,3,254,69,14
20230317,서울특별시,11,중구,11140,서울특별시,11,양천구,11470,6,52,4,4,33,5,15,3,160,49,10
20230317,서울특별시,11,중구,11140,서울특별시,11,강서구,11500,11,52,9,6,58,11,29,5,307,80,14
20230317,서울특별시,11,중구,11140,서울특별시,11,구로구,11530,7,42,9,3,54,3,14,0,163,34,6
20230317,서울특별시,11,중구,11140,서울특별시,11,금천구,11545,4,39,0,10,54,6,7,5,107,24,5
20230317,서울특별시,11,중구,11140,서울특별시,11,영등포구,11560,6,56,10,10,86,4,21,0,213,45,20
20230317,서울특별시,11,중구,11140,서울특별시,11,동작구,11590,4,34,0,5,34,5,24,0,204,48,17
20230317,서울특별시,11,중구,11140,서울특별시,11,관악구,11620,8,34,5,8,39,3,28,0,239,77,11
20230317,서울특별시,11,중구,11140,서울특별시,11,서초구,11650,8,78,15,7,111,8,17,6,221,60,9
20230317,서울특별시,11,중구,11140,서울특별시,11,강남구,11680,17,107,17,12,205,11,36,5,349,101,30
20230317,서울특별시,11,중구,11140,서울특별시,11,송파구,11710,14,80,14,6,111,7,39,4,374,72,16
20230317,서울특별시,11,중구,11140,서울특별시,11,강동구,11740,0,40,6,3,34,3,14,3,196,59,13
20230317,서울특별시,11,도봉구,11320,서울특별시,11,종로구,11110,4,16,0,5,8,0,7,0,19,9,0
20230317,서울특별시,11,도봉구,11320,서울특별시,11,중구,11140,0,14,3,8,16,0,9,0,34,8,0
20230317,서울특별시,11,도봉구,11320,서울특별시,11,용산구,11170,3,15,0,11,16,0,7,0,41,11,0
20230317,서울특별시,11,도봉구,11320,서울특별시,11,성동구,11200,3,28,11,17,16,5,5,4,48,12,3
20230317,서울특별시,11,도봉구,11320,서울특별시,11,광진구,11215,0,12,0,10,11,3,7,0,37,13,0
20230317,서울특별시,11,도봉구,11320,서울특별시,11,동대문구,11230,0,33,3,12,16,8,6,0,48,8,0
20230317,서울특별시,11,도봉구,11320,서울특별시,11,중랑구,11260,3,17,5,11,19,6,7,0,49,12,6
20230317,서울특별시,11,도봉구,11320,서울특별시,11,성북구,11290,5,15,5,16,12,0,8,3,74,22,3
20230317,서울특별시,11,도봉구,11320,서울특별시,11,강북구,11305,0,9,3,17,12,0,9,0,44,12,5
20230317,서울특별시,11,도봉구,11320,서울특별시,11,도봉구,11320,0,10,7,15,19,0,33,0,34,10,6
20230317,서울특별시,11,도봉구,11320,서울특별시,11,노원구,11350,4,19,5,15,17,5,18,4,79,18,5
20230317,서울특별시,11,도봉구,11320,서울특별시,11,은평구,11380,4,15,3,14,26,5,8,0,53,19,6
20230317,서울특별시,11,도봉구,11320,서울특별시,11,서대문구,11410,0,17,0,11,13,0,8,0,42,8,0
20230317,서울특별시,11,도봉구,11320,서울특별시,11,마포구,11440,3,33,4,18,31,11,17,0,50,13,4
20230317,서울특별시,11,도봉구,11320,서울특별시,11,양천구,11470,3,11,3,18,18,3,10,0,64,9,5
20230317,서울특별시,11,도봉구,11320,서울특별시,11,강서구,11500,4,22,7,28,20,6,18,3,84,20,4
20230317,서울특별시,11,도봉구,11320,서울특별시,11,구로구,11530,0,17,3,17,22,0,9,3,49,14,5
20230317,서울특별시,11,도봉구,11320,서울특별시,11,금천구,11545,4,11,5,14,18,3,11,0,49,15,4
20230317,서울특별시,11,도봉구,11320,서울특별시,11,영등포구,11560,3,20,3,20,25,6,5,0,56,13,3
20230317,서울특별시,11,도봉구,11320,서울특별시,11,동작구,11590,0,13,0,22,22,7,10,0,46,6,0
20230317,서울특별시,11,도봉구,11320,서울특별시,11,관악구,11620,6,16,0,21,20,5,11,0,78,16,11
20230317,서울특별시,11,도봉구,11320,서울특별시,11,서초구,11650,0,19,5,21,18,3,8,6,41,17,3
20230317,서울특별시,11,도봉구,11320,서울특별시,11,강남구,11680,6,40,12,39,33,0,15,0,74,25,13
20230317,서울특별시,11,도봉구,11320,서울특별시,11,송파구,11710,3,37,5,19,31,6,14,4,94,13,5
20230317,서울특별시,11,도봉구,11320,서울특별시,11,강동구,11740,6,16,6,15,13,9,8,6,62,20,7
20230317,서울특별시,11,영등포구,11560,서울특별시,11,종로구,11110,0,51,12,13,22,3,24,0,34,15,15
20230317,서울특별시,11,영등포구,11560,서울특별시,11,중구,11140,4,67,18,15,31,7,31,3,40,27,22
20230317,서울특별시,11,영등포구,11560,서울특별시,11,용산구,11170,5,38,6,29,34,0,23,0,32,25,18
20230317,서울특별시,11,영등포구,11560,서울특별시,11,성동구,11200,4,67,19,34,44,0,30,0,107,68,16
20230317,서울특별시,11,영등포구,11560,서울특별시,11,광진구,11215,5,55,8,12,26,5,23,0,52,27,26
20230317,서울특별시,11,영등포구,11560,서울특별시,11,동대문구,11230,3,58,9,20,22,0,21,0,60,34,22
20230317,서울특별시,11,영등포구,11560,서울특별시,11,중랑구,11260,8,49,6,13,20,5,12,0,55,20,26
20230317,서울특별시,11,영등포구,11560,서울특별시,11,성북구,11290,4,61,9,17,24,5,21,9,80,22,21
20230317,서울특별시,11,영등포구,11560,서울특별시,11,강북구,11305,0,37,8,9,20,0,9,0,26,18,16
20230317,서울특별시,11,영등포구,11560,서울특별시,11,도봉구,11320,5,38,10,11,22,0,11,0,32,9,9
20230317,서울특별시,11,영등포구,11560,서울특별시,11,노원구,11350,6,69,9,19,33,3,16,0,48,20,15
20230317,서울특별시,11,영등포구,11560,서울특별시,11,은평구,11380,5,78,8,19,31,6,20,0,47,32,23
20230317,서울특별시,11,영등포구,11560,서울특별시,11,서대문구,11410,6,53,11,17,34,5,27,3,43,23,12
20230317,서울특별시,11,영등포구,11560,서울특별시,11,마포구,11440,15,64,33,30,47,3,19,7,56,18,7
20230317,서울특별시,11,영등포구,11560,서울특별시,11,양천구,11470,3,60,14,20,36,0,19,4,46,24,22
20230317,서울특별시,11,영등포구,11560,서울특별시,11,강서구,11500,11,108,13,35,42,0,24,8,70,36,33
20230317,서울특별시,11,영등포구,11560,서울특별시,11,구로구,11530,5,80,15,15,33,0,19,6,49,20,21
20230317,서울특별시,11,영등포구,11560,서울특별시,11,금천구,11545,8,63,14,25,22,5,18,0,44,22,22
20230317,서울특별시,11,영등포구,11560,서울특별시,11,영등포구,11560,9,107,34,32,40,4,70,0,38,35,39
20230317,서울특별시,11,영등포구,11560,서울특별시,11,동작구,11590,9,45,12,14,32,0,15,3,45,22,20
20230317,서울특별시,11,영등포구,11560,서울특별시,11,관악구,11620,8,77,8,21,35,0,28,3,51,34,37
20230317,서울특별시,11,영등포구,11560,서울특별시,11,서초구,11650,9,91,22,32,55,4,39,0,60,25,20
20230317,서울특별시,11,영등포구,11560,서울특별시,11,강남구,11680,9,149,18,43,60,5,46,5,95,41,48
20230317,서울특별시,11,영등포구,11560,서울특별시,11,송파구,11710,5,117,13,30,48,8,39,3,76,34,22
20230317,서울특별시,11,영등포구,11560,서울특별시,11,강동구,11740,4,56,7,20,28,4,18,4,34,35,17
20230317,서울특별시,11,성북구,11290,서울특별시,11,종로구,11110,5,34,7,8,15,4,14,0,102,33,7
20230317,서울특별시,11,성북구,11290,서울특별시,11,중구,11140,6,42,7,7,13,5,14,4,115,24,5
20230317,서울특별시,11,성북구,11290,서울특별시,11,용산구,11170,7,54,6,14,20,3,19,7,115,40,4
20230317,서울특별시,11,성북구,11290,서울특별시,11,성동구,11200,3,61,18,6,26,0,25,10,240,96,6
20230317,서울특별시,11,성북구,11290,서울특별시,11,광진구,11215,5,39,8,10,34,8,25,9,213,70,6
20230317,서울특별시,11,성북구,11290,서울특별시,11,동대문구,11230,9,40,7,15,30,0,29,13,224,61,4
20230317,서울특별시,11,성북구,11290,서울특별시,11,중랑구,11260,4,30,12,12,21,4,29,13,232,55,5
20230317,서울특별시,11,성북구,11290,서울특별시,11,성북구,11290,5,68,19,9,36,5,77,15,256,67,13
20230317,서울특별시,11,성북구,11290,서울특별시,11,강북구,11305,5,26,5,8,7,3,25,5,161,39,12
20230317,서울특별시,11,성북구,11290,서울특별시,11,도봉구,11320,0,25,11,14,15,5,27,9,152,31,3
20230317,서울특별시,11,성북구,11290,서울특별시,11,노원구,11350,8,53,10,16,42,9,32,9,237,65,7
20230317,서울특별시,11,성북구,11290,서울특별시,11,은평구,11380,6,45,15,15,30,6,29,17,224,75,3
20230317,서울특별시,11,성북구,11290,서울특별시,11,서대문구,11410,4,41,13,15,22,3,33,8,189,57,6
20230317,서울특별시,11,성북구,11290,서울특별시,11,마포구,11440,0,63,12,21,27,12,31,12,225,96,8
20230317,서울특별시,11,성북구,11290,서울특별시,11,양천구,11470,6,42,13,22,35,8,43,10,208,71,6
20230317,서울특별시,11,성북구,11290,서울특별시,11,강서구,11500,9,76,8,27,43,6,56,19,341,122,12
20230317,서울특별시,11,성북구,11290,서울특별시,11,구로구,11530,8,57,14,13,28,3,31,16,226,55,5
20230317,서울특별시,11,성북구,11290,서울특별시,11,금천구,11545,4,42,4,8,24,8,36,7,157,53,6
20230317,서울특별시,11,성북구,11290,서울특별시,11,영등포구,11560,7,42,11,17,35,7,36,17,266,81,6
20230317,서울특별시,11,성북구,11290,서울특별시,11,동작구,11590,5,49,14,19,29,6,36,11,215,59,4
20230317,서울특별시,11,성북구,11290,서울특별시,11,관악구,11620,7,53,14,19,35,4,38,16,302,95,8
20230317,서울특별시,11,성북구,11290,서울특별시,11,서초구,11650,7,54,11,16,54,10,33,9,246,70,5
20230317,서울특별시,11,성북구,11290,서울특별시,11,강남구,11680,18,122,20,29,52,15,67,11,401,113,17
20230317,서울특별시,11,성북구,11290,서울특별시,11,송파구,11710,9,97,15,23,53,13,49,15,399,135,14
20230317,서울특별시,11,성북구,11290,서울특별시,11,강동구,11740,8,42,6,19,22,7,40,17,202,56,5
20230317,서울특별시,11,동대문구,11230,서울특별시,11,종로구,11110,0,27,15,3,32,0,18,0,56,13,8
20230317,서울특별시,11,동대문구,11230,서울특별시,11,중구,11140,0,32,19,6,21,0,29,0,94,22,11
20230317,서울특별시,11,동대문구,11230,서울특별시,11,용산구,11170,0,23,20,16,26,0,34,9,77,15,10
20230317,서울특별시,11,동대문구,11230,서울특별시,11,성동구,11200,0,59,38,6,29,4,33,4,154,38,9
20230317,서울특별시,11,동대문구,11230,서울특별시,11,광진구,11215,5,47,28,13,25,0,48,0,104,20,13
20230317,서울특별시,11,동대문구,11230,서울특별시,11,동대문구,11230,4,46,37,12,28,0,60,5,147,28,14
20230317,서울특별시,11,동대문구,11230,서울특별시,11,중랑구,11260,4,54,25,8,32,3,30,4,107,17,7
20230317,서울특별시,11,동대문구,11230,서울특별시,11,성북구,11290,0,64,49,6,30,0,37,9,143,29,17
20230317,서울특별시,11,동대문구,11230,서울특별시,11,강북구,11305,0,40,24,7,27,4,32,0,88,16,9
20230317,서울특별시,11,동대문구,11230,서울특별시,11,도봉구,11320,6,36,19,8,14,0,35,4,71,23,5
20230317,서울특별시,11,동대문구,11230,서울특별시,11,노원구,11350,3,82,68,12,32,5,53,3,126,21,10
20230317,서울특별시,11,동대문구,11230,서울특별시,11,은평구,11380,0,48,46,7,33,0,62,3,129,26,12
20230317,서울특별시,11,동대문구,11230,서울특별시,11,서대문구,11410,3,37,33,8,19,3,41,3,98,24,11
20230317,서울특별시,11,동대문구,11230,서울특별시,11,마포구,11440,7,53,30,15,50,0,36,6,135,21,9
20230317,서울특별시,11,동대문구,11230,서울특별시,11,양천구,11470,6,49,37,13,31,0,44,4,104,23,10
20230317,서울특별시,11,동대문구,11230,서울특별시,11,강서구,11500,5,69,48,14,52,0,58,11,186,40,16
20230317,서울특별시,11,동대문구,11230,서울특별시,11,구로구,11530,4,39,48,14,27,7,48,10,115,21,10
20230317,서울특별시,11,동대문구,11230,서울특별시,11,금천구,11545,5,28,16,10,25,3,28,5,97,20,12
20230317,서울특별시,11,동대문구,11230,서울특별시,11,영등포구,11560,3,53,22,9,38,0,37,0,129,25,10
20230317,서울특별시,11,동대문구,11230,서울특별시,11,동작구,11590,4,48,31,4,22,0,48,0,134,20,13
20230317,서울특별시,11,동대문구,11230,서울특별시,11,관악구,11620,5,63,33,9,54,0,48,0,145,36,23
20230317,서울특별시,11,동대문구,11230,서울특별시,11,서초구,11650,5,75,39,9,36,0,51,0,107,25,16
20230317,서울특별시,11,동대문구,11230,서울특별시,11,강남구,11680,9,116,41,17,75,6,72,5,167,35,32
20230317,서울특별시,11,동대문구,11230,서울특별시,11,송파구,11710,6,104,52,9,44,3,72,8,182,33,26
20230317,서울특별시,11,동대문구,11230,서울특별시,11,강동구,11740,3,78,43,7,38,0,32,9,127,31,7
20230317,서울특별시,11,마포구,11440,서울특별시,11,종로구,11110,6,53,43,34,41,0,54,0,56,20,9
20230317,서울특별시,11,마포구,11440,서울특별시,11,중구,11140,5,54,39,32,45,5,44,5,84,33,22
20230317,서울특별시,11,마포구,11440,서울특별시,11,용산구,11170,4,66,24,63,64,3,73,8,83,24,17
20230317,서울특별시,11,마포구,11440,서울특별시,11,성동구,11200,9,70,25,46,75,4,71,0,151,50,32
20230317,서울특별시,11,마포구,11440,서울특별시,11,광진구,11215,12,42,24,57,60,8,73,4,113,40,30
20230317,서울특별시,11,마포구,11440,서울특별시,11,동대문구,11230,7,45,21,53,53,6,58,0,119,29,21
20230317,서울특별시,11,마포구,11440,서울특별시,11,중랑구,11260,13,35,14,48,56,5,56,7,69,30,20
20230317,서울특별시,11,마포구,11440,서울특별시,11,성북구,11290,8,69,18,50,75,6,62,0,136,45,23
20230317,서울특별시,11,마포구,11440,서울특별시,11,강북구,11305,7,77,12,31,32,0,42,0,75,21,13
20230317,서울특별시,11,마포구,11440,서울특별시,11,도봉구,11320,10,34,7,36,42,0,47,9,81,20,21
20230317,서울특별시,11,마포구,11440,서울특별시,11,노원구,11350,8,46,19,55,69,5,73,6,105,42,22
20230317,서울특별시,11,마포구,11440,서울특별시,11,은평구,11380,10,67,21,71,75,4,80,5,95,44,27
20230317,서울특별시,11,마포구,11440,서울특별시,11,서대문구,11410,7,80,24,55,55,3,66,3,92,33,12
20230317,서울특별시,11,마포구,11440,서울특별시,11,마포구,11440,17,138,67,72,104,8,135,0,136,44,31
20230317,서울특별시,11,마포구,11440,서울특별시,11,양천구,11470,5,121,15,65,54,5,81,6,75,39,28
20230317,서울특별시,11,마포구,11440,서울특별시,11,강서구,11500,8,84,25,76,100,3,115,9,113,57,35
20230317,서울특별시,11,마포구,11440,서울특별시,11,구로구,11530,6,45,17,58,57,0,81,8,88,26,22
20230317,서울특별시,11,마포구,11440,서울특별시,11,금천구,11545,10,49,21,45,56,0,55,0,76,39,10
20230317,서울특별시,11,마포구,11440,서울특별시,11,영등포구,11560,19,106,42,90,82,3,81,6,99,36,36
20230317,서울특별시,11,마포구,11440,서울특별시,11,동작구,11590,9,43,19,50,78,3,59,4,80,40,29
20230317,서울특별시,11,마포구,11440,서울특별시,11,관악구,11620,11,72,30,78,83,4,100,7,135,56,25
20230317,서울특별시,11,마포구,11440,서울특별시,11,서초구,11650,10,75,43,68,73,5,101,10,98,38,33
20230317,서울특별시,11,마포구,11440,서울특별시,11,강남구,11680,15,131,69,96,148,9,150,17,135,77,43
20230317,서울특별시,11,마포구,11440,서울특별시,11,송파구,11710,10,115,37,112,126,8,145,12,158,62,48
20230317,서울특별시,11,마포구,11440,서울특별시,11,강동구,11740,12,55,14,54,59,4,85,6,87,37,32
20230317,서울특별시,11,서대문구,11410,서울특별시,11,종로구,11110,0,11,15,4,15,0,8,0,31,10,6
20230317,서울특별시,11,서대문구,11410,서울특별시,11,중구,11140,0,20,11,10,22,5,9,0,38,29,6
20230317,서울특별시,11,서대문구,11410,서울특별시,11,용산구,11170,3,14,14,6,29,7,10,0,30,15,9
20230317,서울특별시,11,서대문구,11410,서울특별시,11,성동구,11200,7,24,20,12,40,7,10,0,58,39,7
20230317,서울특별시,11,서대문구,11410,서울특별시,11,광진구,11215,6,16,8,17,35,9,4,6,33,31,10
20230317,서울특별시,11,서대문구,11410,서울특별시,11,동대문구,11230,6,14,5,11,31,5,3,0,43,22,8
20230317,서울특별시,11,서대문구,11410,서울특별시,11,중랑구,11260,9,16,6,9,41,5,8,4,40,30,7
20230317,서울특별시,11,서대문구,11410,서울특별시,11,성북구,11290,6,23,9,22,48,8,8,0,56,34,11
20230317,서울특별시,11,서대문구,11410,서울특별시,11,강북구,11305,5,9,0,8,40,5,10,5,26,22,7
20230317,서울특별시,11,서대문구,11410,서울특별시,11,도봉구,11320,4,11,0,22,29,3,10,7,25,19,12
20230317,서울특별시,11,서대문구,11410,서울특별시,11,노원구,11350,5,22,9,18,54,11,10,4,31,27,12
20230317,서울특별시,11,서대문구,11410,서울특별시,11,은평구,11380,5,9,14,12,46,15,10,0,40,22,9
20230317,서울특별시,11,서대문구,11410,서울특별시,11,서대문구,11410,5,21,22,12,42,5,29,4,31,30,10
20230317,서울특별시,11,서대문구,11410,서울특별시,11,마포구,11440,5,20,26,27,51,17,11,0,68,35,13
20230317,서울특별시,11,서대문구,11410,서울특별시,11,양천구,11470,3,25,12,24,47,12,14,4,33,27,7
20230317,서울특별시,11,서대문구,11410,서울특별시,11,강서구,11500,8,35,14,19,65,9,9,7,69,33,16
20230317,서울특별시,11,서대문구,11410,서울특별시,11,구로구,11530,7,19,6,8,58,5,3,4,45,25,9
20230317,서울특별시,11,서대문구,11410,서울특별시,11,금천구,11545,3,12,3,20,45,6,6,0,55,38,10
20230317,서울특별시,11,서대문구,11410,서울특별시,11,영등포구,11560,9,15,17,20,36,6,8,6,39,26,8
20230317,서울특별시,11,서대문구,11410,서울특별시,11,동작구,11590,0,13,6,15,42,12,7,3,32,22,8
20230317,서울특별시,11,서대문구,11410,서울특별시,11,관악구,11620,7,18,6,17,68,7,8,0,33,28,13
20230317,서울특별시,11,서대문구,11410,서울특별시,11,서초구,11650,9,21,15,23,38,13,7,3,33,24,11
20230317,서울특별시,11,서대문구,11410,서울특별시,11,강남구,11680,17,50,23,32,74,13,12,12,66,43,22
20230317,서울특별시,11,서대문구,11410,서울특별시,11,송파구,11710,10,39,11,22,79,15,13,8,60,37,13
20230317,서울특별시,11,서대문구,11410,서울특별시,11,강동구,11740,4,17,3,12,48,6,12,10,44,33,14
20230317,서울특별시,11,관악구,11620,서울특별시,11,종로구,11110,0,6,22,4,13,0,9,0,27,10,0
20230317,서울특별시,11,관악구,11620,서울특별시,11,중구,11140,24,12,15,5,10,3,0,0,34,10,5
20230317,서울특별시,11,관악구,11620,서울특별시,11,용산구,11170,0,10,13,12,11,0,4,0,18,5,5
20230317,서울특별시,11,관악구,11620,서울특별시,11,성동구,11200,4,25,41,5,11,0,11,0,65,20,0
20230317,서울특별시,11,관악구,11620,서울특별시,11,광진구,11215,4,15,24,6,12,0,6,0,27,11,9
20230317,서울특별시,11,관악구,11620,서울특별시,11,동대문구,11230,0,14,44,7,10,0,0,0,31,12,5
20230317,서울특별시,11,관악구,11620,서울특별시,11,중랑구,11260,0,14,7,0,10,0,0,0,26,14,3
20230317,서울특별시,11,관악구,11620,서울특별시,11,성북구,11290,4,24,24,8,14,0,11,4,52,18,5
20230317,서울특별시,11,관악구,11620,서울특별시,11,강북구,11305,0,9,9,4,12,0,6,0,22,8,4
20230317,서울특별시,11,관악구,11620,서울특별시,11,도봉구,11320,0,12,13,4,12,0,3,0,16,8,5
20230317,서울특별시,11,관악구,11620,서울특별시,11,노원구,11350,4,8,15,5,13,3,7,0,30,8,16
20230317,서울특별시,11,관악구,11620,서울특별시,11,은평구,11380,5,12,12,3,15,0,5,0,40,14,4
20230317,서울특별시,11,관악구,11620,서울특별시,11,서대문구,11410,0,12,33,4,20,0,7,0,13,17,7
20230317,서울특별시,11,관악구,11620,서울특별시,11,마포구,11440,0,18,35,6,21,0,15,3,39,11,7
20230317,서울특별시,11,관악구,11620,서울특별시,11,양천구,11470,3,27,15,4,29,0,11,0,30,10,4
20230317,서울특별시,11,관악구,11620,서울특별시,11,강서구,11500,0,21,23,13,21,0,10,6,43,15,19
20230317,서울특별시,11,관악구,11620,서울특별시,11,구로구,11530,4,7,16,8,19,0,8,0,36,20,3
20230317,서울특별시,11,관악구,11620,서울특별시,11,금천구,11545,3,17,12,9,23,0,12,0,57,16,56
20230317,서울특별시,11,관악구,11620,서울특별시,11,영등포구,11560,5,17,24,5,22,0,16,0,34,9,4
20230317,서울특별시,11,관악구,11620,서울특별시,11,동작구,11590,0,17,40,5,25,0,16,0,35,18,68
20230317,서울특별시,11,관악구,11620,서울특별시,11,관악구,11620,0,32,38,10,31,0,55,0,46,21,100
20230317,서울특별시,11,관악구,11620,서울특별시,11,서초구,11650,5,15,27,9,20,0,12,0,27,14,13
20230317,서울특별시,11,관악구,11620,서울특별시,11,강남구,11680,0,45,37,13,38,0,15,0,33,20,20
20230317,서울특별시,11,관악구,11620,서울특별시,11,송파구,11710,3,22,15,10,35,4,16,3,47,19,12
20230317,서울특별시,11,관악구,11620,서울특별시,11,강동구,11740,0,18,15,4,18,0,7,0,24,14,5
20230317,서울특별시,11,종로구,11110,서울특별시,11,종로구,11110,8,25,9,0,19,0,36,0,62,16,12
20230317,서울특별시,11,종로구,11110,서울특별시,11,중구,11140,8,36,6,4,17,0,11,0,71,23,6
20230317,서울특별시,11,종로구,11110,서울특별시,11,용산구,11170,4,27,8,8,19,3,13,0,74,25,22
20230317,서울특별시,11,종로구,11110,서울특별시,11,성동구,11200,3,38,15,13,19,0,11,3,106,41,14
20230317,서울특별시,11,종로구,11110,서울특별시,11,광진구,11215,9,29,12,13,21,0,7,0,103,41,17
20230317,서울특별시,11,종로구,11110,서울특별시,11,동대문구,11230,6,25,12,8,17,3,11,0,98,29,10
20230317,서울특별시,11,종로구,11110,서울특별시,11,중랑구,11260,0,30,4,12,17,0,7,5,74,32,13
20230317,서울특별시,11,종로구,11110,서울특별시,11,성북구,11290,8,54,12,10,31,3,17,9,122,28,18
20230317,서울특별시,11,종로구,11110,서울특별시,11,강북구,11305,5,17,7,5,12,0,9,0,67,13,8
20230317,서울특별시,11,종로구,11110,서울특별시,11,도봉구,11320,0,27,7,5,17,0,8,7,59,19,10
20230317,서울특별시,11,종로구,11110,서울특별시,11,노원구,11350,8,36,6,7,33,3,22,0,82,36,13
20230317,서울특별시,11,종로구,11110,서울특별시,11,은평구,11380,4,40,8,10,15,0,17,0,97,36,13
20230317,서울특별시,11,종로구,11110,서울특별시,11,서대문구,11410,8,30,12,12,22,0,13,4,80,32,19
20230317,서울특별시,11,종로구,11110,서울특별시,11,마포구,11440,10,41,18,13,27,3,11,4,137,33,19
20230317,서울특별시,11,종로구,11110,서울특별시,11,양천구,11470,5,39,13,12,14,4,14,4,73,28,15
20230317,서울특별시,11,종로구,11110,서울특별시,11,강서구,11500,7,45,11,17,41,0,15,10,114,45,25
20230317,서울특별시,11,종로구,11110,서울특별시,11,구로구,11530,3,36,7,12,19,0,11,5,75,25,18
20230317,서울특별시,11,종로구,11110,서울특별시,11,금천구,11545,4,27,5,12,14,0,7,6,73,31,4
20230317,서울특별시,11,종로구,11110,서울특별시,11,영등포구,11560,7,52,12,10,29,4,22,6,98,32,18
20230317,서울특별시,11,종로구,11110,서울특별시,11,동작구,11590,7,30,5,7,17,0,6,0,84,23,15
20230317,서울특별시,11,종로구,11110,서울특별시,11,관악구,11620,9,34,6,10,22,5,11,5,117,49,14
20230317,서울특별시,11,종로구,11110,서울특별시,11,서초구,11650,12,43,20,16,26,3,23,3,115,32,29
20230317,서울특별시,11,종로구,11110,서울특별시,11,강남구,11680,19,83,15,20,45,7,30,4,201,76,42
20230317,서울특별시,11,종로구,11110,서울특별시,11,송파구,11710,18,62,13,16,40,0,26,16,156,66,30
20230317,서울특별시,11,종로구,11110,서울특별시,11,강동구,11740,6,28,11,16,26,0,14,8,83,31,14
20230317,서울특별시,11,금천구,11545,서울특별시,11,종로구,11110,7,23,14,23,24,15,25,5,56,42,34
20230317,서울특별시,11,금천구,11545,서울특별시,11,중구,11140,7,29,11,38,22,11,18,7,75,35,64
20230317,서울특별시,11,금천구,11545,서울특별시,11,용산구,11170,12,31,13,45,30,16,26,4,81,35,50
20230317,서울특별시,11,금천구,11545,서울특별시,11,성동구,11200,10,39,25,41,33,23,33,18,114,65,79
20230317,서울특별시,11,금천구,11545,서울특별시,11,광진구,11215,11,27,12,28,49,12,28,11,131,47,67
20230317,서울특별시,11,금천구,11545,서울특별시,11,동대문구,11230,12,29,19,41,35,8,27,11,124,75,74
20230317,서울특별시,11,금천구,11545,서울특별시,11,중랑구,11260,6,29,11,33,42,8,20,9,101,50,71
20230317,서울특별시,11,금천구,11545,서울특별시,11,성북구,11290,16,37,19,47,50,16,40,16,151,81,61
20230317,서울특별시,11,금천구,11545,서울특별시,11,강북구,11305,6,26,8,19,33,8,23,6,86,23,42
20230317,서울특별시,11,금천구,11545,서울특별시,11,도봉구,11320,9,16,19,16,20,7,26,6,76,46,39
20230317,서울특별시,11,금천구,11545,서울특별시,11,노원구,11350,9,31,25,38,47,29,28,20,137,65,56
20230317,서울특별시,11,금천구,11545,서울특별시,11,은평구,11380,11,31,24,37,47,13,28,13,130,62,79
20230317,서울특별시,11,금천구,11545,서울특별시,11,서대문구,11410,11,18,14,28,33,11,30,14,100,44,60
20230317,서울특별시,11,금천구,11545,서울특별시,11,마포구,11440,15,44,31,78,47,24,26,11,152,139,79
20230317,서울특별시,11,금천구,11545,서울특별시,11,양천구,11470,12,40,24,36,39,15,42,15,132,75,85
20230317,서울특별시,11,금천구,11545,서울특별시,11,강서구,11500,15,42,32,56,64,47,50,21,194,110,126
20230317,서울특별시,11,금천구,11545,서울특별시,11,구로구,11530,12,42,33,49,66,26,34,10,148,80,103
20230317,서울특별시,11,금천구,11545,서울특별시,11,금천구,11545,13,38,20,25,41,11,31,7,88,69,42
20230317,서울특별시,11,금천구,11545,서울특별시,11,영등포구,11560,11,50,34,44,57,29,34,8,144,70,83
20230317,서울특별시,11,금천구,11545,서울특별시,11,동작구,11590,10,19,19,42,38,13,28,13,138,51,83
20230317,서울특별시,11,금천구,11545,서울특별시,11,관악구,11620,11,30,25,56,66,14,52,9,157,77,92
20230317,서울특별시,11,금천구,11545,서울특별시,11,서초구,11650,21,56,45,48,70,43,40,20,129,87,102
20230317,서울특별시,11,금천구,11545,서울특별시,11,강남구,11680,22,94,40,63,95,59,66,26,245,108,187
20230317,서울특별시,11,금천구,11545,서울특별시,11,송파구,11710,23,69,39,62,94,40,64,31,252,110,143
20230317,서울특별시,11,금천구,11545,서울특별시,11,강동구,11740,19,26,21,50,43,18,26,9,131,80,77
20230317,서울특별시,11,강서구,11500,서울특별시,11,종로구,11110,8,37,10,19,40,4,57,11,125,47,31
20230317,서울특별시,11,강서구,11500,서울특별시,11,중구,11140,9,40,21,40,32,6,52,13,72,88,42
20230317,서울특별시,11,강서구,11500,서울특별시,11,용산구,11170,15,39,12,40,39,10,54,5,77,22,63
20230317,서울특별시,11,강서구,11500,서울특별시,11,성동구,11200,6,76,30,32,55,10,69,18,110,80,48
20230317,서울특별시,11,강서구,11500,서울특별시,11,광진구,11215,16,34,22,25,55,4,64,10,97,42,52
20230317,서울특별시,11,강서구,11500,서울특별시,11,동대문구,11230,7,54,22,34,67,5,53,22,110,82,48
20230317,서울특별시,11,강서구,11500,서울특별시,11,중랑구,11260,11,49,17,23,47,4,53,12,100,29,37
20230317,서울특별시,11,강서구,11500,서울특별시,11,성북구,11290,15,76,19,32,81,6,70,18,166,44,57
20230317,서울특별시,11,강서구,11500,서울특별시,11,강북구,11305,6,25,15,27,33,6,53,17,61,65,39
20230317,서울특별시,11,강서구,11500,서울특별시,11,도봉구,11320,13,23,17,32,30,3,41,0,69,23,35
20230317,서울특별시,11,강서구,11500,서울특별시,11,노원구,11350,11,51,24,43,76,10,96,17,109,37,53
20230317,서울특별시,11,강서구,11500,서울특별시,11,은평구,11380,14,44,23,39,49,8,80,19,98,36,57
20230317,서울특별시,11,강서구,11500,서울특별시,11,서대문구,11410,11,37,18,40,42,17,71,9,106,32,44
20230317,서울특별시,11,강서구,11500,서울특별시,11,마포구,11440,20,72,38,50,115,12,96,18,137,168,78
20230317,서울특별시,11,강서구,11500,서울특별시,11,양천구,11470,10,69,32,36,52,6,93,14,116,36,63
20230317,서울특별시,11,강서구,11500,서울특별시,11,강서구,11500,17,84,58,63,97,18,156,29,167,67,75
20230317,서울특별시,11,강서구,11500,서울특별시,11,구로구,11530,15,58,27,29,55,9,66,23,98,40,57
20230317,서울특별시,11,강서구,11500,서울특별시,11,금천구,11545,6,45,16,38,43,9,37,16,85,32,28
20230317,서울특별시,11,강서구,11500,서울특별시,11,영등포구,11560,14,82,29,51,62,11,97,19,103,43,76
20230317,서울특별시,11,강서구,11500,서울특별시,11,동작구,11590,16,51,26,40,58,8,83,13,108,170,59
20230317,서울특별시,11,강서구,11500,서울특별시,11,관악구,11620,18,58,21,43,70,16,95,14,153,52,61
20230317,서울특별시,11,강서구,11500,서울특별시,11,서초구,11650,25,80,29,47,94,5,123,12,123,54,99
20230317,서울특별시,11,강서구,11500,서울특별시,11,강남구,11680,41,108,35,77,89,15,168,15,193,106,133
20230317,서울특별시,11,강서구,11500,서울특별시,11,송파구,11710,16,100,42,55,146,22,132,35,148,79,88
20230317,서울특별시,11,강서구,11500,서울특별시,11,강동구,11740,13,54,23,36,62,11,71,26,129,41,61
20230317,서울특별시,11,노원구,11350,서울특별시,11,종로구,11110,0,7,5,8,11,0,6,3,33,0,6
20230317,서울특별시,11,노원구,11350,서울특별시,11,중구,11140,0,11,3,4,16,0,16,10,35,8,6
20230317,서울특별시,11,노원구,11350,서울특별시,11,용산구,11170,0,5,5,19,22,0,9,10,35,7,4
20230317,서울특별시,11,노원구,11350,서울특별시,11,성동구,11200,0,28,18,8,23,0,8,14,69,22,5
20230317,서울특별시,11,노원구,11350,서울특별시,11,광진구,11215,4,13,4,10,18,0,14,4,41,8,11
20230317,서울특별시,11,노원구,11350,서울특별시,11,동대문구,11230,5,15,5,6,37,0,15,9,40,6,5
20230317,서울특별시,11,노원구,11350,서울특별시,11,중랑구,11260,3,15,4,7,45,5,13,13,40,7,16
20230317,서울특별시,11,노원구,11350,서울특별시,11,성북구,11290,5,32,3,12,29,0,20,21,60,7,11
20230317,서울특별시,11,노원구,11350,서울특별시,11,강북구,11305,4,9,3,5,26,0,21,7,25,5,16
20230317,서울특별시,11,노원구,11350,서울특별시,11,도봉구,11320,0,15,8,9,22,0,30,8,26,5,7
20230317,서울특별시,11,노원구,11350,서울특별시,11,노원구,11350,4,30,7,12,30,0,54,19,46,14,19
20230317,서울특별시,11,노원구,11350,서울특별시,11,은평구,11380,5,8,4,8,34,4,25,24,36,5,8
20230317,서울특별시,11,노원구,11350,서울특별시,11,서대문구,11410,5,12,0,4,17,0,12,9,19,5,11
20230317,서울특별시,11,노원구,11350,서울특별시,11,마포구,11440,4,12,9,10,28,0,17,9,40,15,10
20230317,서울특별시,11,노원구,11350,서울특별시,11,양천구,11470,0,14,7,12,25,5,20,9,44,6,11
20230317,서울특별시,11,노원구,11350,서울특별시,11,강서구,11500,4,15,3,18,57,0,22,27,69,7,8
20230317,서울특별시,11,노원구,11350,서울특별시,11,구로구,11530,3,12,3,8,25,0,11,14,59,9,15
20230317,서울특별시,11,노원구,11350,서울특별시,11,금천구,11545,3,59,4,9,16,3,14,5,45,12,8
20230317,서울특별시,11,노원구,11350,서울특별시,11,영등포구,11560,3,15,6,13,25,6,12,11,43,8,18
20230317,서울특별시,11,노원구,11350,서울특별시,11,동작구,11590,4,9,7,9,18,4,11,6,38,6,12
20230317,서울특별시,11,노원구,11350,서울특별시,11,관악구,11620,4,18,5,11,29,5,15,11,45,11,8
20230317,서울특별시,11,노원구,11350,서울특별시,11,서초구,11650,3,11,5,6,37,4,17,10,19,11,10
20230317,서울특별시,11,노원구,11350,서울특별시,11,강남구,11680,7,39,6,18,45,5,33,13,54,17,19
20230317,서울특별시,11,노원구,11350,서울특별시,11,송파구,11710,3,17,12,20,48,4,34,20,51,14,18
20230317,서울특별시,11,노원구,11350,서울특별시,11,강동구,11740,0,16,9,15,25,0,17,17,50,19,19
20230317,서울특별시,11,서초구,11650,서울특별시,11,종로구,11110,0,29,18,6,23,3,44,0,24,9,14
20230317,서울특별시,11,서초구,11650,서울특별시,11,중구,11140,10,55,9,16,36,0,54,0,65,7,15
20230317,서울특별시,11,서초구,11650,서울특별시,11,용산구,11170,6,41,14,34,41,0,52,3,43,8,19
20230317,서울특별시,11,서초구,11650,서울특별시,11,성동구,11200,8,48,27,9,43,4,41,3,109,24,15
20230317,서울특별시,11,서초구,11650,서울특별시,11,광진구,11215,5,37,17,11,36,3,52,0,36,15,28
20230317,서울특별시,11,서초구,11650,서울특별시,11,동대문구,11230,5,31,17,10,53,4,51,5,60,12,15
20230317,서울특별시,11,서초구,11650,서울특별시,11,중랑구,11260,4,26,12,12,41,3,44,6,41,14,12
20230317,서울특별시,11,서초구,11650,서울특별시,11,성북구,11290,7,52,23,18,50,4,53,0,66,16,20
20230317,서울특별시,11,서초구,11650,서울특별시,11,강북구,11305,0,14,10,8,27,0,49,3,28,8,4
20230317,서울특별시,11,서초구,11650,서울특별시,11,도봉구,11320,3,24,12,15,47,0,34,0,20,16,16
20230317,서울특별시,11,서초구,11650,서울특별시,11,노원구,11350,9,36,11,19,45,4,68,0,46,13,12
20230317,서울특별시,11,서초구,11650,서울특별시,11,은평구,11380,6,32,13,14,42,0,64,4,39,11,12
20230317,서울특별시,11,서초구,11650,서울특별시,11,서대문구,11410,6,27,20,14,41,3,39,5,30,13,12
20230317,서울특별시,11,서초구,11650,서울특별시,11,마포구,11440,5,68,18,21,70,9,64,4,68,22,25
20230317,서울특별시,11,서초구,11650,서울특별시,11,양천구,11470,3,34,22,19,53,5,50,3,44,18,19
20230317,서울특별시,11,서초구,11650,서울특별시,11,강서구,11500,7,52,31,21,69,6,80,5,74,15,30
20230317,서울특별시,11,서초구,11650,서울특별시,11,구로구,11530,0,34,18,19,50,5,58,3,41,16,18
20230317,서울특별시,11,서초구,11650,서울특별시,11,금천구,11545,7,36,20,10,35,3,56,0,48,14,18
20230317,서울특별시,11,서초구,11650,서울특별시,11,영등포구,11560,5,44,40,20,52,8,64,5,52,17,23
20230317,서울특별시,11,서초구,11650,서울특별시,11,동작구,11590,6,40,20,6,41,4,78,0,46,15,21
20230317,서울특별시,11,서초구,11650,서울특별시,11,관악구,11620,4,34,38,19,65,4,89,6,56,15,20
20230317,서울특별시,11,서초구,11650,서울특별시,11,서초구,11650,19,146,57,31,112,5,285,7,128,36,39
20230317,서울특별시,11,서초구,11650,서울특별시,11,강남구,11680,15,142,68,35,118,12,142,10,147,45,70
20230317,서울특별시,11,서초구,11650,서울특별시,11,송파구,11710,8,77,43,34,70,5,100,8,96,31,35
20230317,서울특별시,11,서초구,11650,서울특별시,11,강동구,11740,4,47,18,11,44,4,74,5,51,16,21
20230317,서울특별시,11,송파구,11710,서울특별시,11,종로구,11110,5,19,15,7,12,8,17,0,41,13,7
20230317,서울특별시,11,송파구,11710,서울특별시,11,중구,11140,0,38,14,9,17,5,27,0,77,25,8
20230317,서울특별시,11,송파구,11710,서울특별시,11,용산구,11170,0,24,14,22,19,7,19,0,42,14,6
20230317,서울특별시,11,송파구,11710,서울특별시,11,성동구,11200,6,38,38,16,17,7,22,5,137,51,11
20230317,서울특별시,11,송파구,11710,서울특별시,11,광진구,11215,0,45,13,8,21,9,31,3,64,21,14
20230317,서울특별시,11,송파구,11710,서울특별시,11,동대문구,11230,6,29,9,8,22,6,29,0,88,17,5
20230317,서울특별시,11,송파구,11710,서울특별시,11,중랑구,11260,0,24,4,15,28,12,29,4,60,16,15
20230317,서울특별시,11,송파구,11710,서울특별시,11,성북구,11290,3,37,7,19,22,5,29,7,106,22,18
20230317,서울특별시,11,송파구,11710,서울특별시,11,강북구,11305,0,14,3,7,17,4,20,0,52,9,7
20230317,서울특별시,11,송파구,11710,서울특별시,11,도봉구,11320,0,9,18,11,13,4,19,0,43,12,9
20230317,서울특별시,11,송파구,11710,서울특별시,11,노원구,11350,0,19,11,11,42,19,32,6,81,19,14
20230317,서울특별시,11,송파구,11710,서울특별시,11,은평구,11380,3,26,13,6,32,9,28,0,58,19,14
20230317,서울특별시,11,송파구,11710,서울특별시,11,서대문구,11410,4,19,13,8,24,4,29,0,59,17,4
20230317,서울특별시,11,송파구,11710,서울특별시,11,마포구,11440,3,33,22,12,34,13,46,4,94,21,7
20230317,서울특별시,11,송파구,11710,서울특별시,11,양천구,11470,5,24,10,15,30,8,34,4,61,16,9
20230317,서울특별시,11,송파구,11710,서울특별시,11,강서구,11500,8,40,27,25,42,24,53,4,104,37,16
20230317,서울특별시,11,송파구,11710,서울특별시,11,구로구,11530,0,30,19,15,24,10,37,0,74,19,8
20230317,서울특별시,11,송파구,11710,서울특별시,11,금천구,11545,0,31,14,12,16,12,20,3,80,31,15
20230317,서울특별시,11,송파구,11710,서울특별시,11,영등포구,11560,7,44,15,7,36,13,46,8,59,15,16
20230317,서울특별시,11,송파구,11710,서울특별시,11,동작구,11590,0,26,19,15,23,7,35,0,78,23,10
20230317,서울특별시,11,송파구,11710,서울특별시,11,관악구,11620,8,34,17,12,30,7,30,0,90,32,14
20230317,서울특별시,11,송파구,11710,서울특별시,11,서초구,11650,9,39,25,10,23,11,55,0,79,22,21
20230317,서울특별시,11,송파구,11710,서울특별시,11,강남구,11680,12,91,43,21,59,22,67,0,153,33,64
20230317,서울특별시,11,송파구,11710,서울특별시,11,송파구,11710,8,94,39,25,62,15,154,4,152,37,31
20230317,서울특별시,11,송파구,11710,서울특별시,11,강동구,11740,4,41,24,16,36,14,31,7,85,30,14
20230317,서울특별시,11,중랑구,11260,서울특별시,11,종로구,11110,3,13,0,6,16,0,15,0,39,11,6
20230317,서울특별시,11,중랑구,11260,서울특별시,11,중구,11140,6,22,0,6,25,7,15,7,42,18,6
20230317,서울특별시,11,중랑구,11260,서울특별시,11,용산구,11170,3,23,7,19,37,10,11,4,47,12,7
20230317,서울특별시,11,중랑구,11260,서울특별시,11,성동구,11200,0,31,16,18,35,6,24,10,99,29,17
20230317,서울특별시,11,중랑구,11260,서울특별시,11,광진구,11215,4,40,11,8,30,3,21,5,72,23,12
20230317,서울특별시,11,중랑구,11260,서울특별시,11,동대문구,11230,9,34,13,9,31,6,27,4,78,15,6
20230317,서울특별시,11,중랑구,11260,서울특별시,11,중랑구,11260,6,24,12,9,29,9,56,7,72,16,11
20230317,서울특별시,11,중랑구,11260,서울특별시,11,성북구,11290,5,41,9,25,43,12,23,6,80,37,13
20230317,서울특별시,11,중랑구,11260,서울특별시,11,강북구,11305,3,26,0,9,20,3,17,6,62,16,12
20230317,서울특별시,11,중랑구,11260,서울특별시,11,도봉구,11320,6,15,8,6,18,5,18,0,31,13,8
20230317,서울특별시,11,중랑구,11260,서울특별시,11,노원구,11350,8,40,11,7,37,10,28,4,90,22,9
20230317,서울특별시,11,중랑구,11260,서울특별시,11,은평구,11380,10,21,7,13,23,13,28,4,66,19,13
20230317,서울특별시,11,중랑구,11260,서울특별시,11,서대문구,11410,8,29,11,13,25,7,21,10,51,23,12
20230317,서울특별시,11,중랑구,11260,서울특별시,11,마포구,11440,7,34,8,25,41,12,26,6,85,25,15
20230317,서울특별시,11,중랑구,11260,서울특별시,11,양천구,11470,13,31,7,13,40,11,23,7,65,35,17
20230317,서울특별시,11,중랑구,11260,서울특별시,11,강서구,11500,8,41,13,19,39,12,46,13,97,35,28
20230317,서울특별시,11,중랑구,11260,서울특별시,11,구로구,11530,9,40,13,19,34,4,27,5,81,23,18
20230317,서울특별시,11,중랑구,11260,서울특별시,11,금천구,11545,5,33,6,13,27,7,15,4,67,12,9
20230317,서울특별시,11,중랑구,11260,서울특별시,11,영등포구,11560,8,49,13,17,52,10,28,6,66,30,22
20230317,서울특별시,11,중랑구,11260,서울특별시,11,동작구,11590,7,22,10,8,25,10,23,3,66,20,18
20230317,서울특별시,11,중랑구,11260,서울특별시,11,관악구,11620,12,34,13,10,35,10,41,7,117,29,22
20230317,서울특별시,11,중랑구,11260,서울특별시,11,서초구,11650,7,33,15,15,52,9,34,4,70,23,23
20230317,서울특별시,11,중랑구,11260,서울특별시,11,강남구,11680,7,76,28,39,83,26,36,10,109,37,34
20230317,서울특별시,11,중랑구,11260,서울특별시,11,송파구,11710,13,52,25,28,83,19,45,27,121,41,24
20230317,서울특별시,11,중랑구,11260,서울특별시,11,강동구,11740,7,34,6,14,31,8,31,13,64,22,16
20230317,서울특별시,11,양천구,11470,서울특별시,11,종로구,11110,0,9,0,9,11,0,8,0,19,17,3
20230317,서울특별시,11,양천구,11470,서울특별시,11,중구,11140,0,24,3,13,14,0,3,0,37,40,5
20230317,서울특별시,11,양천구,11470,서울특별시,11,용산구,11170,3,10,7,25,14,0,3,0,21,13,4
20230317,서울특별시,11,양천구,11470,서울특별시,11,성동구,11200,0,28,28,31,14,6,10,0,70,40,10
20230317,서울특별시,11,양천구,11470,서울특별시,11,광진구,11215,3,3,3,27,18,4,11,0,14,32,3
20230317,서울특별시,11,양천구,11470,서울특별시,11,동대문구,11230,0,11,10,12,18,9,9,0,21,24,6
20230317,서울특별시,11,양천구,11470,서울특별시,11,중랑구,11260,3,9,5,12,15,0,7,0,26,12,7
20230317,서울특별시,11,양천구,11470,서울특별시,11,성북구,11290,0,24,4,11,30,0,14,0,45,22,8
20230317,서울특별시,11,양천구,11470,서울특별시,11,강북구,11305,0,9,7,9,8,3,6,0,15,10,4
20230317,서울특별시,11,양천구,11470,서울특별시,11,도봉구,11320,0,15,6,9,15,0,9,0,19,13,7
20230317,서울특별시,11,양천구,11470,서울특별시,11,노원구,11350,6,10,8,20,26,0,11,0,26,17,3
20230317,서울특별시,11,양천구,11470,서울특별시,11,은평구,11380,3,13,7,15,22,0,5,3,34,20,8
20230317,서울특별시,11,양천구,11470,서울특별시,11,서대문구,11410,0,13,5,10,12,0,5,0,13,19,7
20230317,서울특별시,11,양천구,11470,서울특별시,11,마포구,11440,4,19,4,22,21,3,20,0,23,33,15
20230317,서울특별시,11,양천구,11470,서울특별시,11,양천구,11470,0,22,16,13,28,3,59,0,36,17,13
20230317,서울특별시,11,양천구,11470,서울특별시,11,강서구,11500,3,26,17,29,28,8,30,0,51,29,10
20230317,서울특별시,11,양천구,11470,서울특별시,11,구로구,11530,0,16,9,18,20,5,16,0,30,10,11
20230317,서울특별시,11,양천구,11470,서울특별시,11,금천구,11545,0,12,3,18,17,0,4,0,29,21,3
20230317,서울특별시,11,양천구,11470,서울특별시,11,영등포구,11560,0,13,16,22,29,4,16,5,21,23,17
20230317,서울특별시,11,양천구,11470,서울특별시,11,동작구,11590,0,18,7,15,15,0,18,3,22,17,11
20230317,서울특별시,11,양천구,11470,서울특별시,11,관악구,11620,3,17,5,23,23,6,12,0,28,24,14
20230317,서울특별시,11,양천구,11470,서울특별시,11,서초구,11650,0,25,8,29,29,8,12,0,22,29,18
20230317,서울특별시,11,양천구,11470,서울특별시,11,강남구,11680,0,27,9,47,46,5,25,4,39,27,35
20230317,서울특별시,11,양천구,11470,서울특별시,11,송파구,11710,0,28,9,28,44,7,15,3,33,32,18
20230317,서울특별시,11,양천구,11470,서울특별시,11,강동구,11740,0,12,8,25,24,0,12,0,14,27,6
20230317,서울특별시,11,광진구,11215,서울특별시,11,종로구,11110,3,5,5,9,13,6,8,0,38,13,0
20230317,서울특별시,11,광진구,11215,서울특별시,11,중구,11140,0,14,7,10,22,3,4,0,54,19,3
20230317,서울특별시,11,광진구,11215,서울특별시,11,용산구,11170,4,19,6,28,20,0,8,0,39,19,6
20230317,서울특별시,11,광진구,11215,서울특별시,11,성동구,11200,7,66,15,17,29,6,7,3,97,57,6
20230317,서울특별시,11,광진구,11215,서울특별시,11,광진구,11215,11,30,12,14,27,3,51,3,75,32,16
20230317,서울특별시,11,광진구,11215,서울특별시,11,동대문구,11230,8,22,10,18,37,0,8,5,72,30,0
20230317,서울특별시,11,광진구,11215,서울특별시,11,중랑구,11260,7,15,6,13,21,0,6,0,72,23,3
20230317,서울특별시,11,광진구,11215,서울특별시,11,성북구,11290,16,29,7,6,22,3,14,3,93,52,8
20230317,서울특별시,11,광진구,11215,서울특별시,11,강북구,11305,10,13,0,11,19,0,7,0,47,24,3
20230317,서울특별시,11,광진구,11215,서울특별시,11,도봉구,11320,3,14,3,8,11,0,7,3,56,21,3
20230317,서울특별시,11,광진구,11215,서울특별시,11,노원구,11350,11,19,7,12,28,4,10,0,84,37,9
20230317,서울특별시,11,광진구,11215,서울특별시,11,은평구,11380,10,17,9,14,25,8,8,5,72,37,4
20230317,서울특별시,11,광진구,11215,서울특별시,11,서대문구,11410,6,19,9,13,33,0,9,5,69,30,8
20230317,서울특별시,11,광진구,11215,서울특별시,11,마포구,11440,11,37,11,14,42,6,12,0,82,33,6
20230317,서울특별시,11,광진구,11215,서울특별시,11,양천구,11470,8,19,3,10,30,3,5,0,82,36,6
20230317,서울특별시,11,광진구,11215,서울특별시,11,강서구,11500,8,25,6,14,51,8,14,5,108,49,10
20230317,서울특별시,11,광진구,11215,서울특별시,11,구로구,11530,5,26,6,13,61,3,7,0,77,30,4
20230317,서울특별시,11,광진구,11215,서울특별시,11,금천구,11545,5,10,4,22,17,0,11,0,77,27,3
20230317,서울특별시,11,광진구,11215,서울특별시,11,영등포구,11560,7,19,7,21,24,3,6,4,56,28,6
20230317,서울특별시,11,광진구,11215,서울특별시,11,동작구,11590,3,10,7,7,17,4,8,3,63,31,0
20230317,서울특별시,11,광진구,11215,서울특별시,11,관악구,11620,12,15,6,17,38,8,9,3,123,49,4
20230317,서울특별시,11,광진구,11215,서울특별시,11,서초구,11650,8,19,10,25,39,5,9,10,70,35,9
20230317,서울특별시,11,광진구,11215,서울특별시,11,강남구,11680,7,56,14,25,49,11,12,0,94,52,12
20230317,서울특별시,11,광진구,11215,서울특별시,11,송파구,11710,13,34,17,18,55,9,17,8,115,69,9
20230317,서울특별시,11,광진구,11215,서울특별시,11,강동구,11740,12,23,7,23,28,0,20,4,73,28,7
20230317,서울특별시,11,강북구,11305,서울특별시,11,종로구,11110,5,10,0,0,3,0,4,0,38,7,3
20230317,서울특별시,11,강북구,11305,서울특별시,11,중구,11140,0,15,4,4,5,0,9,0,33,9,3
20230317,서울특별시,11,강북구,11305,서울특별시,11,용산구,11170,0,7,0,9,9,3,6,0,32,6,6
20230317,서울특별시,11,강북구,11305,서울특별시,11,성동구,11200,0,23,9,10,8,0,12,5,58,19,4
20230317,서울특별시,11,강북구,11305,서울특별시,11,광진구,11215,0,21,4,7,5,0,12,0,46,17,0
20230317,서울특별시,11,강북구,11305,서울특별시,11,동대문구,11230,5,13,4,5,6,0,16,0,59,9,0
20230317,서울특별시,11,강북구,11305,서울특별시,11,중랑구,11260,0,25,0,4,6,0,14,0,64,19,7
20230317,서울특별시,11,강북구,11305,서울특별시,11,성북구,11290,0,17,4,7,6,4,11,3,87,19,3
20230317,서울특별시,11,강북구,11305,서울특별시,11,강북구,11305,0,9,3,0,7,0,28,0,33,7,0
20230317,서울특별시,11,강북구,11305,서울특별시,11,도봉구,11320,0,19,4,4,8,0,9,0,44,6,3
20230317,서울특별시,11,강북구,11305,서울특별시,11,노원구,11350,0,23,8,10,9,0,16,3,71,20,4
20230317,서울특별시,11,강북구,11305,서울특별시,11,은평구,11380,4,21,4,6,11,4,8,0,63,27,9
20230317,서울특별시,11,강북구,11305,서울특별시,11,서대문구,11410,0,12,0,3,6,0,10,0,45,15,0
20230317,서울특별시,11,강북구,11305,서울특별시,11,마포구,11440,0,18,6,6,12,0,11,3,62,13,5
20230317,서울특별시,11,강북구,11305,서울특별시,11,양천구,11470,0,22,5,9,7,0,12,0,47,19,7
20230317,서울특별시,11,강북구,11305,서울특별시,11,강서구,11500,5,22,5,10,17,4,14,3,80,25,5
20230317,서울특별시,11,강북구,11305,서울특별시,11,구로구,11530,0,18,0,5,10,0,8,0,63,16,5
20230317,서울특별시,11,강북구,11305,서울특별시,11,금천구,11545,0,10,5,7,5,0,0,0,41,9,0
20230317,서울특별시,11,강북구,11305,서울특별시,11,영등포구,11560,4,20,0,6,8,0,11,0,39,25,8
20230317,서울특별시,11,강북구,11305,서울특별시,11,동작구,11590,0,8,3,9,8,0,10,4,62,15,7
20230317,서울특별시,11,강북구,11305,서울특별시,11,관악구,11620,4,21,0,5,8,3,10,0,77,20,11
20230317,서울특별시,11,강북구,11305,서울특별시,11,서초구,11650,0,13,6,14,12,0,6,0,41,15,7
20230317,서울특별시,11,강북구,11305,서울특별시,11,강남구,11680,0,32,3,10,11,4,26,4,70,25,11
20230317,서울특별시,11,강북구,11305,서울특별시,11,송파구,11710,3,24,4,10,13,4,26,0,74,20,11
20230317,서울특별시,11,강북구,11305,서울특별시,11,강동구,11740,0,15,3,9,9,0,11,4,57,20,3
20230317,서울특별시,11,용산구,11170,서울특별시,11,종로구,11110,3,18,6,110,8,4,8,0,32,7,0
20230317,서울특별시,11,용산구,11170,서울특별시,11,중구,11140,0,39,23,119,19,0,8,0,46,10,3
20230317,서울특별시,11,용산구,11170,서울특별시,11,용산구,11170,6,82,31,180,17,5,31,0,62,8,4
20230317,서울특별시,11,용산구,11170,서울특별시,11,성동구,11200,7,43,30,158,15,4,8,10,102,26,6
20230317,서울특별시,11,용산구,11170,서울특별시,11,광진구,11215,3,39,6,174,22,0,9,0,68,17,4
20230317,서울특별시,11,용산구,11170,서울특별시,11,동대문구,11230,3,27,10,127,13,4,8,3,83,10,0
20230317,서울특별시,11,용산구,11170,서울특별시,11,중랑구,11260,5,43,7,103,16,0,13,0,48,10,4
20230317,서울특별시,11,용산구,11170,서울특별시,11,성북구,11290,3,36,11,157,24,5,12,4,62,12,0
20230317,서울특별시,11,용산구,11170,서울특별시,11,강북구,11305,6,21,11,74,10,3,4,0,41,11,0
20230317,서울특별시,11,용산구,11170,서울특별시,11,도봉구,11320,0,24,7,94,13,0,9,5,40,10,7
20230317,서울특별시,11,용산구,11170,서울특별시,11,노원구,11350,6,29,22,156,25,5,21,7,60,11,8
20230317,서울특별시,11,용산구,11170,서울특별시,11,은평구,11380,0,25,13,171,16,5,15,0,69,11,4
20230317,서울특별시,11,용산구,11170,서울특별시,11,서대문구,11410,0,29,14,118,21,0,12,3,63,9,4
20230317,서울특별시,11,용산구,11170,서울특별시,11,마포구,11440,3,47,20,220,33,0,12,3,75,18,4
20230317,서울특별시,11,용산구,11170,서울특별시,11,양천구,11470,0,35,11,153,15,5,11,5,64,13,5
20230317,서울특별시,11,용산구,11170,서울특별시,11,강서구,11500,8,65,15,242,37,15,18,5,99,17,10
20230317,서울특별시,11,용산구,11170,서울특별시,11,구로구,11530,0,38,22,215,20,0,16,7,65,20,4
20230317,서울특별시,11,용산구,11170,서울특별시,11,금천구,11545,0,32,10,221,16,4,11,3,44,19,5
20230317,서울특별시,11,용산구,11170,서울특별시,11,영등포구,11560,5,44,16,222,28,0,19,3,60,17,5
20230317,서울특별시,11,용산구,11170,서울특별시,11,동작구,11590,0,23,14,150,17,3,9,0,56,16,6
20230317,서울특별시,11,용산구,11170,서울특별시,11,관악구,11620,4,57,17,199,28,3,20,0,82,10,9
20230317,서울특별시,11,용산구,11170,서울특별시,11,서초구,11650,4,51,34,247,39,0,17,7,112,22,10
20230317,서울특별시,11,용산구,11170,서울특별시,11,강남구,11680,7,69,34,497,38,5,21,11,113,34,11
20230317,서울특별시,11,용산구,11170,서울특별시,11,송파구,11710,4,72,40,290,39,4,23,9,137,21,8
20230317,서울특별시,11,용산구,11170,서울특별시,11,강동구,11740,0,24,15,169,14,4,13,3,75,14,3
20230317,서울특별시,11,강동구,11740,서울특별시,11,종로구,11110,3,12,7,4,14,0,40,0,31,17,0
20230317,서울특별시,11,강동구,11740,서울특별시,11,중구,11140,4,25,5,3,20,0,34,0,31,13,0
20230317,서울특별시,11,강동구,11740,서울특별시,11,용산구,11170,7,23,3,23,19,0,33,0,14,9,7
20230317,서울특별시,11,강동구,11740,서울특별시,11,성동구,11200,11,47,17,3,20,0,30,0,73,31,4
20230317,서울특별시,11,강동구,11740,서울특별시,11,광진구,11215,6,37,0,9,29,6,38,0,32,15,3
20230317,서울특별시,11,강동구,11740,서울특별시,11,동대문구,11230,11,17,0,13,21,3,41,0,33,11,3
20230317,서울특별시,11,강동구,11740,서울특별시,11,중랑구,11260,10,17,0,3,15,0,34,0,34,13,0
20230317,서울특별시,11,강동구,11740,서울특별시,11,성북구,11290,16,33,3,6,33,3,46,0,42,20,3
20230317,서울특별시,11,강동구,11740,서울특별시,11,강북구,11305,11,10,3,6,12,0,18,0,13,13,0
20230317,서울특별시,11,강동구,11740,서울특별시,11,도봉구,11320,6,10,0,5,15,0,26,0,14,5,6
20230317,서울특별시,11,강동구,11740,서울특별시,11,노원구,11350,8,20,8,7,27,3,51,0,21,13,5
20230317,서울특별시,11,강동구,11740,서울특별시,11,은평구,11380,10,20,4,10,23,7,34,3,21,13,7
20230317,서울특별시,11,강동구,11740,서울특별시,11,서대문구,11410,9,11,5,5,23,0,57,0,17,18,7
20230317,서울특별시,11,강동구,11740,서울특별시,11,마포구,11440,13,28,8,10,25,0,66,0,22,23,13
20230317,서울특별시,11,강동구,11740,서울특별시,11,양천구,11470,10,18,5,5,20,4,31,0,20,16,7
20230317,서울특별시,11,강동구,11740,서울특별시,11,강서구,11500,13,55,6,25,40,7,67,3,47,19,8
20230317,서울특별시,11,강동구,11740,서울특별시,11,구로구,11530,16,16,6,13,27,0,35,4,38,12,8
20230317,서울특별시,11,강동구,11740,서울특별시,11,금천구,11545,3,33,5,14,20,0,21,0,48,15,8
20230317,서울특별시,11,강동구,11740,서울특별시,11,영등포구,11560,9,23,5,11,32,7,39,0,23,16,0
20230317,서울특별시,11,강동구,11740,서울특별시,11,동작구,11590,6,17,11,7,22,0,28,3,17,12,5
20230317,서울특별시,11,강동구,11740,서울특별시,11,관악구,11620,12,21,12,12,23,3,54,0,27,20,7
20230317,서울특별시,11,강동구,11740,서울특별시,11,서초구,11650,19,41,10,11,44,6,72,3,30,20,10
20230317,서울특별시,11,강동구,11740,서울특별시,11,강남구,11680,14,63,17,21,66,10,80,0,65,49,18
20230317,서울특별시,11,강동구,11740,서울특별시,11,송파구,11710,16,53,10,17,52,14,84,4,61,27,15
20230317,서울특별시,11,강동구,11740,서울특별시,11,강동구,11740,9,37,13,14,23,9,97,0,32,14,0
20230317,서울특별시,11,구로구,11530,서울특별시,11,종로구,11110,11,22,5,14,19,4,12,0,36,9,7
20230317,서울특별시,11,구로구,11530,서울특별시,11,중구,11140,12,26,6,21,24,3,14,3,56,10,7
20230317,서울특별시,11,구로구,11530,서울특별시,11,용산구,11170,17,18,8,27,23,5,10,6,37,12,9
20230317,서울특별시,11,구로구,11530,서울특별시,11,성동구,11200,23,52,18,24,31,4,9,4,60,32,19
20230317,서울특별시,11,구로구,11530,서울특별시,11,광진구,11215,36,37,8,24,23,6,11,4,52,17,23
20230317,서울특별시,11,구로구,11530,서울특별시,11,동대문구,11230,25,47,6,18,25,4,11,3,62,16,24
20230317,서울특별시,11,구로구,11530,서울특별시,11,중랑구,11260,15,53,7,15,33,4,13,4,65,18,28
20230317,서울특별시,11,구로구,11530,서울특별시,11,성북구,11290,30,43,11,29,30,4,8,5,85,14,18
20230317,서울특별시,11,구로구,11530,서울특별시,11,강북구,11305,21,32,6,16,17,0,15,3,37,10,17
20230317,서울특별시,11,구로구,11530,서울특별시,11,도봉구,11320,20,19,4,12,17,8,12,3,46,10,12
20230317,서울특별시,11,구로구,11530,서울특별시,11,노원구,11350,39,48,13,30,23,8,14,4,45,18,21
20230317,서울특별시,11,구로구,11530,서울특별시,11,은평구,11380,36,43,12,15,28,4,28,4,52,10,20
20230317,서울특별시,11,구로구,11530,서울특별시,11,서대문구,11410,29,45,12,19,29,11,22,3,37,16,18
20230317,서울특별시,11,구로구,11530,서울특별시,11,마포구,11440,43,38,12,21,41,5,12,5,63,12,15
20230317,서울특별시,11,구로구,11530,서울특별시,11,양천구,11470,29,32,29,13,26,0,15,4,61,12,22
20230317,서울특별시,11,구로구,11530,서울특별시,11,강서구,11500,43,79,18,41,58,8,28,4,88,25,33
20230317,서울특별시,11,구로구,11530,서울특별시,11,구로구,11530,20,56,19,28,33,4,74,0,70,13,24
20230317,서울특별시,11,구로구,11530,서울특별시,11,금천구,11545,22,35,7,31,32,9,13,3,62,23,11
20230317,서울특별시,11,구로구,11530,서울특별시,11,영등포구,11560,32,46,9,30,44,5,18,0,70,21,26
20230317,서울특별시,11,구로구,11530,서울특별시,11,동작구,11590,43,41,5,27,33,9,13,4,48,20,14
20230317,서울특별시,11,구로구,11530,서울특별시,11,관악구,11620,36,76,7,17,46,8,32,5,78,24,27
20230317,서울특별시,11,구로구,11530,서울특별시,11,서초구,11650,31,39,11,31,38,6,16,0,50,22,30
20230317,서울특별시,11,구로구,11530,서울특별시,11,강남구,11680,43,114,25,59,70,11,22,5,80,20,44
20230317,서울특별시,11,구로구,11530,서울특별시,11,송파구,11710,46,81,15,38,60,10,32,5,90,22,38
20230317,서울특별시,11,구로구,11530,서울특별시,11,강동구,11740,26,53,12,17,28,6,22,8,56,17,31
20230317,서울특별시,11,은평구,11380,서울특별시,11,종로구,11110,0,3,6,0,15,0,27,0,19,6,7
20230317,서울특별시,11,은평구,11380,서울특별시,11,중구,11140,0,5,4,6,7,4,9,0,35,4,5
20230317,서울특별시,11,은평구,11380,서울특별시,11,용산구,11170,0,9,7,9,20,3,20,0,21,0,9
20230317,서울특별시,11,은평구,11380,서울특별시,11,성동구,11200,5,18,15,0,20,6,41,3,66,15,15
20230317,서울특별시,11,은평구,11380,서울특별시,11,광진구,11215,0,10,6,0,25,0,34,0,28,0,15
20230317,서울특별시,11,은평구,11380,서울특별시,11,동대문구,11230,0,15,5,3,14,0,30,3,39,6,14
20230317,서울특별시,11,은평구,11380,서울특별시,11,중랑구,11260,3,6,3,0,18,0,34,0,40,6,11
20230317,서울특별시,11,은평구,11380,서울특별시,11,성북구,11290,0,8,4,3,24,4,45,3,54,6,22
20230317,서울특별시,11,은평구,11380,서울특별시,11,강북구,11305,0,5,3,0,18,0,32,0,19,8,16
20230317,서울특별시,11,은평구,11380,서울특별시,11,도봉구,11320,0,6,4,3,13,0,24,4,22,6,11
20230317,서울특별시,11,은평구,11380,서울특별시,11,노원구,11350,0,3,7,0,36,6,56,3,34,6,21
20230317,서울특별시,11,은평구,11380,서울특별시,11,은평구,11380,0,14,9,6,42,6,85,3,42,8,28
20230317,서울특별시,11,은평구,11380,서울특별시,11,서대문구,11410,0,8,11,5,17,0,34,0,25,7,11
20230317,서울특별시,11,은평구,11380,서울특별시,11,마포구,11440,3,12,13,8,22,6,28,0,40,7,24
20230317,서울특별시,11,은평구,11380,서울특별시,11,양천구,11470,0,10,6,0,20,4,36,0,30,4,23
20230317,서울특별시,11,은평구,11380,서울특별시,11,강서구,11500,0,23,4,7,35,5,49,0,60,10,27
20230317,서울특별시,11,은평구,11380,서울특별시,11,구로구,11530,3,11,4,0,14,10,35,3,33,7,12
20230317,서울특별시,11,은평구,11380,서울특별시,11,금천구,11545,0,11,0,0,13,4,26,0,46,11,14
20230317,서울특별시,11,은평구,11380,서울특별시,11,영등포구,11560,3,7,5,4,24,4,32,3,40,7,18
20230317,서울특별시,11,은평구,11380,서울특별시,11,동작구,11590,0,7,3,3,23,3,41,0,31,5,17
20230317,서울특별시,11,은평구,11380,서울특별시,11,관악구,11620,3,12,5,0,25,5,48,0,38,3,18
20230317,서울특별시,11,은평구,11380,서울특별시,11,서초구,11650,4,8,9,7,18,8,37,0,33,5,21
20230317,서울특별시,11,은평구,11380,서울특별시,11,강남구,11680,3,29,10,4,38,8,47,3,58,10,34
20230317,서울특별시,11,은평구,11380,서울특별시,11,송파구,11710,0,22,8,4,44,7,72,0,56,4,36
20230317,서울특별시,11,은평구,11380,서울특별시,11,강동구,11740,0,4,4,3,26,0,38,3,40,18,19
20230317,서울특별시,11,동작구,11590,서울특별시,11,종로구,11110,4,6,21,3,12,4,13,0,24,4,9
20230317,서울특별시,11,동작구,11590,서울특별시,11,중구,11140,3,13,13,8,5,0,7,4,33,7,8
20230317,서울특별시,11,동작구,11590,서울특별시,11,용산구,11170,0,7,8,15,12,0,7,0,24,7,8
20230317,서울특별시,11,동작구,11590,서울특별시,11,성동구,11200,3,25,31,6,24,0,16,3,57,24,12
20230317,서울특별시,11,동작구,11590,서울특별시,11,광진구,11215,3,10,27,9,19,0,20,0,42,13,9
20230317,서울특별시,11,동작구,11590,서울특별시,11,동대문구,11230,0,5,17,7,36,7,32,0,40,23,7
20230317,서울특별시,11,동작구,11590,서울특별시,11,중랑구,11260,0,8,11,3,19,3,18,4,33,17,8
20230317,서울특별시,11,동작구,11590,서울특별시,11,성북구,11290,5,13,22,5,40,4,38,0,61,14,14
20230317,서울특별시,11,동작구,11590,서울특별시,11,강북구,11305,3,6,6,5,15,3,24,0,21,11,9
20230317,서울특별시,11,동작구,11590,서울특별시,11,도봉구,11320,3,10,6,0,11,0,16,5,29,9,9
20230317,서울특별시,11,동작구,11590,서울특별시,11,노원구,11350,3,7,18,10,50,7,31,0,36,7,18
20230317,서울특별시,11,동작구,11590,서울특별시,11,은평구,11380,0,0,13,11,18,5,26,3,28,13,8
20230317,서울특별시,11,동작구,11590,서울특별시,11,서대문구,11410,6,7,9,0,22,0,29,3,26,9,8
20230317,서울특별시,11,동작구,11590,서울특별시,11,마포구,11440,7,11,19,16,21,3,27,5,44,10,10
20230317,서울특별시,11,동작구,11590,서울특별시,11,양천구,11470,4,9,13,12,24,0,18,3,20,19,11
20230317,서울특별시,11,동작구,11590,서울특별시,11,강서구,11500,7,12,27,20,41,7,33,7,55,20,17
20230317,서울특별시,11,동작구,11590,서울특별시,11,구로구,11530,4,10,14,6,18,3,30,0,25,13,8
20230317,서울특별시,11,동작구,11590,서울특별시,11,금천구,11545,3,10,8,6,13,3,17,4,39,11,8
20230317,서울특별시,11,동작구,11590,서울특별시,11,영등포구,11560,0,11,17,16,33,8,27,3,32,12,17
20230317,서울특별시,11,동작구,11590,서울특별시,11,동작구,11590,3,10,35,13,37,7,52,0,49,12,19
20230317,서울특별시,11,동작구,11590,서울특별시,11,관악구,11620,4,16,37,17,18,3,31,4,57,14,11
20230317,서울특별시,11,동작구,11590,서울특별시,11,서초구,11650,6,12,29,19,26,6,26,22,37,14,18
20230317,서울특별시,11,동작구,11590,서울특별시,11,강남구,11680,11,25,34,22,41,5,43,3,59,14,23
20230317,서울특별시,11,동작구,11590,서울특별시,11,송파구,11710,0,24,25,18,42,7,47,7,59,20,28
20230317,서울특별시,11,동작구,11590,서울특별시,11,강동구,11740,6,10,17,4,28,6,30,7,27,20,19
20230317,서울특별시,11,성동구,11200,서울특별시,11,종로구,11110,3,45,14,7,20,3,17,4,66,35,40
20230317,서울특별시,11,성동구,11200,서울특별시,11,중구,11140,11,64,7,12,29,3,21,3,121,58,73
20230317,서울특별시,11,성동구,11200,서울특별시,11,용산구,11170,9,34,21,22,22,4,24,5,98,51,22
20230317,서울특별시,11,성동구,11200,서울특별시,11,성동구,11200,9,137,24,15,33,4,47,17,188,78,35
20230317,서울특별시,11,성동구,11200,서울특별시,11,광진구,11215,7,70,8,18,34,0,28,5,144,76,20
20230317,서울특별시,11,성동구,11200,서울특별시,11,동대문구,11230,7,81,20,16,48,0,32,3,128,57,92
20230317,서울특별시,11,성동구,11200,서울특별시,11,중랑구,11260,3,56,4,16,42,4,30,4,119,47,15
20230317,서울특별시,11,성동구,11200,서울특별시,11,성북구,11290,12,73,8,17,57,4,39,9,170,78,124
20230317,서울특별시,11,성동구,11200,서울특별시,11,강북구,11305,3,34,4,10,32,5,15,0,91,37,8
20230317,서울특별시,11,성동구,11200,서울특별시,11,도봉구,11320,6,26,5,18,12,0,7,6,82,26,13
20230317,서울특별시,11,성동구,11200,서울특별시,11,노원구,11350,5,58,7,16,28,6,20,8,108,68,24
20230317,서울특별시,11,성동구,11200,서울특별시,11,은평구,11380,10,64,9,14,38,0,27,3,143,74,30
20230317,서울특별시,11,성동구,11200,서울특별시,11,서대문구,11410,3,47,10,24,25,4,16,0,110,52,12
20230317,서울특별시,11,성동구,11200,서울특별시,11,마포구,11440,10,86,23,32,47,6,40,11,146,87,24
20230317,서울특별시,11,성동구,11200,서울특별시,11,양천구,11470,6,71,13,17,50,0,20,5,103,49,18
20230317,서울특별시,11,성동구,11200,서울특별시,11,강서구,11500,18,105,11,28,53,6,34,8,183,83,32
20230317,서울특별시,11,성동구,11200,서울특별시,11,구로구,11530,8,76,4,17,49,3,15,8,109,53,22
20230317,서울특별시,11,성동구,11200,서울특별시,11,금천구,11545,0,26,9,27,26,11,18,0,93,34,15
20230317,서울특별시,11,성동구,11200,서울특별시,11,영등포구,11560,18,86,14,19,60,3,36,36,150,86,30
20230317,서울특별시,11,성동구,11200,서울특별시,11,동작구,11590,11,38,9,13,38,6,22,4,121,72,16
20230317,서울특별시,11,성동구,11200,서울특별시,11,관악구,11620,13,75,9,15,51,7,20,5,198,62,29
20230317,서울특별시,11,성동구,11200,서울특별시,11,서초구,11650,13,54,12,21,43,4,34,7,159,81,42
20230317,서울특별시,11,성동구,11200,서울특별시,11,강남구,11680,25,111,26,29,99,10,64,15,275,114,98
20230317,서울특별시,11,성동구,11200,서울특별시,11,송파구,11710,28,95,17,26,78,12,45,10,227,115,57
20230317,서울특별시,11,성동구,11200,서울특별시,11,강동구,11740,9,48,7,20,43,6,17,6,142,78,24
20230317,서울특별시,11,강남구,11680,서울특별시,11,종로구,11110,4,66,170,9,45,6,38,0,76,36,47
20230317,서울특별시,11,강남구,11680,서울특별시,11,중구,11140,10,85,67,16,54,7,43,7,144,32,48
20230317,서울특별시,11,강남구,11680,서울특별시,11,용산구,11170,10,62,177,42,48,9,48,13,155,54,82
20230317,서울특별시,11,강남구,11680,서울특별시,11,성동구,11200,16,107,93,15,70,16,71,9,255,77,88
20230317,서울특별시,11,강남구,11680,서울특별시,11,광진구,11215,7,80,42,29,46,10,59,9,214,54,98
20230317,서울특별시,11,강남구,11680,서울특별시,11,동대문구,11230,9,60,25,23,44,6,56,8,229,65,74
20230317,서울특별시,11,강남구,11680,서울특별시,11,중랑구,11260,6,56,22,25,49,5,50,7,198,46,98
20230317,서울특별시,11,강남구,11680,서울특별시,11,성북구,11290,9,92,51,18,74,7,68,11,271,68,106
20230317,서울특별시,11,강남구,11680,서울특별시,11,강북구,11305,3,45,12,14,36,3,40,0,120,41,67
20230317,서울특별시,11,강남구,11680,서울특별시,11,도봉구,11320,3,37,16,11,37,4,33,4,126,36,64
20230317,서울특별시,11,강남구,11680,서울특별시,11,노원구,11350,6,80,16,27,75,10,53,15,235,64,131
20230317,서울특별시,11,강남구,11680,서울특별시,11,은평구,11380,13,74,32,18,64,8,61,6,198,60,132
20230317,서울특별시,11,강남구,11680,서울특별시,11,서대문구,11410,7,71,34,16,71,8,56,7,174,60,88
20230317,서울특별시,11,강남구,11680,서울특별시,11,마포구,11440,11,120,77,32,84,11,85,10,230,69,139
20230317,서울특별시,11,강남구,11680,서울특별시,11,양천구,11470,6,80,46,25,68,5,64,14,181,42,118
20230317,서울특별시,11,강남구,11680,서울특별시,11,강서구,11500,12,141,33,49,102,13,87,16,303,86,170
20230317,서울특별시,11,강남구,11680,서울특별시,11,구로구,11530,8,75,23,17,60,8,68,9,163,51,100
20230317,서울특별시,11,강남구,11680,서울특별시,11,금천구,11545,4,65,22,27,43,10,34,6,146,63,78
20230317,서울특별시,11,강남구,11680,서울특별시,11,영등포구,11560,13,94,70,40,75,16,77,13,189,88,138
20230317,서울특별시,11,강남구,11680,서울특별시,11,동작구,11590,11,69,24,11,54,14,62,7,189,62,98
20230317,서울특별시,11,강남구,11680,서울특별시,11,관악구,11620,15,114,29,24,84,4,60,13,313,53,176
20230317,서울특별시,11,강남구,11680,서울특별시,11,서초구,11650,13,146,261,33,114,7,96,17,252,97,232
20230317,서울특별시,11,강남구,11680,서울특별시,11,강남구,11680,33,265,585,58,208,26,253,19,446,146,369
20230317,서울특별시,11,강남구,11680,서울특별시,11,송파구,11710,28,190,111,41,130,17,121,22,390,98,365
20230317,서울특별시,11,강남구,11680,서울특별시,11,강동구,11740,14,70,36,16,64,5,62,20,218,51,124
20230318,서울특별시,11,마포구,11440,서울특별시,11,중랑구,11260,0,3,0,0,3,0,0,0,12,3,0
20230318,서울특별시,11,마포구,11440,서울특별시,11,성북구,11290,0,6,5,0,0,0,0,0,17,0,0
20230318,서울특별시,11,마포구,11440,서울특별시,11,강북구,11305,0,0,0,0,0,0,0,0,4,0,0
20230318,서울특별시,11,마포구,11440,서울특별시,11,도봉구,11320,0,0,0,0,0,0,0,0,6,0,0
20230318,서울특별시,11,마포구,11440,서울특별시,11,노원구,11350,0,6,3,0,4,0,0,0,7,0,0
20230318,서울특별시,11,마포구,11440,서울특별시,11,은평구,11380,0,8,5,0,0,0,3,0,11,0,0
20230318,서울특별시,11,마포구,11440,서울특별시,11,서대문구,11410,0,3,9,4,0,0,0,0,9,3,0
20230318,서울특별시,11,마포구,11440,서울특별시,11,마포구,11440,3,12,13,8,11,0,21,0,20,4,0
20230318,서울특별시,11,마포구,11440,서울특별시,11,양천구,11470,0,15,3,0,0,0,0,0,3,0,0
20230318,서울특별시,11,마포구,11440,서울특별시,11,강서구,11500,0,10,5,0,0,0,3,0,17,0,0
20230318,서울특별시,11,마포구,11440,서울특별시,11,구로구,11530,0,3,0,4,3,0,0,0,7,0,0
20230318,서울특별시,11,마포구,11440,서울특별시,11,금천구,11545,0,8,0,4,4,0,0,0,18,12,0
20230318,서울특별시,11,마포구,11440,서울특별시,11,영등포구,11560,0,5,8,5,8,0,5,0,10,5,0
20230318,서울특별시,11,마포구,11440,서울특별시,11,동작구,11590,0,8,4,0,0,0,0,0,7,0,0
20230318,서울특별시,11,마포구,11440,서울특별시,11,관악구,11620,0,5,7,0,3,0,0,0,13,0,0
20230318,서울특별시,11,마포구,11440,서울특별시,11,서초구,11650,3,6,0,0,3,0,0,0,10,3,0
20230318,서울특별시,11,마포구,11440,서울특별시,11,강남구,11680,0,17,4,0,4,0,0,0,17,3,0
20230318,서울특별시,11,마포구,11440,서울특별시,11,송파구,11710,0,10,6,0,0,0,0,0,17,0,0
20230318,서울특별시,11,마포구,11440,서울특별시,11,강동구,11740,0,4,4,0,3,0,0,0,10,6,0
20230318,서울특별시,11,서대문구,11410,서울특별시,11,강동구,11740,0,0,0,0,6,0,0,0,4,0,0
20230318,서울특별시,11,서대문구,11410,서울특별시,11,송파구,11710,0,0,5,0,10,0,3,0,5,0,0
20230318,서울특별시,11,서대문구,11410,서울특별시,11,강남구,11680,0,14,0,0,8,0,13,0,12,0,0
20230318,서울특별시,11,서대문구,11410,서울특별시,11,서초구,11650,0,3,5,0,9,0,0,0,3,0,0
20230318,서울특별시,11,서대문구,11410,서울특별시,11,관악구,11620,0,3,3,0,3,0,0,0,11,0,0
20230318,서울특별시,11,서대문구,11410,서울특별시,11,동작구,11590,0,0,0,0,10,0,3,0,0,0,0
20230318,서울특별시,11,서대문구,11410,서울특별시,11,영등포구,11560,0,6,3,0,15,0,0,0,0,0,0
20230318,서울특별시,11,서대문구,11410,서울특별시,11,금천구,11545,0,0,0,0,8,0,0,0,18,3,0
20230318,서울특별시,11,서대문구,11410,서울특별시,11,구로구,11530,0,3,0,0,0,0,0,0,9,0,0
20230318,서울특별시,11,서대문구,11410,서울특별시,11,강서구,11500,0,0,4,0,10,0,0,0,11,3,0
20230318,서울특별시,11,서대문구,11410,서울특별시,11,양천구,11470,0,3,0,0,10,0,0,0,4,0,0
20230318,서울특별시,11,동작구,11590,서울특별시,11,서초구,11650,0,4,4,0,0,0,3,0,13,4,7
20230318,서울특별시,11,동작구,11590,서울특별시,11,관악구,11620,0,3,16,0,0,0,0,0,14,0,0
20230318,서울특별시,11,동작구,11590,서울특별시,11,동작구,11590,0,0,6,0,0,0,6,0,22,0,0
20230318,서울특별시,11,동작구,11590,서울특별시,11,영등포구,11560,0,0,11,3,0,0,0,0,5,0,0
20230318,서울특별시,11,동작구,11590,서울특별시,11,금천구,11545,0,0,0,0,3,0,3,0,20,7,0
20230318,서울특별시,11,동작구,11590,서울특별시,11,구로구,11530,3,6,5,0,0,0,0,0,9,0,0
20230318,서울특별시,11,동작구,11590,서울특별시,11,강서구,11500,0,4,3,0,0,0,0,0,12,4,0
20230318,서울특별시,11,동작구,11590,서울특별시,11,양천구,11470,0,4,4,0,0,0,0,0,0,3,0
20230318,서울특별시,11,동작구,11590,서울특별시,11,마포구,11440,0,7,0,0,0,0,0,0,13,0,0
20230318,서울특별시,11,동작구,11590,서울특별시,11,서대문구,11410,0,0,0,0,0,0,0,0,0,0,0
20230318,서울특별시,11,용산구,11170,서울특별시,11,강동구,11740,0,0,3,0,0,0,0,0,0,0,0
20230318,서울특별시,11,성동구,11200,서울특별시,11,동대문구,11230,0,0,4,0,0,0,7,0,11,0,70
20230318,서울특별시,11,성동구,11200,서울특별시,11,중랑구,11260,0,0,5,0,0,0,0,0,6,3,0
20230318,서울특별시,11,성동구,11200,서울특별시,11,성북구,11290,0,5,6,0,6,0,4,0,8,4,83
20230318,서울특별시,11,성동구,11200,서울특별시,11,강북구,11305,0,0,0,0,0,0,0,0,4,0,0
20230318,서울특별시,11,성동구,11200,서울특별시,11,도봉구,11320,0,0,0,0,0,0,0,0,5,3,0
20230318,서울특별시,11,성동구,11200,서울특별시,11,노원구,11350,0,0,4,0,0,0,0,0,10,0,0
20230318,서울특별시,11,성동구,11200,서울특별시,11,은평구,11380,0,0,0,0,0,0,0,0,5,0,0
20230318,서울특별시,11,성동구,11200,서울특별시,11,서대문구,11410,0,3,0,0,0,0,0,0,4,0,0
20230318,서울특별시,11,성동구,11200,서울특별시,11,마포구,11440,0,4,6,0,0,0,0,0,38,3,0
20230318,서울특별시,11,성동구,11200,서울특별시,11,양천구,11470,0,4,3,0,0,0,0,0,8,0,0
20230318,서울특별시,11,성동구,11200,서울특별시,11,강서구,11500,0,5,0,0,0,0,0,0,7,3,0
20230318,서울특별시,11,성동구,11200,서울특별시,11,구로구,11530,0,3,0,0,0,0,0,0,6,0,0
20230318,서울특별시,11,성동구,11200,서울특별시,11,금천구,11545,0,0,0,0,0,0,0,0,20,3,0
20230318,서울특별시,11,성동구,11200,서울특별시,11,영등포구,11560,0,5,4,0,0,0,0,0,5,0,0
20230318,서울특별시,11,성동구,11200,서울특별시,11,동작구,11590,0,0,4,0,0,0,0,0,0,4,0
20230318,서울특별시,11,성동구,11200,서울특별시,11,관악구,11620,0,0,3,0,0,0,0,0,8,0,0
20230318,서울특별시,11,성동구,11200,서울특별시,11,서초구,11650,0,0,5,0,3,0,0,0,8,3,0
20230318,서울특별시,11,성동구,11200,서울특별시,11,강남구,11680,0,10,7,3,0,0,0,0,18,6,0
20230318,서울특별시,11,성동구,11200,서울특별시,11,송파구,11710,0,0,8,0,0,0,0,0,11,3,0
20230318,서울특별시,11,성동구,11200,서울특별시,11,강동구,11740,0,0,0,0,0,0,0,0,6,4,0
20230318,서울특별시,11,송파구,11710,서울특별시,11,종로구,11110,0,0,3,0,0,0,0,0,17,0,0
20230318,서울특별시,11,은평구,11380,서울특별시,11,강동구,11740,0,0,0,0,0,0,0,0,4,5,0
20230318,서울특별시,11,은평구,11380,서울특별시,11,송파구,11710,0,8,0,0,0,0,0,0,3,0,0
20230318,서울특별시,11,은평구,11380,서울특별시,11,강남구,11680,0,7,5,0,0,0,3,0,16,0,0
20230318,서울특별시,11,은평구,11380,서울특별시,11,서초구,11650,0,0,0,3,0,0,0,0,4,0,0
20230318,서울특별시,11,은평구,11380,서울특별시,11,관악구,11620,0,0,4,0,0,0,0,0,3,0,0
20230318,서울특별시,11,은평구,11380,서울특별시,11,동작구,11590,0,0,0,0,0,0,0,0,5,0,0
20230318,서울특별시,11,은평구,11380,서울특별시,11,영등포구,11560,0,3,0,0,0,0,0,0,4,0,0
20230318,서울특별시,11,은평구,11380,서울특별시,11,금천구,11545,0,0,0,0,0,0,0,0,16,5,0
20230318,서울특별시,11,은평구,11380,서울특별시,11,구로구,11530,0,0,8,0,0,0,0,0,14,0,0
20230318,서울특별시,11,은평구,11380,서울특별시,11,강서구,11500,0,0,0,4,4,0,0,0,9,0,0
20230318,서울특별시,11,은평구,11380,서울특별시,11,양천구,11470,0,6,0,0,0,0,0,0,5,0,0
20230318,서울특별시,11,은평구,11380,서울특별시,11,마포구,11440,0,3,0,3,0,0,0,0,12,0,0
20230318,서울특별시,11,은평구,11380,서울특별시,11,서대문구,11410,0,0,0,0,0,0,0,5,8,0,0
20230318,서울특별시,11,은평구,11380,서울특별시,11,은평구,11380,0,3,6,0,5,0,16,0,10,0,12
20230318,서울특별시,11,은평구,11380,서울특별시,11,노원구,11350,0,0,3,0,0,0,0,0,3,0,0
20230318,서울특별시,11,은평구,11380,서울특별시,11,도봉구,11320,0,3,0,0,0,0,0,0,5,0,0
20230318,서울특별시,11,은평구,11380,서울특별시,11,강북구,11305,0,0,0,0,0,0,0,0,9,0,0
20230318,서울특별시,11,은평구,11380,서울특별시,11,성북구,11290,0,10,0,0,0,0,0,0,19,3,0
20230318,서울특별시,11,은평구,11380,서울특별시,11,중랑구,11260,0,3,0,0,0,0,0,0,7,5,0
20230318,서울특별시,11,은평구,11380,서울특별시,11,동대문구,11230,0,0,0,0,0,0,0,0,15,0,0
20230318,서울특별시,11,은평구,11380,서울특별시,11,광진구,11215,0,5,3,0,0,0,0,0,4,0,0
20230318,서울특별시,11,은평구,11380,서울특별시,11,성동구,11200,0,3,11,0,0,0,0,0,33,10,0
20230318,서울특별시,11,은평구,11380,서울특별시,11,용산구,11170,0,0,0,0,0,0,0,0,9,3,0
20230318,서울특별시,11,은평구,11380,서울특별시,11,중구,11140,0,6,0,0,0,0,0,0,11,5,0
20230318,서울특별시,11,은평구,11380,서울특별시,11,종로구,11110,0,0,0,0,0,0,0,0,5,3,0
20230318,서울특별시,11,강북구,11305,서울특별시,11,종로구,11110,0,3,0,0,0,0,0,0,5,0,0
20230318,서울특별시,11,강북구,11305,서울특별시,11,중구,11140,0,0,0,0,0,0,0,0,5,0,0
20230318,서울특별시,11,강북구,11305,서울특별시,11,용산구,11170,0,0,0,0,0,0,0,0,5,0,0
20230318,서울특별시,11,송파구,11710,서울특별시,11,중구,11140,0,7,6,0,0,0,0,0,35,4,0
20230318,서울특별시,11,강북구,11305,서울특별시,11,성동구,11200,0,4,0,0,0,0,0,0,20,3,0
20230318,서울특별시,11,강북구,11305,서울특별시,11,광진구,11215,0,0,0,0,0,0,0,0,3,3,0
20230318,서울특별시,11,강북구,11305,서울특별시,11,동대문구,11230,0,0,4,0,0,0,0,0,11,0,0
20230318,서울특별시,11,강북구,11305,서울특별시,11,중랑구,11260,0,3,0,0,0,0,0,0,4,0,0
20230318,서울특별시,11,강북구,11305,서울특별시,11,성북구,11290,0,5,5,0,0,0,0,0,10,0,0
20230318,서울특별시,11,강북구,11305,서울특별시,11,강북구,11305,0,0,0,0,0,0,7,0,5,0,0
20230318,서울특별시,11,강북구,11305,서울특별시,11,도봉구,11320,0,0,0,0,0,0,0,0,0,0,0
20230318,서울특별시,11,강북구,11305,서울특별시,11,노원구,11350,0,0,4,0,0,0,0,0,8,0,0
20230318,서울특별시,11,강북구,11305,서울특별시,11,은평구,11380,0,0,0,0,0,0,0,0,6,0,0
20230318,서울특별시,11,강북구,11305,서울특별시,11,서대문구,11410,0,0,0,0,0,0,0,0,3,0,0
20230318,서울특별시,11,강북구,11305,서울특별시,11,마포구,11440,0,4,3,0,0,0,0,0,4,0,0
20230318,서울특별시,11,강북구,11305,서울특별시,11,양천구,11470,0,0,0,0,0,0,0,0,0,0,0
20230318,서울특별시,11,강북구,11305,서울특별시,11,강서구,11500,0,0,0,0,0,0,0,0,9,0,0
20230318,서울특별시,11,강북구,11305,서울특별시,11,구로구,11530,0,0,0,0,0,0,0,0,8,0,0
20230318,서울특별시,11,강북구,11305,서울특별시,11,금천구,11545,0,0,0,0,0,0,0,0,7,0,0
20230318,서울특별시,11,강북구,11305,서울특별시,11,영등포구,11560,0,3,0,0,0,0,0,0,4,0,0
20230318,서울특별시,11,강북구,11305,서울특별시,11,동작구,11590,0,0,0,0,0,0,0,0,0,0,0
20230318,서울특별시,11,강북구,11305,서울특별시,11,관악구,11620,0,0,3,0,0,0,0,0,5,0,0
20230318,서울특별시,11,강북구,11305,서울특별시,11,서초구,11650,0,0,0,0,0,0,0,0,6,0,0
20230318,서울특별시,11,강북구,11305,서울특별시,11,강남구,11680,0,3,0,0,5,0,0,0,6,0,0
20230318,서울특별시,11,강북구,11305,서울특별시,11,송파구,11710,0,0,0,3,0,0,0,0,4,0,0
20230318,서울특별시,11,강북구,11305,서울특별시,11,강동구,11740,0,0,0,0,0,0,0,0,4,0,0
20230318,서울특별시,11,동작구,11590,서울특별시,11,종로구,11110,0,0,3,0,0,0,0,0,10,4,0
20230318,서울특별시,11,동작구,11590,서울특별시,11,중구,11140,0,7,6,0,0,0,0,0,22,3,0
20230318,서울특별시,11,동작구,11590,서울특별시,11,용산구,11170,0,0,11,6,0,0,0,0,21,0,0
20230318,서울특별시,11,성북구,11290,서울특별시,11,양천구,11470,0,4,3,0,0,0,0,0,6,11,0
20230318,서울특별시,11,성북구,11290,서울특별시,11,강서구,11500,0,3,3,4,0,0,0,0,14,3,0
20230318,서울특별시,11,성북구,11290,서울특별시,11,구로구,11530,0,0,6,0,0,0,0,0,8,0,0
20230318,서울특별시,11,성북구,11290,서울특별시,11,금천구,11545,0,6,0,0,0,0,0,0,20,5,0
20230318,서울특별시,11,성북구,11290,서울특별시,11,영등포구,11560,0,4,4,0,0,0,0,0,4,4,0
20230318,서울특별시,11,성북구,11290,서울특별시,11,동작구,11590,0,0,3,0,0,0,0,0,7,0,0
20230318,서울특별시,11,영등포구,11560,서울특별시,11,종로구,11110,0,4,5,0,6,0,4,0,10,0,0
20230318,서울특별시,11,성북구,11290,서울특별시,11,관악구,11620,0,4,0,0,0,0,0,0,8,4,0
20230318,서울특별시,11,성북구,11290,서울특별시,11,서초구,11650,0,4,4,0,0,0,0,0,10,5,0
20230318,서울특별시,11,성북구,11290,서울특별시,11,강남구,11680,0,20,7,0,0,0,0,0,21,3,0
20230318,서울특별시,11,성북구,11290,서울특별시,11,송파구,11710,0,11,7,0,0,0,0,0,10,3,0
20230318,서울특별시,11,성북구,11290,서울특별시,11,강동구,11740,0,3,3,0,0,0,0,0,4,7,0
20230318,서울특별시,11,송파구,11710,서울특별시,11,용산구,11170,0,7,11,7,3,0,0,0,10,0,0
20230318,서울특별시,11,송파구,11710,서울특별시,11,성동구,11200,0,16,15,4,0,0,0,0,42,16,0
20230318,서울특별시,11,송파구,11710,서울특별시,11,광진구,11215,0,11,6,3,0,0,0,3,14,4,0
20230318,서울특별시,11,송파구,11710,서울특별시,11,동대문구,11230,0,13,13,0,0,0,4,0,24,0,0
20230318,서울특별시,11,송파구,11710,서울특별시,11,중랑구,11260,0,4,7,0,3,0,0,0,13,3,0
20230318,서울특별시,11,서대문구,11410,서울특별시,11,종로구,11110,0,0,0,0,0,0,0,0,3,0,0
20230318,서울특별시,11,서대문구,11410,서울특별시,11,중구,11140,0,0,6,0,0,0,4,0,13,0,0
20230318,서울특별시,11,서대문구,11410,서울특별시,11,용산구,11170,0,0,0,0,4,0,0,0,4,0,0
20230318,서울특별시,11,서대문구,11410,서울특별시,11,성동구,11200,0,7,7,0,8,0,3,0,37,6,0
20230318,서울특별시,11,서대문구,11410,서울특별시,11,광진구,11215,0,3,0,0,3,0,4,0,6,0,0
20230318,서울특별시,11,서대문구,11410,서울특별시,11,동대문구,11230,0,0,3,0,0,0,4,0,10,0,0
20230318,서울특별시,11,서대문구,11410,서울특별시,11,중랑구,11260,0,5,0,0,0,0,0,0,5,0,0
20230318,서울특별시,11,서대문구,11410,서울특별시,11,성북구,11290,0,3,4,0,0,0,0,0,18,5,0
20230318,서울특별시,11,서대문구,11410,서울특별시,11,강북구,11305,0,0,0,0,0,0,3,0,4,0,0
20230318,서울특별시,11,서대문구,11410,서울특별시,11,도봉구,11320,0,0,0,0,0,0,0,0,17,0,0
20230318,서울특별시,11,서대문구,11410,서울특별시,11,노원구,11350,0,0,3,0,4,0,5,0,6,0,0
20230318,서울특별시,11,서대문구,11410,서울특별시,11,은평구,11380,0,0,0,0,0,0,0,0,8,0,0
20230318,서울특별시,11,서대문구,11410,서울특별시,11,서대문구,11410,0,0,0,0,12,0,6,0,8,3,0
20230318,서울특별시,11,서대문구,11410,서울특별시,11,마포구,11440,0,3,0,4,11,0,0,0,12,5,0
20230318,서울특별시,11,동작구,11590,서울특별시,11,성동구,11200,0,11,10,0,4,0,0,0,43,8,0
20230318,서울특별시,11,동작구,11590,서울특별시,11,광진구,11215,0,6,0,0,0,0,0,0,5,0,0
20230318,서울특별시,11,동작구,11590,서울특별시,11,동대문구,11230,0,4,0,0,3,0,0,0,10,0,0
20230318,서울특별시,11,동작구,11590,서울특별시,11,중랑구,11260,0,0,0,0,0,0,0,0,9,0,0
20230318,서울특별시,11,동작구,11590,서울특별시,11,성북구,11290,0,7,8,0,0,0,0,0,32,0,0
20230318,서울특별시,11,동작구,11590,서울특별시,11,강북구,11305,0,0,0,0,0,0,0,0,4,0,0
20230318,서울특별시,11,동작구,11590,서울특별시,11,도봉구,11320,0,5,0,0,0,0,0,0,6,0,0
20230318,서울특별시,11,동작구,11590,서울특별시,11,노원구,11350,0,3,0,0,4,0,0,0,3,0,0
20230318,서울특별시,11,동작구,11590,서울특별시,11,은평구,11380,0,0,0,0,0,0,0,0,4,0,0
20230318,서울특별시,11,송파구,11710,서울특별시,11,성북구,11290,0,6,10,0,0,0,3,0,26,7,3
20230318,서울특별시,11,송파구,11710,서울특별시,11,강북구,11305,0,0,4,0,0,0,0,0,9,6,0
20230318,서울특별시,11,송파구,11710,서울특별시,11,도봉구,11320,0,0,6,0,0,0,0,0,5,4,0
20230318,서울특별시,11,송파구,11710,서울특별시,11,노원구,11350,0,0,13,3,6,0,7,0,6,7,0
20230318,서울특별시,11,송파구,11710,서울특별시,11,은평구,11380,0,0,6,0,5,0,0,0,0,0,0
20230318,서울특별시,11,송파구,11710,서울특별시,11,서대문구,11410,0,3,7,0,7,0,17,0,4,3,0
20230318,서울특별시,11,송파구,11710,서울특별시,11,마포구,11440,0,3,13,0,0,0,0,0,12,6,0
20230318,서울특별시,11,송파구,11710,서울특별시,11,양천구,11470,0,7,10,0,0,0,0,0,0,7,0
20230318,서울특별시,11,송파구,11710,서울특별시,11,강서구,11500,4,0,16,0,8,0,0,0,20,8,0
20230318,서울특별시,11,송파구,11710,서울특별시,11,구로구,11530,0,3,14,0,3,0,0,0,15,3,0
20230318,서울특별시,11,송파구,11710,서울특별시,11,금천구,11545,0,7,6,4,4,0,0,3,44,23,0
20230318,서울특별시,11,송파구,11710,서울특별시,11,영등포구,11560,0,9,10,5,0,0,0,0,12,9,0
20230318,서울특별시,11,송파구,11710,서울특별시,11,동작구,11590,0,3,13,0,0,0,0,0,3,5,0
20230318,서울특별시,11,송파구,11710,서울특별시,11,관악구,11620,0,0,15,0,4,0,0,0,5,11,0
20230318,서울특별시,11,종로구,11110,서울특별시,11,종로구,11110,0,6,14,0,0,0,0,0,9,0,3
20230318,서울특별시,11,종로구,11110,서울특별시,11,중구,11140,0,0,4,0,0,0,0,0,4,0,0
20230318,서울특별시,11,종로구,11110,서울특별시,11,용산구,11170,0,3,0,4,0,0,0,0,6,0,0
20230318,서울특별시,11,종로구,11110,서울특별시,11,성동구,11200,0,4,5,0,3,0,0,0,14,5,0
20230318,서울특별시,11,종로구,11110,서울특별시,11,광진구,11215,0,4,0,0,0,0,0,0,0,0,0
20230318,서울특별시,11,종로구,11110,서울특별시,11,동대문구,11230,0,3,5,0,0,0,0,0,8,0,0
20230318,서울특별시,11,송파구,11710,서울특별시,11,서초구,11650,0,6,12,4,0,0,0,0,16,5,0
20230318,서울특별시,11,송파구,11710,서울특별시,11,강남구,11680,0,34,23,5,5,0,0,0,27,6,0
20230318,서울특별시,11,송파구,11710,서울특별시,11,송파구,11710,0,18,26,3,10,0,11,3,43,8,0
20230318,서울특별시,11,송파구,11710,서울특별시,11,강동구,11740,0,4,11,0,3,0,0,0,14,10,7
20230318,서울특별시,11,양천구,11470,서울특별시,11,강동구,11740,0,0,0,0,0,0,0,0,0,0,0
20230318,서울특별시,11,양천구,11470,서울특별시,11,송파구,11710,0,11,0,0,0,0,3,0,4,0,0
20230318,서울특별시,11,양천구,11470,서울특별시,11,강남구,11680,0,19,9,0,0,3,0,0,11,3,0
20230318,서울특별시,11,양천구,11470,서울특별시,11,서초구,11650,0,0,0,0,0,0,0,0,4,0,0
20230318,서울특별시,11,양천구,11470,서울특별시,11,관악구,11620,0,0,3,0,0,0,0,0,4,0,0
20230318,서울특별시,11,양천구,11470,서울특별시,11,동작구,11590,0,3,0,0,0,0,0,0,0,0,0
20230318,서울특별시,11,양천구,11470,서울특별시,11,영등포구,11560,0,5,6,0,0,0,0,0,12,0,0
20230318,서울특별시,11,양천구,11470,서울특별시,11,금천구,11545,0,0,0,0,0,0,0,0,14,7,0
20230318,서울특별시,11,양천구,11470,서울특별시,11,구로구,11530,0,0,6,4,3,0,3,0,8,0,0
20230318,서울특별시,11,양천구,11470,서울특별시,11,강서구,11500,0,0,5,0,0,0,10,0,10,0,0
20230318,서울특별시,11,용산구,11170,서울특별시,11,동대문구,11230,0,3,0,0,0,0,0,0,11,0,0
20230318,서울특별시,11,용산구,11170,서울특별시,11,중랑구,11260,0,0,0,0,0,0,0,0,9,0,0
20230318,서울특별시,11,용산구,11170,서울특별시,11,성북구,11290,0,3,3,0,0,0,0,0,6,3,0
20230318,서울특별시,11,용산구,11170,서울특별시,11,강북구,11305,0,0,0,0,0,0,0,0,4,0,0
20230318,서울특별시,11,용산구,11170,서울특별시,11,도봉구,11320,0,0,0,0,0,0,0,0,9,0,0
20230318,서울특별시,11,성동구,11200,서울특별시,11,용산구,11170,0,0,5,7,0,0,0,0,13,0,0
20230318,서울특별시,11,동대문구,11230,서울특별시,11,종로구,11110,0,13,0,0,8,0,0,0,4,0,0
20230318,서울특별시,11,동대문구,11230,서울특별시,11,중구,11140,0,11,0,0,12,0,0,0,14,3,0
20230318,서울특별시,11,동대문구,11230,서울특별시,11,용산구,11170,0,21,0,3,11,0,0,0,9,3,0
20230318,서울특별시,11,동대문구,11230,서울특별시,11,성동구,11200,0,26,4,0,10,0,3,0,40,8,0
20230318,서울특별시,11,양천구,11470,서울특별시,11,양천구,11470,0,0,6,0,3,0,8,0,13,0,0
20230318,서울특별시,11,동대문구,11230,서울특별시,11,광진구,11215,0,32,3,0,19,0,0,0,10,0,0
20230318,서울특별시,11,동대문구,11230,서울특별시,11,동대문구,11230,0,59,4,0,13,0,5,0,25,0,0
20230318,서울특별시,11,동대문구,11230,서울특별시,11,중랑구,11260,0,72,0,0,31,0,0,0,10,0,0
20230318,서울특별시,11,동대문구,11230,서울특별시,11,성북구,11290,0,91,0,0,21,0,0,0,11,3,0
20230318,서울특별시,11,동대문구,11230,서울특별시,11,강북구,11305,0,46,0,0,11,0,0,0,6,0,0
20230318,서울특별시,11,동대문구,11230,서울특별시,11,도봉구,11320,0,45,0,0,13,0,0,0,6,0,0
20230318,서울특별시,11,동대문구,11230,서울특별시,11,노원구,11350,0,75,0,0,13,0,0,0,7,0,0
20230318,서울특별시,11,동대문구,11230,서울특별시,11,은평구,11380,0,68,0,0,23,0,0,0,3,0,0
20230318,서울특별시,11,동대문구,11230,서울특별시,11,서대문구,11410,0,35,0,0,11,0,0,0,6,0,0
20230318,서울특별시,11,동대문구,11230,서울특별시,11,마포구,11440,0,35,0,0,18,0,0,0,13,0,0
20230318,서울특별시,11,동대문구,11230,서울특별시,11,양천구,11470,0,73,3,0,20,0,0,0,0,0,0
20230318,서울특별시,11,동대문구,11230,서울특별시,11,강서구,11500,0,79,3,0,22,0,0,0,12,0,0
20230318,서울특별시,11,동대문구,11230,서울특별시,11,구로구,11530,0,72,0,3,23,0,0,0,8,0,0
20230318,서울특별시,11,동대문구,11230,서울특별시,11,금천구,11545,0,27,3,0,16,0,0,0,12,7,0
20230318,서울특별시,11,중구,11140,서울특별시,11,종로구,11110,0,18,0,4,12,0,0,0,11,4,0
20230318,서울특별시,11,중구,11140,서울특별시,11,중구,11140,0,28,7,0,12,0,5,0,13,4,0
20230318,서울특별시,11,중구,11140,서울특별시,11,용산구,11170,0,13,6,0,9,0,3,0,9,0,3
20230318,서울특별시,11,중구,11140,서울특별시,11,성동구,11200,0,15,5,0,10,0,0,0,36,4,0
20230318,서울특별시,11,중구,11140,서울특별시,11,광진구,11215,0,4,3,0,6,0,0,0,13,0,0
20230318,서울특별시,11,중구,11140,서울특별시,11,동대문구,11230,0,8,0,0,5,0,0,0,9,5,0
20230318,서울특별시,11,중구,11140,서울특별시,11,중랑구,11260,0,5,0,0,7,0,0,0,6,0,0
20230318,서울특별시,11,중구,11140,서울특별시,11,성북구,11290,0,6,0,0,6,0,0,0,11,0,3
20230318,서울특별시,11,중구,11140,서울특별시,11,강북구,11305,0,0,0,0,0,0,0,0,3,0,0
20230318,서울특별시,11,중구,11140,서울특별시,11,도봉구,11320,0,0,0,0,0,0,0,0,7,0,0
20230318,서울특별시,11,중구,11140,서울특별시,11,노원구,11350,0,3,3,0,3,0,0,0,11,0,3
20230318,서울특별시,11,중구,11140,서울특별시,11,은평구,11380,0,0,0,0,7,0,0,0,6,0,0
20230318,서울특별시,11,중구,11140,서울특별시,11,서대문구,11410,0,4,0,0,4,0,0,0,8,0,7
20230318,서울특별시,11,중구,11140,서울특별시,11,마포구,11440,0,8,0,0,13,0,0,0,13,4,0
20230318,서울특별시,11,중구,11140,서울특별시,11,양천구,11470,0,0,0,0,4,0,0,0,8,0,0
20230318,서울특별시,11,중구,11140,서울특별시,11,강서구,11500,0,8,0,0,8,0,0,0,12,0,3
20230318,서울특별시,11,중구,11140,서울특별시,11,구로구,11530,0,5,4,0,3,0,0,0,13,0,3
20230318,서울특별시,11,중구,11140,서울특별시,11,금천구,11545,0,0,6,0,13,0,0,0,10,0,0
20230318,서울특별시,11,중구,11140,서울특별시,11,영등포구,11560,0,4,0,3,12,0,0,0,15,0,0
20230318,서울특별시,11,중구,11140,서울특별시,11,동작구,11590,0,0,0,0,0,0,0,0,8,0,0
20230318,서울특별시,11,양천구,11470,서울특별시,11,마포구,11440,0,0,0,3,0,0,0,0,7,0,0
20230318,서울특별시,11,양천구,11470,서울특별시,11,서대문구,11410,0,0,0,0,0,0,0,0,0,0,0
20230318,서울특별시,11,양천구,11470,서울특별시,11,은평구,11380,0,0,0,0,0,0,0,0,4,0,0
20230318,서울특별시,11,양천구,11470,서울특별시,11,노원구,11350,0,0,5,0,0,0,0,0,0,0,0
20230318,서울특별시,11,양천구,11470,서울특별시,11,도봉구,11320,0,0,0,0,0,0,0,0,4,0,0
20230318,서울특별시,11,양천구,11470,서울특별시,11,강북구,11305,0,0,0,0,0,0,0,0,0,0,0
20230318,서울특별시,11,양천구,11470,서울특별시,11,성북구,11290,0,5,4,0,0,0,0,0,14,3,3
20230318,서울특별시,11,양천구,11470,서울특별시,11,중랑구,11260,0,0,0,0,0,0,0,0,8,0,0
20230318,서울특별시,11,양천구,11470,서울특별시,11,동대문구,11230,0,6,0,0,0,0,0,0,15,0,0
20230318,서울특별시,11,양천구,11470,서울특별시,11,광진구,11215,0,7,0,0,0,0,0,0,12,0,0
20230318,서울특별시,11,중구,11140,서울특별시,11,관악구,11620,0,4,0,0,3,0,0,0,9,3,0
20230318,서울특별시,11,중구,11140,서울특별시,11,서초구,11650,0,3,5,0,11,0,0,0,10,0,5
20230318,서울특별시,11,중구,11140,서울특별시,11,강남구,11680,0,7,7,4,30,0,0,0,15,6,0
20230318,서울특별시,11,중구,11140,서울특별시,11,송파구,11710,0,0,6,0,16,0,0,0,15,0,0
20230318,서울특별시,11,중구,11140,서울특별시,11,강동구,11740,0,0,3,0,8,0,0,0,10,4,0
20230318,서울특별시,11,동대문구,11230,서울특별시,11,영등포구,11560,0,65,3,0,8,0,0,0,4,0,0
20230318,서울특별시,11,양천구,11470,서울특별시,11,성동구,11200,0,9,4,0,0,0,0,0,31,7,0
20230318,서울특별시,11,양천구,11470,서울특별시,11,용산구,11170,0,0,4,3,0,0,0,0,3,4,0
20230318,서울특별시,11,양천구,11470,서울특별시,11,중구,11140,0,6,0,0,0,0,0,0,11,4,0
20230318,서울특별시,11,양천구,11470,서울특별시,11,종로구,11110,0,0,0,0,0,0,0,0,8,0,0
20230318,서울특별시,11,광진구,11215,서울특별시,11,종로구,11110,0,0,0,0,0,0,0,0,14,0,0
20230318,서울특별시,11,광진구,11215,서울특별시,11,중구,11140,0,3,3,0,0,0,0,0,16,0,0
20230318,서울특별시,11,광진구,11215,서울특별시,11,용산구,11170,0,0,0,8,0,0,0,0,17,0,0
20230318,서울특별시,11,광진구,11215,서울특별시,11,성동구,11200,0,17,14,0,0,0,0,0,54,8,0
20230318,서울특별시,11,종로구,11110,서울특별시,11,중랑구,11260,0,5,0,0,0,0,0,0,0,0,0
20230318,서울특별시,11,종로구,11110,서울특별시,11,성북구,11290,0,0,0,3,3,0,0,5,4,0,0
20230318,서울특별시,11,종로구,11110,서울특별시,11,강북구,11305,0,4,0,0,0,0,0,0,6,0,0
20230318,서울특별시,11,종로구,11110,서울특별시,11,도봉구,11320,0,3,0,0,5,0,0,0,3,0,0
20230318,서울특별시,11,구로구,11530,서울특별시,11,강동구,11740,0,33,0,3,0,0,0,0,43,19,0
20230318,서울특별시,11,구로구,11530,서울특별시,11,송파구,11710,0,49,3,0,6,3,0,4,70,20,0
20230318,서울특별시,11,구로구,11530,서울특별시,11,강남구,11680,0,41,4,3,4,0,0,0,56,18,6
20230318,서울특별시,11,구로구,11530,서울특별시,11,서초구,11650,0,29,0,4,5,0,0,0,45,13,0
20230318,서울특별시,11,구로구,11530,서울특별시,11,관악구,11620,0,49,0,0,5,0,0,0,73,20,0
20230318,서울특별시,11,구로구,11530,서울특별시,11,동작구,11590,0,33,3,0,0,0,0,0,52,16,0
20230318,서울특별시,11,구로구,11530,서울특별시,11,영등포구,11560,0,43,0,3,8,0,0,0,43,17,0
20230318,서울특별시,11,구로구,11530,서울특별시,11,금천구,11545,0,22,7,3,7,0,0,0,62,10,0
20230318,서울특별시,11,구로구,11530,서울특별시,11,구로구,11530,0,261,0,5,6,0,0,0,56,15,0
20230318,서울특별시,11,구로구,11530,서울특별시,11,강서구,11500,0,56,4,4,4,0,0,0,77,21,0
20230318,서울특별시,11,구로구,11530,서울특별시,11,양천구,11470,0,252,0,4,3,0,0,0,61,12,0
20230318,서울특별시,11,구로구,11530,서울특별시,11,마포구,11440,0,29,3,4,3,0,0,0,40,22,0
20230318,서울특별시,11,구로구,11530,서울특별시,11,서대문구,11410,0,27,0,3,0,0,0,0,39,8,0
20230318,서울특별시,11,구로구,11530,서울특별시,11,은평구,11380,0,36,0,4,3,0,0,0,42,10,0
20230318,서울특별시,11,구로구,11530,서울특별시,11,노원구,11350,0,22,0,3,3,0,0,0,46,7,0
20230318,서울특별시,11,구로구,11530,서울특별시,11,도봉구,11320,0,20,0,3,3,0,0,0,28,9,0
20230318,서울특별시,11,구로구,11530,서울특별시,11,강북구,11305,0,17,0,5,0,0,0,0,29,5,0
20230318,서울특별시,11,구로구,11530,서울특별시,11,성북구,11290,0,34,0,0,4,0,0,0,74,14,0
20230318,서울특별시,11,구로구,11530,서울특별시,11,중랑구,11260,0,43,0,0,3,0,0,0,45,13,0
20230318,서울특별시,11,구로구,11530,서울특별시,11,동대문구,11230,0,29,0,0,4,0,0,0,58,10,0
20230318,서울특별시,11,구로구,11530,서울특별시,11,광진구,11215,0,38,0,0,7,0,0,0,52,11,0
20230318,서울특별시,11,구로구,11530,서울특별시,11,성동구,11200,0,201,13,0,0,0,0,0,54,7,0
20230318,서울특별시,11,구로구,11530,서울특별시,11,용산구,11170,0,14,0,11,3,0,0,0,30,7,0
20230318,서울특별시,11,구로구,11530,서울특별시,11,중구,11140,0,13,0,0,0,0,0,0,30,9,0
20230318,서울특별시,11,구로구,11530,서울특별시,11,종로구,11110,0,15,0,0,0,0,0,0,16,6,0
20230318,서울특별시,11,도봉구,11320,서울특별시,11,강동구,11740,0,0,0,0,0,0,0,0,0,5,0
20230318,서울특별시,11,도봉구,11320,서울특별시,11,송파구,11710,0,0,0,0,0,0,0,0,3,0,0
20230318,서울특별시,11,도봉구,11320,서울특별시,11,강남구,11680,0,13,0,0,0,0,0,0,4,0,0
20230318,서울특별시,11,종로구,11110,서울특별시,11,마포구,11440,0,5,4,0,0,0,0,0,6,0,0
20230318,서울특별시,11,종로구,11110,서울특별시,11,서대문구,11410,0,0,4,0,0,0,0,0,0,0,0
20230318,서울특별시,11,종로구,11110,서울특별시,11,은평구,11380,0,4,0,0,0,0,0,0,6,0,0
20230318,서울특별시,11,종로구,11110,서울특별시,11,노원구,11350,0,3,0,0,3,0,0,0,0,0,0
20230318,서울특별시,11,도봉구,11320,서울특별시,11,서초구,11650,0,3,0,0,0,0,0,0,4,0,0
20230318,서울특별시,11,도봉구,11320,서울특별시,11,관악구,11620,0,0,0,0,0,3,0,0,0,0,0
20230318,서울특별시,11,도봉구,11320,서울특별시,11,동작구,11590,0,0,4,0,0,0,0,0,0,0,0
20230318,서울특별시,11,도봉구,11320,서울특별시,11,영등포구,11560,0,8,0,0,0,0,0,0,0,0,0
20230318,서울특별시,11,광진구,11215,서울특별시,11,광진구,11215,0,4,6,0,8,0,8,0,11,0,0
20230318,서울특별시,11,광진구,11215,서울특별시,11,동대문구,11230,0,0,3,3,0,0,0,0,17,0,0
20230318,서울특별시,11,광진구,11215,서울특별시,11,중랑구,11260,0,0,3,0,0,0,0,0,9,0,0
20230318,서울특별시,11,광진구,11215,서울특별시,11,성북구,11290,0,3,4,0,5,0,0,0,20,4,0
20230318,서울특별시,11,광진구,11215,서울특별시,11,강북구,11305,0,0,3,0,0,0,0,0,0,0,0
20230318,서울특별시,11,광진구,11215,서울특별시,11,도봉구,11320,0,0,0,0,6,0,0,0,10,0,0
20230318,서울특별시,11,중랑구,11260,서울특별시,11,종로구,11110,0,0,3,0,5,0,0,0,3,0,0
20230318,서울특별시,11,중랑구,11260,서울특별시,11,중구,11140,0,4,0,0,9,0,0,0,15,5,0
20230318,서울특별시,11,중랑구,11260,서울특별시,11,용산구,11170,0,0,0,6,0,0,0,0,8,0,0
20230318,서울특별시,11,중랑구,11260,서울특별시,11,성동구,11200,0,4,7,5,0,0,0,0,35,12,0
20230318,서울특별시,11,중랑구,11260,서울특별시,11,광진구,11215,0,0,4,0,3,0,0,0,5,0,0
20230318,서울특별시,11,광진구,11215,서울특별시,11,노원구,11350,0,0,7,0,4,0,0,0,3,0,0
20230318,서울특별시,11,광진구,11215,서울특별시,11,은평구,11380,0,0,0,0,0,0,0,0,8,0,0
20230318,서울특별시,11,광진구,11215,서울특별시,11,서대문구,11410,0,3,0,0,3,0,0,0,6,3,0
20230318,서울특별시,11,광진구,11215,서울특별시,11,마포구,11440,0,3,3,4,3,0,0,0,11,4,0
20230318,서울특별시,11,도봉구,11320,서울특별시,11,금천구,11545,0,0,0,3,0,0,0,0,6,4,0
20230318,서울특별시,11,도봉구,11320,서울특별시,11,구로구,11530,0,0,0,3,0,0,0,0,5,0,0
20230318,서울특별시,11,도봉구,11320,서울특별시,11,강서구,11500,0,0,5,3,0,0,0,0,5,4,0
20230318,서울특별시,11,도봉구,11320,서울특별시,11,양천구,11470,0,0,0,0,0,0,0,0,3,0,0
20230318,서울특별시,11,도봉구,11320,서울특별시,11,마포구,11440,0,0,4,0,0,0,0,0,4,0,0
20230318,서울특별시,11,도봉구,11320,서울특별시,11,서대문구,11410,0,0,0,0,0,0,0,0,0,0,0
20230318,서울특별시,11,도봉구,11320,서울특별시,11,은평구,11380,0,0,4,0,0,0,0,0,0,0,0
20230318,서울특별시,11,도봉구,11320,서울특별시,11,노원구,11350,0,3,0,0,0,0,0,0,4,0,0
20230318,서울특별시,11,도봉구,11320,서울특별시,11,도봉구,11320,0,0,5,0,0,0,4,0,3,0,0
20230318,서울특별시,11,도봉구,11320,서울특별시,11,강북구,11305,0,0,5,0,0,0,3,0,6,0,0
20230318,서울특별시,11,도봉구,11320,서울특별시,11,성북구,11290,0,5,0,0,0,0,0,0,10,3,0
20230318,서울특별시,11,도봉구,11320,서울특별시,11,중랑구,11260,0,0,0,0,0,0,0,0,0,0,0
20230318,서울특별시,11,도봉구,11320,서울특별시,11,동대문구,11230,0,4,0,0,0,0,0,0,13,0,0
20230318,서울특별시,11,도봉구,11320,서울특별시,11,광진구,11215,0,0,3,0,0,0,0,0,3,0,0
20230318,서울특별시,11,도봉구,11320,서울특별시,11,성동구,11200,0,7,5,4,0,0,0,0,16,4,0
20230318,서울특별시,11,도봉구,11320,서울특별시,11,용산구,11170,0,0,0,4,0,0,0,0,4,0,0
20230318,서울특별시,11,도봉구,11320,서울특별시,11,중구,11140,0,0,0,0,0,0,0,0,9,0,0
20230318,서울특별시,11,도봉구,11320,서울특별시,11,종로구,11110,0,0,0,0,0,0,0,0,7,0,0
20230318,서울특별시,11,광진구,11215,서울특별시,11,양천구,11470,0,26,4,0,4,0,0,0,3,0,0
20230318,서울특별시,11,광진구,11215,서울특별시,11,강서구,11500,0,4,6,5,5,0,0,0,7,4,0
20230318,서울특별시,11,노원구,11350,서울특별시,11,종로구,11110,0,0,0,0,0,0,0,0,7,0,0
20230318,서울특별시,11,노원구,11350,서울특별시,11,중구,11140,0,3,4,0,0,0,0,0,13,0,0
20230318,서울특별시,11,노원구,11350,서울특별시,11,용산구,11170,0,0,0,4,0,0,0,0,5,0,0
20230318,서울특별시,11,노원구,11350,서울특별시,11,성동구,11200,0,6,5,0,4,0,3,0,31,4,0
20230318,서울특별시,11,노원구,11350,서울특별시,11,광진구,11215,0,3,0,0,0,0,0,0,6,0,0
20230318,서울특별시,11,노원구,11350,서울특별시,11,동대문구,11230,0,4,0,0,0,0,0,0,13,0,0
20230318,서울특별시,11,노원구,11350,서울특별시,11,중랑구,11260,0,3,4,0,3,0,0,0,9,0,0
20230318,서울특별시,11,노원구,11350,서울특별시,11,성북구,11290,0,6,0,0,0,0,0,0,25,0,0
20230318,서울특별시,11,노원구,11350,서울특별시,11,강북구,11305,0,0,3,0,0,0,0,0,7,0,0
20230318,서울특별시,11,노원구,11350,서울특별시,11,도봉구,11320,0,4,6,0,0,0,0,0,9,0,0
20230318,서울특별시,11,노원구,11350,서울특별시,11,노원구,11350,0,0,9,0,7,0,9,0,15,4,0
20230318,서울특별시,11,노원구,11350,서울특별시,11,은평구,11380,0,0,0,0,0,0,0,0,5,0,0
20230318,서울특별시,11,노원구,11350,서울특별시,11,서대문구,11410,0,3,0,0,0,0,3,0,0,0,0
20230318,서울특별시,11,노원구,11350,서울특별시,11,마포구,11440,0,3,6,0,4,0,0,0,6,0,3
20230318,서울특별시,11,노원구,11350,서울특별시,11,양천구,11470,0,3,0,0,0,0,0,0,0,0,0
20230318,서울특별시,11,광진구,11215,서울특별시,11,구로구,11530,0,0,0,0,3,0,0,0,5,0,0
20230318,서울특별시,11,광진구,11215,서울특별시,11,금천구,11545,0,0,0,3,0,0,0,0,18,3,0
20230318,서울특별시,11,광진구,11215,서울특별시,11,영등포구,11560,0,4,4,7,0,0,0,0,3,0,0
20230318,서울특별시,11,광진구,11215,서울특별시,11,동작구,11590,0,0,0,0,3,0,0,0,7,3,0
20230318,서울특별시,11,광진구,11215,서울특별시,11,관악구,11620,0,0,0,0,7,0,3,0,5,0,0
20230318,서울특별시,11,광진구,11215,서울특별시,11,서초구,11650,0,4,0,0,0,0,0,0,7,3,0
20230318,서울특별시,11,광진구,11215,서울특별시,11,강남구,11680,0,10,10,3,0,0,0,0,12,0,0
20230318,서울특별시,11,광진구,11215,서울특별시,11,송파구,11710,0,0,9,3,5,0,0,0,9,0,0
20230318,서울특별시,11,광진구,11215,서울특별시,11,강동구,11740,0,4,4,3,0,0,0,0,0,0,0
20230318,서울특별시,11,노원구,11350,서울특별시,11,강서구,11500,0,0,0,3,4,0,10,0,0,4,0
20230318,서울특별시,11,노원구,11350,서울특별시,11,구로구,11530,0,0,0,0,0,0,0,0,7,0,0
20230318,서울특별시,11,중랑구,11260,서울특별시,11,강동구,11740,0,0,0,0,6,0,0,0,4,5,0
20230318,서울특별시,11,중랑구,11260,서울특별시,11,송파구,11710,0,0,3,0,9,0,0,0,6,0,0
20230318,서울특별시,11,중랑구,11260,서울특별시,11,강남구,11680,0,17,6,0,10,0,3,0,9,0,0
20230318,서울특별시,11,중랑구,11260,서울특별시,11,서초구,11650,0,4,0,0,6,0,0,0,0,0,0
20230318,서울특별시,11,중랑구,11260,서울특별시,11,관악구,11620,0,3,0,0,4,0,0,0,5,0,0
20230318,서울특별시,11,중랑구,11260,서울특별시,11,동작구,11590,0,0,3,0,5,0,0,0,5,0,0
20230318,서울특별시,11,중랑구,11260,서울특별시,11,영등포구,11560,0,0,0,0,5,0,0,0,0,4,0
20230318,서울특별시,11,중랑구,11260,서울특별시,11,금천구,11545,0,0,0,0,0,0,0,0,13,3,4
20230318,서울특별시,11,중랑구,11260,서울특별시,11,구로구,11530,0,0,0,0,0,0,0,0,6,3,0
20230318,서울특별시,11,중랑구,11260,서울특별시,11,강서구,11500,0,0,0,0,5,0,0,0,9,0,0
20230318,서울특별시,11,중랑구,11260,서울특별시,11,양천구,11470,0,0,0,0,0,0,0,0,3,0,0
20230318,서울특별시,11,중랑구,11260,서울특별시,11,마포구,11440,0,0,0,0,4,0,0,0,6,0,0
20230318,서울특별시,11,중랑구,11260,서울특별시,11,서대문구,11410,0,0,0,0,3,0,0,0,3,0,0
20230318,서울특별시,11,중랑구,11260,서울특별시,11,은평구,11380,0,0,0,0,6,0,0,0,5,0,0
20230318,서울특별시,11,중랑구,11260,서울특별시,11,노원구,11350,0,0,0,0,4,0,0,0,7,0,0
20230318,서울특별시,11,중랑구,11260,서울특별시,11,도봉구,11320,0,0,5,0,0,0,0,0,0,0,0
20230318,서울특별시,11,중랑구,11260,서울특별시,11,강북구,11305,0,0,0,0,0,0,0,0,7,0,0
20230318,서울특별시,11,중랑구,11260,서울특별시,11,성북구,11290,0,4,0,0,0,0,0,0,22,0,3
20230318,서울특별시,11,중랑구,11260,서울특별시,11,중랑구,11260,0,3,6,0,5,0,8,0,4,3,0
20230318,서울특별시,11,중랑구,11260,서울특별시,11,동대문구,11230,0,0,4,0,3,0,0,0,10,0,0
20230318,서울특별시,11,노원구,11350,서울특별시,11,금천구,11545,0,18,0,0,0,0,0,0,21,5,0
20230318,서울특별시,11,노원구,11350,서울특별시,11,영등포구,11560,0,3,0,0,0,0,0,0,0,4,0
20230318,서울특별시,11,노원구,11350,서울특별시,11,동작구,11590,0,0,0,0,0,0,0,0,7,0,0
20230318,서울특별시,11,노원구,11350,서울특별시,11,관악구,11620,0,0,0,0,0,0,4,0,0,0,0
20230318,서울특별시,11,노원구,11350,서울특별시,11,서초구,11650,0,3,0,0,4,0,0,0,5,0,0
20230318,서울특별시,11,노원구,11350,서울특별시,11,강남구,11680,0,14,0,4,4,0,0,0,8,0,0
20230318,서울특별시,11,노원구,11350,서울특별시,11,송파구,11710,0,0,3,0,4,0,0,0,12,3,0
20230318,서울특별시,11,노원구,11350,서울특별시,11,강동구,11740,0,4,0,0,3,0,0,0,0,4,0
20230318,서울특별시,11,강남구,11680,서울특별시,11,종로구,11110,0,6,6,0,4,0,0,0,27,0,0
20230318,서울특별시,11,강남구,11680,서울특별시,11,중구,11140,0,3,9,0,9,0,0,0,45,6,3
20230318,서울특별시,11,강남구,11680,서울특별시,11,용산구,11170,0,3,6,10,17,0,0,0,45,3,0
20230318,서울특별시,11,강남구,11680,서울특별시,11,성동구,11200,0,22,18,0,7,0,0,3,89,22,10
20230318,서울특별시,11,강남구,11680,서울특별시,11,광진구,11215,0,4,8,4,6,0,3,0,54,4,3
20230318,서울특별시,11,금천구,11545,서울특별시,11,종로구,11110,0,5,5,0,0,0,7,0,29,21,6
20230318,서울특별시,11,금천구,11545,서울특별시,11,중구,11140,0,6,8,0,4,11,5,0,34,23,10
20230318,서울특별시,11,금천구,11545,서울특별시,11,용산구,11170,0,7,7,7,0,0,6,4,26,19,13
20230318,서울특별시,11,금천구,11545,서울특별시,11,성동구,11200,0,19,22,5,14,5,0,23,60,37,8
20230318,서울특별시,11,금천구,11545,서울특별시,11,광진구,11215,0,6,6,4,5,0,0,5,38,19,9
20230318,서울특별시,11,금천구,11545,서울특별시,11,동대문구,11230,5,9,12,10,5,4,6,8,61,76,16
20230318,서울특별시,11,금천구,11545,서울특별시,11,중랑구,11260,0,9,10,0,0,0,0,10,51,20,8
20230318,서울특별시,11,금천구,11545,서울특별시,11,성북구,11290,0,14,7,0,0,11,7,6,70,35,18
20230318,서울특별시,11,금천구,11545,서울특별시,11,강북구,11305,0,6,0,0,0,4,3,10,33,11,4
20230318,서울특별시,11,동대문구,11230,서울특별시,11,동작구,11590,0,29,0,0,24,0,0,0,3,0,0
20230318,서울특별시,11,강남구,11680,서울특별시,11,동대문구,11230,0,5,10,0,7,0,0,0,59,5,4
20230318,서울특별시,11,강남구,11680,서울특별시,11,중랑구,11260,0,8,6,3,0,0,3,0,54,6,4
20230318,서울특별시,11,강남구,11680,서울특별시,11,성북구,11290,0,19,8,0,4,0,0,0,82,5,3
20230318,서울특별시,11,강남구,11680,서울특별시,11,강북구,11305,0,0,4,0,0,0,0,0,44,4,3
20230318,서울특별시,11,강남구,11680,서울특별시,11,도봉구,11320,0,0,0,3,4,0,0,0,43,6,0
20230318,서울특별시,11,강남구,11680,서울특별시,11,노원구,11350,0,4,8,0,7,0,0,0,63,0,0
20230318,서울특별시,11,강남구,11680,서울특별시,11,은평구,11380,0,0,0,0,6,0,0,0,66,0,3
20230318,서울특별시,11,강남구,11680,서울특별시,11,서대문구,11410,0,0,0,0,8,3,0,0,49,3,4
20230318,서울특별시,11,강남구,11680,서울특별시,11,마포구,11440,0,3,9,3,14,0,4,0,64,9,6
20230318,서울특별시,11,강남구,11680,서울특별시,11,양천구,11470,0,3,5,0,17,0,0,0,58,3,0
20230318,서울특별시,11,강남구,11680,서울특별시,11,강서구,11500,0,13,7,7,17,0,0,0,74,11,11
20230318,서울특별시,11,강남구,11680,서울특별시,11,구로구,11530,0,8,6,0,11,0,0,0,59,0,3
20230318,서울특별시,11,강남구,11680,서울특별시,11,금천구,11545,0,12,6,0,8,0,0,0,66,7,0
20230318,서울특별시,11,동대문구,11230,서울특별시,11,관악구,11620,0,44,4,3,22,0,0,0,11,0,0
20230318,서울특별시,11,동대문구,11230,서울특별시,11,서초구,11650,0,78,3,0,28,0,0,0,7,0,0
20230318,서울특별시,11,동대문구,11230,서울특별시,11,강남구,11680,0,72,3,4,24,0,0,0,6,0,5
20230318,서울특별시,11,동대문구,11230,서울특별시,11,송파구,11710,0,104,0,0,52,0,0,0,9,0,0
20230318,서울특별시,11,동대문구,11230,서울특별시,11,강동구,11740,4,94,0,0,41,0,0,0,6,0,0
20230318,서울특별시,11,강남구,11680,서울특별시,11,영등포구,11560,0,8,3,0,13,0,0,0,49,4,8
20230318,서울특별시,11,강남구,11680,서울특별시,11,동작구,11590,0,7,8,0,15,0,0,0,55,0,0
20230318,서울특별시,11,강남구,11680,서울특별시,11,관악구,11620,0,4,6,4,6,0,3,0,97,0,6
20230318,서울특별시,11,강남구,11680,서울특별시,11,서초구,11650,0,13,17,0,19,0,6,0,63,6,74
20230318,서울특별시,11,강남구,11680,서울특별시,11,강남구,11680,3,27,34,10,42,3,21,0,125,17,130
20230318,서울특별시,11,강남구,11680,서울특별시,11,송파구,11710,0,10,13,7,22,0,12,0,107,5,120
20230318,서울특별시,11,강남구,11680,서울특별시,11,강동구,11740,0,7,5,0,11,0,4,0,53,8,3
20230318,서울특별시,11,종로구,11110,서울특별시,11,양천구,11470,0,0,0,0,0,0,0,0,0,0,0
20230318,서울특별시,11,종로구,11110,서울특별시,11,강서구,11500,0,9,0,0,0,0,0,0,4,0,0
20230318,서울특별시,11,종로구,11110,서울특별시,11,구로구,11530,0,0,0,0,0,0,0,0,5,0,0
20230318,서울특별시,11,종로구,11110,서울특별시,11,금천구,11545,0,3,0,0,0,0,8,0,6,3,0
20230318,서울특별시,11,용산구,11170,서울특별시,11,노원구,11350,0,0,3,0,0,0,0,0,0,0,0
20230318,서울특별시,11,강서구,11500,서울특별시,11,동대문구,11230,3,11,0,0,0,0,5,0,30,13,0
20230318,서울특별시,11,강서구,11500,서울특별시,11,중랑구,11260,0,9,0,0,0,3,0,0,24,12,6
20230318,서울특별시,11,강서구,11500,서울특별시,11,성북구,11290,3,32,3,3,0,0,3,0,54,14,0
20230318,서울특별시,11,강서구,11500,서울특별시,11,강북구,11305,0,5,0,0,4,0,3,5,10,60,0
20230318,서울특별시,11,강서구,11500,서울특별시,11,도봉구,11320,0,3,0,3,4,0,0,0,7,9,0
20230318,서울특별시,11,강서구,11500,서울특별시,11,노원구,11350,0,12,4,0,3,0,5,0,9,10,3
20230318,서울특별시,11,강서구,11500,서울특별시,11,은평구,11380,0,12,0,0,3,0,5,0,15,10,3
20230318,서울특별시,11,강서구,11500,서울특별시,11,서대문구,11410,0,9,6,6,0,0,6,0,11,13,3
20230318,서울특별시,11,강서구,11500,서울특별시,11,마포구,11440,0,15,7,0,0,0,5,0,17,84,5
20230318,서울특별시,11,강서구,11500,서울특별시,11,양천구,11470,0,19,12,0,0,0,0,0,22,11,0
20230318,서울특별시,11,강서구,11500,서울특별시,11,강서구,11500,5,24,13,9,8,0,23,3,57,14,5
20230318,서울특별시,11,강서구,11500,서울특별시,11,구로구,11530,3,10,4,0,0,0,4,0,19,9,0
20230318,서울특별시,11,강서구,11500,서울특별시,11,금천구,11545,0,19,4,5,0,0,0,0,31,15,4
20230318,서울특별시,11,강서구,11500,서울특별시,11,영등포구,11560,4,15,6,4,4,3,9,0,26,16,0
20230318,서울특별시,11,강서구,11500,서울특별시,11,동작구,11590,6,12,0,0,0,0,0,0,8,418,6
20230318,서울특별시,11,종로구,11110,서울특별시,11,강동구,11740,0,0,0,0,0,0,0,3,3,0,0
20230318,서울특별시,11,종로구,11110,서울특별시,11,송파구,11710,0,5,0,3,5,0,0,4,5,0,0
20230318,서울특별시,11,종로구,11110,서울특별시,11,강남구,11680,0,7,0,0,6,0,0,0,6,0,0
20230318,서울특별시,11,종로구,11110,서울특별시,11,서초구,11650,0,5,3,0,3,0,3,0,3,3,0
20230318,서울특별시,11,종로구,11110,서울특별시,11,관악구,11620,0,0,0,0,8,0,0,0,5,0,0
20230318,서울특별시,11,강서구,11500,서울특별시,11,관악구,11620,0,19,6,0,3,0,3,0,19,10,5
20230318,서울특별시,11,강서구,11500,서울특별시,11,서초구,11650,12,18,5,0,8,0,5,0,17,13,14
20230318,서울특별시,11,강서구,11500,서울특별시,11,강남구,11680,9,45,6,5,4,3,4,0,41,32,14
20230318,서울특별시,11,강서구,11500,서울특별시,11,송파구,11710,4,17,4,6,4,0,9,0,20,24,15
20230318,서울특별시,11,용산구,11170,서울특별시,11,은평구,11380,0,0,0,0,0,0,0,0,6,0,0
20230318,서울특별시,11,용산구,11170,서울특별시,11,서대문구,11410,0,0,3,0,0,0,0,0,7,0,0
20230318,서울특별시,11,용산구,11170,서울특별시,11,마포구,11440,0,0,0,0,0,0,0,0,11,4,0
20230318,서울특별시,11,용산구,11170,서울특별시,11,양천구,11470,0,0,0,0,0,0,0,0,0,0,0
20230318,서울특별시,11,용산구,11170,서울특별시,11,강서구,11500,0,0,0,4,0,0,0,0,13,0,0
20230318,서울특별시,11,용산구,11170,서울특별시,11,구로구,11530,0,0,0,6,0,0,0,0,4,0,0
20230318,서울특별시,11,성북구,11290,서울특별시,11,종로구,11110,0,0,0,0,0,0,0,0,12,5,0
20230318,서울특별시,11,성북구,11290,서울특별시,11,중구,11140,0,4,4,0,0,0,0,0,14,3,0
20230318,서울특별시,11,성북구,11290,서울특별시,11,용산구,11170,0,5,3,8,0,0,0,0,8,0,0
20230318,서울특별시,11,성북구,11290,서울특별시,11,성동구,11200,0,24,7,3,0,0,5,0,42,33,0
20230318,서울특별시,11,성북구,11290,서울특별시,11,광진구,11215,0,8,4,0,0,0,0,0,11,0,0
20230318,서울특별시,11,성북구,11290,서울특별시,11,동대문구,11230,0,7,10,0,0,0,0,0,13,0,0
20230318,서울특별시,11,성북구,11290,서울특별시,11,중랑구,11260,0,5,3,0,0,0,0,0,8,0,0
20230318,서울특별시,11,성북구,11290,서울특별시,11,성북구,11290,0,13,11,7,7,0,4,0,43,6,0
20230318,서울특별시,11,강서구,11500,서울특별시,11,광진구,11215,3,5,3,9,0,0,4,0,14,12,0
20230318,서울특별시,11,강서구,11500,서울특별시,11,성동구,11200,0,24,17,5,0,0,0,0,54,25,5
20230318,서울특별시,11,강서구,11500,서울특별시,11,용산구,11170,4,8,5,8,3,0,11,0,21,10,8
20230318,서울특별시,11,강서구,11500,서울특별시,11,중구,11140,3,8,3,0,3,0,0,0,31,27,0
20230318,서울특별시,11,강서구,11500,서울특별시,11,종로구,11110,0,8,0,0,0,0,0,0,11,12,0
20230318,서울특별시,11,종로구,11110,서울특별시,11,영등포구,11560,0,0,0,0,0,0,0,0,0,0,0
20230318,서울특별시,11,종로구,11110,서울특별시,11,동작구,11590,0,5,0,0,0,0,0,0,3,0,0
20230318,서울특별시,11,관악구,11620,서울특별시,11,강동구,11740,0,0,5,0,0,0,0,0,0,5,0
20230318,서울특별시,11,관악구,11620,서울특별시,11,송파구,11710,0,5,9,0,0,0,0,0,10,7,0
20230318,서울특별시,11,관악구,11620,서울특별시,11,강남구,11680,0,18,18,0,0,0,0,0,12,7,0
20230318,서울특별시,11,관악구,11620,서울특별시,11,서초구,11650,0,3,13,3,0,0,0,0,11,3,0
20230318,서울특별시,11,관악구,11620,서울특별시,11,관악구,11620,0,6,20,6,6,0,14,0,9,5,74
20230318,서울특별시,11,관악구,11620,서울특별시,11,동작구,11590,0,3,13,0,4,3,5,0,4,9,63
20230318,서울특별시,11,관악구,11620,서울특별시,11,영등포구,11560,0,5,10,0,4,0,0,0,0,4,0
20230318,서울특별시,11,관악구,11620,서울특별시,11,금천구,11545,0,4,6,0,5,3,3,0,26,0,49
20230318,서울특별시,11,관악구,11620,서울특별시,11,구로구,11530,0,0,10,0,0,0,0,0,12,4,0
20230318,서울특별시,11,관악구,11620,서울특별시,11,강서구,11500,0,4,6,0,3,0,0,0,14,13,0
20230318,서울특별시,11,관악구,11620,서울특별시,11,양천구,11470,0,11,6,0,3,0,0,0,3,0,0
20230318,서울특별시,11,관악구,11620,서울특별시,11,마포구,11440,0,0,9,5,0,0,0,0,14,7,0
20230318,서울특별시,11,관악구,11620,서울특별시,11,서대문구,11410,0,0,11,3,0,0,0,0,5,6,0
20230318,서울특별시,11,관악구,11620,서울특별시,11,은평구,11380,0,0,4,0,0,0,0,0,10,10,0
20230318,서울특별시,11,관악구,11620,서울특별시,11,노원구,11350,0,4,8,0,4,0,0,0,5,4,0
20230318,서울특별시,11,관악구,11620,서울특별시,11,도봉구,11320,0,0,0,0,0,0,0,0,0,0,0
20230318,서울특별시,11,관악구,11620,서울특별시,11,강북구,11305,0,0,3,0,0,0,0,0,5,5,0
20230318,서울특별시,11,관악구,11620,서울특별시,11,성북구,11290,0,9,7,0,0,0,0,0,25,7,0
20230318,서울특별시,11,성북구,11290,서울특별시,11,강북구,11305,0,0,0,0,0,0,0,0,9,0,0
20230318,서울특별시,11,강동구,11740,서울특별시,11,종로구,11110,0,0,6,0,0,0,0,0,8,0,0
20230318,서울특별시,11,강동구,11740,서울특별시,11,중구,11140,0,0,0,0,3,0,0,0,15,5,0
20230318,서울특별시,11,강동구,11740,서울특별시,11,용산구,11170,0,4,0,6,0,0,0,0,8,0,0
20230318,서울특별시,11,강동구,11740,서울특별시,11,성동구,11200,0,12,16,5,0,0,5,0,26,5,0
20230318,서울특별시,11,강동구,11740,서울특별시,11,광진구,11215,0,3,0,0,0,0,4,0,5,0,0
20230318,서울특별시,11,강동구,11740,서울특별시,11,동대문구,11230,0,3,4,0,0,0,0,0,12,0,0
20230318,서울특별시,11,강동구,11740,서울특별시,11,중랑구,11260,0,0,0,0,0,0,0,0,9,0,0
20230318,서울특별시,11,강동구,11740,서울특별시,11,성북구,11290,0,9,0,0,0,0,0,0,16,6,0
20230318,서울특별시,11,강동구,11740,서울특별시,11,강북구,11305,0,0,0,0,0,0,0,0,7,0,0
20230318,서울특별시,11,강동구,11740,서울특별시,11,도봉구,11320,0,3,0,0,0,0,0,0,0,0,0
20230318,서울특별시,11,강동구,11740,서울특별시,11,노원구,11350,0,0,0,0,0,0,0,0,8,0,0
20230318,서울특별시,11,강동구,11740,서울특별시,11,은평구,11380,0,0,0,0,0,0,0,0,6,3,0
20230318,서울특별시,11,강동구,11740,서울특별시,11,서대문구,11410,0,0,3,0,0,0,0,0,4,0,0
20230318,서울특별시,11,강동구,11740,서울특별시,11,마포구,11440,0,0,3,0,3,0,5,0,3,0,0
20230318,서울특별시,11,강동구,11740,서울특별시,11,양천구,11470,0,5,3,0,0,0,0,0,3,0,0
20230318,서울특별시,11,강동구,11740,서울특별시,11,강서구,11500,0,0,0,3,0,0,4,0,7,9,0
20230318,서울특별시,11,강동구,11740,서울특별시,11,구로구,11530,0,0,0,0,0,3,4,0,12,0,0
20230318,서울특별시,11,강동구,11740,서울특별시,11,금천구,11545,0,0,0,0,3,0,3,0,24,4,0
20230318,서울특별시,11,강동구,11740,서울특별시,11,영등포구,11560,0,4,3,0,0,0,0,0,0,3,0
20230318,서울특별시,11,강동구,11740,서울특별시,11,동작구,11590,0,0,0,0,0,0,0,0,0,0,0
20230318,서울특별시,11,강동구,11740,서울특별시,11,관악구,11620,0,0,0,0,0,0,0,0,3,0,0
20230318,서울특별시,11,강동구,11740,서울특별시,11,서초구,11650,0,0,7,0,0,0,0,0,6,4,0
20230318,서울특별시,11,강동구,11740,서울특별시,11,강남구,11680,0,13,8,0,3,3,0,0,10,7,0
20230318,서울특별시,11,강동구,11740,서울특별시,11,송파구,11710,0,6,5,0,0,0,7,0,12,3,0
20230318,서울특별시,11,강동구,11740,서울특별시,11,강동구,11740,0,6,3,3,0,0,8,0,10,9,0
20230318,서울특별시,11,강서구,11500,서울특별시,11,강동구,11740,0,15,0,0,0,0,7,0,12,13,9
20230318,서울특별시,11,영등포구,11560,서울특별시,11,강동구,11740,0,4,0,0,0,0,0,0,0,5,0
20230318,서울특별시,11,영등포구,11560,서울특별시,11,송파구,11710,0,5,3,3,17,0,3,0,7,0,6
20230318,서울특별시,11,영등포구,11560,서울특별시,11,강남구,11680,0,21,3,6,0,0,3,0,10,7,3
20230318,서울특별시,11,영등포구,11560,서울특별시,11,서초구,11650,0,3,5,4,5,0,6,0,11,0,8
20230318,서울특별시,11,영등포구,11560,서울특별시,11,관악구,11620,5,17,4,0,6,0,0,0,5,0,0
20230318,서울특별시,11,영등포구,11560,서울특별시,11,동작구,11590,0,0,4,0,0,0,0,0,9,0,3
20230318,서울특별시,11,영등포구,11560,서울특별시,11,영등포구,11560,3,12,14,3,4,0,6,0,3,0,5
20230318,서울특별시,11,영등포구,11560,서울특별시,11,금천구,11545,0,9,0,3,0,0,0,0,30,6,0
20230318,서울특별시,11,영등포구,11560,서울특별시,11,구로구,11530,0,5,3,0,6,0,0,0,12,0,0
20230318,서울특별시,11,영등포구,11560,서울특별시,11,강서구,11500,4,9,0,3,0,0,0,0,9,4,0
20230318,서울특별시,11,영등포구,11560,서울특별시,11,양천구,11470,0,3,3,0,5,0,0,0,6,3,0
20230318,서울특별시,11,영등포구,11560,서울특별시,11,마포구,11440,0,3,4,5,8,0,6,0,7,3,0
20230318,서울특별시,11,영등포구,11560,서울특별시,11,서대문구,11410,0,3,0,0,7,0,5,0,4,0,0
20230318,서울특별시,11,영등포구,11560,서울특별시,11,은평구,11380,0,0,0,0,5,0,9,0,4,0,5
20230318,서울특별시,11,영등포구,11560,서울특별시,11,노원구,11350,0,0,0,4,0,3,0,0,6,0,0
20230318,서울특별시,11,영등포구,11560,서울특별시,11,도봉구,11320,0,0,0,0,0,0,0,0,4,0,0
20230318,서울특별시,11,영등포구,11560,서울특별시,11,강북구,11305,0,3,0,0,3,0,0,0,3,0,0
20230318,서울특별시,11,영등포구,11560,서울특별시,11,성북구,11290,0,10,6,0,0,0,3,0,23,4,0
20230318,서울특별시,11,영등포구,11560,서울특별시,11,중랑구,11260,0,8,0,4,4,0,0,0,13,0,3
20230318,서울특별시,11,영등포구,11560,서울특별시,11,동대문구,11230,0,0,0,0,0,0,4,0,9,0,3
20230318,서울특별시,11,영등포구,11560,서울특별시,11,광진구,11215,0,11,0,0,3,0,0,0,6,0,3
20230318,서울특별시,11,영등포구,11560,서울특별시,11,성동구,11200,0,15,10,0,8,0,8,0,37,14,3
20230318,서울특별시,11,영등포구,11560,서울특별시,11,용산구,11170,0,0,3,6,8,0,7,0,9,3,3
20230318,서울특별시,11,영등포구,11560,서울특별시,11,중구,11140,0,0,0,0,5,0,8,0,11,0,5
20230318,서울특별시,11,성북구,11290,서울특별시,11,도봉구,11320,0,0,5,0,0,0,0,0,8,0,0
20230318,서울특별시,11,성북구,11290,서울특별시,11,노원구,11350,0,7,3,0,0,0,3,0,10,0,0
20230318,서울특별시,11,성북구,11290,서울특별시,11,은평구,11380,0,5,3,3,0,0,0,0,11,0,0
20230318,서울특별시,11,성북구,11290,서울특별시,11,서대문구,11410,0,0,5,0,0,3,0,0,5,0,0
20230318,서울특별시,11,성북구,11290,서울특별시,11,마포구,11440,0,0,8,0,0,0,0,3,4,0,0
20230318,서울특별시,11,성동구,11200,서울특별시,11,성동구,11200,0,46,12,3,0,0,0,0,40,5,0
20230318,서울특별시,11,성동구,11200,서울특별시,11,광진구,11215,0,0,6,0,0,0,0,0,9,3,0
20230318,서울특별시,11,성동구,11200,서울특별시,11,중구,11140,0,5,0,0,6,0,0,0,13,5,25
20230318,서울특별시,11,성동구,11200,서울특별시,11,종로구,11110,0,6,0,0,0,0,4,0,9,0,39
20230318,서울특별시,11,용산구,11170,서울특별시,11,종로구,11110,0,0,0,0,0,0,4,0,7,0,0
20230318,서울특별시,11,용산구,11170,서울특별시,11,중구,11140,0,3,3,0,0,0,0,0,18,0,0
20230318,서울특별시,11,용산구,11170,서울특별시,11,용산구,11170,0,4,6,4,0,0,0,0,6,0,0
20230318,서울특별시,11,용산구,11170,서울특별시,11,성동구,11200,0,7,3,3,0,0,0,0,29,0,0
20230318,서울특별시,11,용산구,11170,서울특별시,11,광진구,11215,0,0,3,0,0,0,0,0,9,0,0
20230318,서울특별시,11,용산구,11170,서울특별시,11,금천구,11545,0,4,0,0,0,0,0,0,7,5,0
20230318,서울특별시,11,용산구,11170,서울특별시,11,영등포구,11560,0,6,3,3,0,0,0,0,3,0,0
20230318,서울특별시,11,용산구,11170,서울특별시,11,동작구,11590,0,0,3,0,0,0,0,0,5,0,0
20230318,서울특별시,11,용산구,11170,서울특별시,11,관악구,11620,0,3,3,0,0,0,0,0,6,0,0
20230318,서울특별시,11,관악구,11620,서울특별시,11,중랑구,11260,0,3,0,0,0,0,0,0,8,3,0
20230318,서울특별시,11,관악구,11620,서울특별시,11,동대문구,11230,0,7,8,0,0,0,0,0,21,5,0
20230318,서울특별시,11,관악구,11620,서울특별시,11,광진구,11215,0,0,9,0,3,0,0,0,10,3,0
20230318,서울특별시,11,관악구,11620,서울특별시,11,성동구,11200,0,15,12,0,0,0,0,0,41,10,3
20230318,서울특별시,11,관악구,11620,서울특별시,11,용산구,11170,0,6,3,5,0,0,0,0,17,4,0
20230318,서울특별시,11,관악구,11620,서울특별시,11,중구,11140,0,3,3,0,0,0,0,0,19,5,0
20230318,서울특별시,11,금천구,11545,서울특별시,11,도봉구,11320,0,4,11,0,4,0,5,4,28,16,7
20230318,서울특별시,11,금천구,11545,서울특별시,11,노원구,11350,0,8,27,0,6,12,6,8,60,23,11
20230318,서울특별시,11,금천구,11545,서울특별시,11,은평구,11380,0,8,4,0,4,9,4,6,49,32,17
20230318,서울특별시,11,금천구,11545,서울특별시,11,서대문구,11410,0,3,7,0,4,6,7,6,34,15,14
20230318,서울특별시,11,금천구,11545,서울특별시,11,마포구,11440,0,11,15,0,3,13,10,12,58,62,18
20230318,서울특별시,11,금천구,11545,서울특별시,11,양천구,11470,0,9,15,0,9,12,7,6,81,23,9
20230318,서울특별시,11,금천구,11545,서울특별시,11,강서구,11500,0,18,9,0,7,8,9,18,92,52,25
20230318,서울특별시,11,금천구,11545,서울특별시,11,구로구,11530,0,6,18,0,11,6,0,6,56,29,12
20230318,서울특별시,11,금천구,11545,서울특별시,11,금천구,11545,0,4,8,0,4,0,9,0,38,13,6
20230318,서울특별시,11,금천구,11545,서울특별시,11,영등포구,11560,0,5,23,5,6,14,5,12,52,31,21
20230318,서울특별시,11,금천구,11545,서울특별시,11,동작구,11590,0,7,8,0,0,12,6,9,47,24,19
20230318,서울특별시,11,금천구,11545,서울특별시,11,관악구,11620,0,8,10,5,7,4,9,6,59,30,23
20230318,서울특별시,11,금천구,11545,서울특별시,11,서초구,11650,0,18,15,4,9,16,6,11,69,35,22
20230318,서울특별시,11,금천구,11545,서울특별시,11,강남구,11680,9,36,30,3,7,17,16,13,97,51,38
20230318,서울특별시,11,금천구,11545,서울특별시,11,송파구,11710,4,17,20,3,9,14,9,18,112,56,37
20230318,서울특별시,11,금천구,11545,서울특별시,11,강동구,11740,0,9,22,0,11,11,9,6,80,42,12
20230318,서울특별시,11,용산구,11170,서울특별시,11,서초구,11650,0,6,5,0,0,0,0,0,9,0,0
20230318,서울특별시,11,용산구,11170,서울특별시,11,강남구,11680,0,10,8,5,0,0,0,0,20,3,0
20230318,서울특별시,11,용산구,11170,서울특별시,11,송파구,11710,0,4,4,0,0,0,0,0,6,0,0
20230318,서울특별시,11,관악구,11620,서울특별시,11,종로구,11110,0,0,6,0,0,0,0,0,19,0,0
20230318,서울특별시,11,동작구,11590,서울특별시,11,강동구,11740,0,0,0,0,0,0,0,0,5,4,0
20230318,서울특별시,11,동작구,11590,서울특별시,11,송파구,11710,0,0,5,0,0,0,0,0,17,3,4
20230318,서울특별시,11,동작구,11590,서울특별시,11,강남구,11680,3,14,20,5,0,0,0,0,18,10,6
20230318,서울특별시,11,서초구,11650,서울특별시,11,강동구,11740,0,9,5,0,4,0,15,0,8,6,0
20230318,서울특별시,11,서초구,11650,서울특별시,11,송파구,11710,0,17,7,4,5,3,16,0,14,3,0
20230318,서울특별시,11,서초구,11650,서울특별시,11,강남구,11680,9,33,19,4,7,5,42,0,46,6,0
20230318,서울특별시,11,서초구,11650,서울특별시,11,서초구,11650,8,28,23,4,27,3,172,3,33,5,3
20230318,서울특별시,11,서초구,11650,서울특별시,11,관악구,11620,0,7,9,3,6,0,10,0,4,0,0
20230318,서울특별시,11,서초구,11650,서울특별시,11,동작구,11590,0,12,6,0,5,0,17,0,6,3,0
20230318,서울특별시,11,서초구,11650,서울특별시,11,영등포구,11560,0,4,4,0,6,0,21,0,6,3,0
20230318,서울특별시,11,서초구,11650,서울특별시,11,금천구,11545,0,10,0,4,3,3,13,0,20,9,0
20230318,서울특별시,11,서초구,11650,서울특별시,11,구로구,11530,0,0,3,0,0,0,11,0,9,0,0
20230318,서울특별시,11,서초구,11650,서울특별시,11,강서구,11500,0,7,5,0,4,0,17,0,8,0,0
20230318,서울특별시,11,서초구,11650,서울특별시,11,양천구,11470,0,0,5,0,7,0,12,0,5,0,0
20230318,서울특별시,11,서초구,11650,서울특별시,11,마포구,11440,0,8,6,0,3,3,11,0,10,3,0
20230318,서울특별시,11,서초구,11650,서울특별시,11,서대문구,11410,0,3,3,0,4,0,10,0,5,0,0
20230318,서울특별시,11,서초구,11650,서울특별시,11,은평구,11380,0,0,0,0,5,0,12,0,7,0,0
20230318,서울특별시,11,서초구,11650,서울특별시,11,노원구,11350,0,0,0,0,0,0,6,0,4,3,0
20230318,서울특별시,11,서초구,11650,서울특별시,11,도봉구,11320,0,5,0,0,0,0,6,0,7,0,0
20230318,서울특별시,11,서초구,11650,서울특별시,11,강북구,11305,0,0,0,0,0,0,11,0,3,0,0
20230318,서울특별시,11,서초구,11650,서울특별시,11,성북구,11290,0,6,8,0,6,0,11,0,23,3,0
20230318,서울특별시,11,서초구,11650,서울특별시,11,중랑구,11260,0,4,3,4,0,0,6,0,6,0,0
20230318,서울특별시,11,서초구,11650,서울특별시,11,동대문구,11230,0,5,0,0,0,0,4,0,17,0,0
20230318,서울특별시,11,서초구,11650,서울특별시,11,광진구,11215,0,4,3,0,0,0,3,0,12,0,0
20230318,서울특별시,11,서초구,11650,서울특별시,11,성동구,11200,0,6,14,0,0,0,10,0,41,7,0
20230318,서울특별시,11,서초구,11650,서울특별시,11,용산구,11170,0,6,3,10,0,3,18,0,16,0,0
20230318,서울특별시,11,서초구,11650,서울특별시,11,중구,11140,0,0,0,0,3,0,12,0,27,3,5
20230318,서울특별시,11,서초구,11650,서울특별시,11,종로구,11110,0,3,0,0,0,0,6,0,12,0,0
20230318,서울특별시,11,마포구,11440,서울특별시,11,종로구,11110,0,4,0,0,0,3,0,0,22,0,0
20230318,서울특별시,11,마포구,11440,서울특별시,11,중구,11140,0,5,3,0,4,0,0,0,21,5,0
20230318,서울특별시,11,마포구,11440,서울특별시,11,용산구,11170,0,5,5,4,5,0,0,0,15,3,0
20230318,서울특별시,11,마포구,11440,서울특별시,11,성동구,11200,0,16,6,3,6,0,0,0,53,12,0
20230318,서울특별시,11,마포구,11440,서울특별시,11,광진구,11215,0,6,5,0,3,0,0,0,5,0,0
20230318,서울특별시,11,마포구,11440,서울특별시,11,동대문구,11230,0,7,3,0,4,0,0,0,24,0,0
20230319,서울특별시,11,서초구,11650,서울특별시,11,노원구,11350,0,12,3,0,5,0,0,0,0,0,0
20230319,서울특별시,11,성북구,11290,서울특별시,11,강동구,11740,0,0,0,0,0,0,0,0,12,7,0
20230319,서울특별시,11,성북구,11290,서울특별시,11,송파구,11710,0,6,0,0,0,0,0,0,13,12,0
20230319,서울특별시,11,성북구,11290,서울특별시,11,강남구,11680,0,10,0,0,0,0,0,0,8,14,0
20230319,서울특별시,11,성북구,11290,서울특별시,11,서초구,11650,3,10,0,0,0,0,0,0,8,15,0
20230319,서울특별시,11,성북구,11290,서울특별시,11,관악구,11620,0,4,0,0,0,0,0,0,20,8,0
20230319,서울특별시,11,성북구,11290,서울특별시,11,동작구,11590,0,0,0,0,0,0,0,0,5,4,0
20230319,서울특별시,11,성북구,11290,서울특별시,11,영등포구,11560,0,6,0,0,0,0,0,0,5,4,0
20230319,서울특별시,11,성북구,11290,서울특별시,11,금천구,11545,0,0,0,0,4,0,0,0,5,0,0
20230319,서울특별시,11,성북구,11290,서울특별시,11,구로구,11530,0,4,0,0,0,0,0,0,10,7,0
20230319,서울특별시,11,성북구,11290,서울특별시,11,강서구,11500,0,6,0,0,0,0,0,0,13,9,0
20230319,서울특별시,11,성북구,11290,서울특별시,11,양천구,11470,0,0,0,0,0,0,0,0,9,7,0
20230319,서울특별시,11,성북구,11290,서울특별시,11,마포구,11440,0,0,0,0,0,0,0,0,8,3,0
20230319,서울특별시,11,성북구,11290,서울특별시,11,서대문구,11410,0,0,0,0,0,0,0,0,5,3,0
20230319,서울특별시,11,성북구,11290,서울특별시,11,은평구,11380,0,0,0,0,0,0,0,0,7,3,0
20230319,서울특별시,11,성북구,11290,서울특별시,11,노원구,11350,0,6,0,0,0,0,0,0,18,9,0
20230319,서울특별시,11,성북구,11290,서울특별시,11,도봉구,11320,0,0,0,0,0,0,0,0,4,6,0
20230319,서울특별시,11,성북구,11290,서울특별시,11,강북구,11305,0,0,0,0,0,0,0,0,5,5,0
20230319,서울특별시,11,성북구,11290,서울특별시,11,성북구,11290,0,0,0,0,0,0,0,0,6,7,0
20230319,서울특별시,11,성북구,11290,서울특별시,11,중랑구,11260,0,0,0,0,4,0,0,0,9,0,0
20230319,서울특별시,11,성북구,11290,서울특별시,11,동대문구,11230,0,5,0,0,0,0,0,0,8,8,0
20230319,서울특별시,11,성북구,11290,서울특별시,11,광진구,11215,0,0,0,0,0,0,0,0,5,5,0
20230319,서울특별시,11,성북구,11290,서울특별시,11,성동구,11200,0,0,0,0,0,0,0,0,4,4,0
20230319,서울특별시,11,성북구,11290,서울특별시,11,용산구,11170,0,0,0,0,0,0,0,0,3,6,0
20230319,서울특별시,11,성북구,11290,서울특별시,11,중구,11140,0,0,0,0,0,0,0,0,0,0,0
20230319,서울특별시,11,성북구,11290,서울특별시,11,종로구,11110,0,0,0,0,0,0,0,0,0,0,0
20230319,서울특별시,11,동대문구,11230,서울특별시,11,도봉구,11320,0,6,0,0,23,0,0,0,0,0,0
20230319,서울특별시,11,동대문구,11230,서울특별시,11,노원구,11350,0,14,0,0,40,0,0,0,0,0,0
20230319,서울특별시,11,동대문구,11230,서울특별시,11,은평구,11380,0,26,0,0,47,0,0,0,0,0,0
20230319,서울특별시,11,동대문구,11230,서울특별시,11,서대문구,11410,0,20,0,0,20,0,0,0,0,0,0
20230319,서울특별시,11,동대문구,11230,서울특별시,11,마포구,11440,0,14,0,0,18,0,4,0,0,0,0
20230319,서울특별시,11,동대문구,11230,서울특별시,11,양천구,11470,0,9,0,0,35,0,0,0,0,0,0
20230319,서울특별시,11,동대문구,11230,서울특별시,11,강서구,11500,0,26,0,0,37,0,0,0,0,0,0
20230319,서울특별시,11,동대문구,11230,서울특별시,11,구로구,11530,0,22,0,0,35,0,0,0,0,0,0
20230319,서울특별시,11,동대문구,11230,서울특별시,11,금천구,11545,0,57,0,0,14,0,0,0,0,0,0
20230319,서울특별시,11,동대문구,11230,서울특별시,11,영등포구,11560,0,0,0,0,27,0,3,0,0,0,0
20230319,서울특별시,11,동대문구,11230,서울특별시,11,동작구,11590,0,33,0,0,16,0,0,0,0,0,0
20230319,서울특별시,11,동대문구,11230,서울특별시,11,관악구,11620,0,16,0,0,17,0,4,0,0,0,0
20230319,서울특별시,11,동대문구,11230,서울특별시,11,서초구,11650,0,6,0,0,16,0,0,0,0,0,0
20230319,서울특별시,11,동대문구,11230,서울특별시,11,강남구,11680,0,4,0,0,23,0,5,0,0,0,0
20230319,서울특별시,11,동대문구,11230,서울특별시,11,송파구,11710,0,24,0,0,23,0,3,0,0,0,0
20230319,서울특별시,11,동대문구,11230,서울특별시,11,강동구,11740,0,6,0,0,18,0,0,0,0,0,0
20230319,서울특별시,11,은평구,11380,서울특별시,11,동대문구,11230,0,0,0,0,0,0,0,0,0,0,0
20230319,서울특별시,11,은평구,11380,서울특별시,11,노원구,11350,0,0,0,0,0,0,0,0,0,0,0
20230319,서울특별시,11,은평구,11380,서울특별시,11,양천구,11470,0,0,0,0,0,0,0,0,0,0,0
20230319,서울특별시,11,은평구,11380,서울특별시,11,강서구,11500,0,0,0,0,0,0,0,0,0,0,0
20230319,서울특별시,11,은평구,11380,서울특별시,11,금천구,11545,0,0,0,0,0,0,0,0,0,0,0
20230319,서울특별시,11,은평구,11380,서울특별시,11,영등포구,11560,0,0,0,0,0,0,0,0,0,0,0
20230319,서울특별시,11,은평구,11380,서울특별시,11,강동구,11740,0,0,0,0,0,0,0,0,0,0,0
20230319,서울특별시,11,서초구,11650,서울특별시,11,종로구,11110,0,6,0,0,0,0,0,0,0,0,0
20230319,서울특별시,11,서초구,11650,서울특별시,11,중구,11140,0,0,0,0,0,0,0,0,0,0,0
20230319,서울특별시,11,서초구,11650,서울특별시,11,용산구,11170,0,8,0,0,0,0,7,0,0,0,0
20230319,서울특별시,11,서초구,11650,서울특별시,11,성동구,11200,0,5,4,0,0,0,0,0,0,0,0
20230319,서울특별시,11,서초구,11650,서울특별시,11,광진구,11215,0,9,0,0,0,0,0,0,0,0,0
20230319,서울특별시,11,서초구,11650,서울특별시,11,동대문구,11230,0,8,3,0,0,0,0,0,0,0,0
20230319,서울특별시,11,서초구,11650,서울특별시,11,중랑구,11260,0,3,0,0,0,0,0,0,0,0,0
20230319,서울특별시,11,서초구,11650,서울특별시,11,성북구,11290,0,17,0,0,0,0,0,0,0,0,0
20230319,서울특별시,11,서초구,11650,서울특별시,11,강북구,11305,0,5,0,0,0,0,0,0,0,0,0
20230319,서울특별시,11,서초구,11650,서울특별시,11,도봉구,11320,0,3,0,0,0,0,0,0,0,0,0
20230319,서울특별시,11,서초구,11650,서울특별시,11,은평구,11380,0,15,5,0,4,0,0,0,0,0,0
20230319,서울특별시,11,서초구,11650,서울특별시,11,서대문구,11410,0,7,0,0,0,0,0,0,0,0,0
20230319,서울특별시,11,서초구,11650,서울특별시,11,마포구,11440,0,12,0,0,3,0,3,0,0,0,0
20230319,서울특별시,11,서초구,11650,서울특별시,11,양천구,11470,0,23,7,0,5,0,4,0,0,0,0
20230319,서울특별시,11,서초구,11650,서울특별시,11,강서구,11500,0,14,7,0,0,0,0,0,0,0,0
20230319,서울특별시,11,서초구,11650,서울특별시,11,구로구,11530,0,4,0,0,0,0,0,0,0,0,0
20230319,서울특별시,11,서초구,11650,서울특별시,11,금천구,11545,0,6,0,0,0,0,3,0,0,0,0
20230319,서울특별시,11,서초구,11650,서울특별시,11,영등포구,11560,0,7,4,0,0,0,0,0,0,0,0
20230319,서울특별시,11,서초구,11650,서울특별시,11,동작구,11590,0,11,6,0,6,0,9,0,0,0,0
20230319,서울특별시,11,서초구,11650,서울특별시,11,관악구,11620,0,8,5,0,0,0,0,0,0,0,0
20230319,서울특별시,11,서초구,11650,서울특별시,11,서초구,11650,3,54,8,0,15,0,134,0,0,0,0
20230319,서울특별시,11,서초구,11650,서울특별시,11,강남구,11680,0,36,9,0,4,0,20,0,0,0,0
20230319,서울특별시,11,서초구,11650,서울특별시,11,송파구,11710,0,19,7,0,4,0,0,0,0,0,0
20230319,서울특별시,11,서초구,11650,서울특별시,11,강동구,11740,0,17,6,0,6,0,0,0,0,0,0
20230319,서울특별시,11,강북구,11305,서울특별시,11,서초구,11650,0,0,0,0,0,0,0,0,0,0,0
20230319,서울특별시,11,동작구,11590,서울특별시,11,동작구,11590,0,0,0,0,0,0,5,0,0,0,0
20230319,서울특별시,11,성동구,11200,서울특별시,11,도봉구,11320,0,0,0,0,0,0,0,0,4,9,0
20230319,서울특별시,11,성동구,11200,서울특별시,11,강북구,11305,0,0,0,0,0,0,0,0,0,10,0
20230319,서울특별시,11,성동구,11200,서울특별시,11,성북구,11290,0,0,0,0,3,0,6,0,5,7,111
20230319,서울특별시,11,성동구,11200,서울특별시,11,중랑구,11260,0,0,0,0,0,0,0,0,5,8,0
20230319,서울특별시,11,성동구,11200,서울특별시,11,동대문구,11230,0,0,0,0,5,0,14,0,8,11,79
20230319,서울특별시,11,성동구,11200,서울특별시,11,광진구,11215,0,0,0,0,0,0,0,0,5,12,0
20230319,서울특별시,11,성동구,11200,서울특별시,11,노원구,11350,0,0,0,0,0,0,0,0,0,8,0
20230319,서울특별시,11,성동구,11200,서울특별시,11,은평구,11380,0,0,0,0,0,0,0,0,7,13,0
20230319,서울특별시,11,성동구,11200,서울특별시,11,서대문구,11410,0,0,0,0,0,0,0,0,5,15,0
20230319,서울특별시,11,성동구,11200,서울특별시,11,마포구,11440,0,0,0,0,0,0,0,0,6,12,0
20230319,서울특별시,11,성동구,11200,서울특별시,11,양천구,11470,0,0,0,0,0,0,0,0,7,11,0
20230319,서울특별시,11,성동구,11200,서울특별시,11,강서구,11500,0,0,0,0,0,0,0,0,5,16,0
20230319,서울특별시,11,성동구,11200,서울특별시,11,구로구,11530,0,0,0,0,0,0,0,0,6,3,0
20230319,서울특별시,11,성동구,11200,서울특별시,11,금천구,11545,0,0,0,0,0,0,0,0,0,10,0
20230319,서울특별시,11,성동구,11200,서울특별시,11,영등포구,11560,0,0,0,0,0,0,0,0,0,9,0
20230319,서울특별시,11,성동구,11200,서울특별시,11,동작구,11590,0,0,0,0,0,0,0,0,8,9,0
20230319,서울특별시,11,성동구,11200,서울특별시,11,관악구,11620,0,0,0,0,0,0,0,0,3,12,0
20230319,서울특별시,11,성동구,11200,서울특별시,11,서초구,11650,0,0,0,0,0,0,0,0,8,12,0
20230319,서울특별시,11,성동구,11200,서울특별시,11,강남구,11680,0,0,0,0,0,0,0,0,11,20,0
20230319,서울특별시,11,성동구,11200,서울특별시,11,송파구,11710,0,0,0,0,0,0,0,0,11,21,0
20230319,서울특별시,11,성동구,11200,서울특별시,11,강동구,11740,0,0,0,0,0,0,0,0,9,12,0
20230319,서울특별시,11,마포구,11440,서울특별시,11,종로구,11110,0,0,0,0,4,0,0,0,0,0,0
20230319,서울특별시,11,마포구,11440,서울특별시,11,중구,11140,0,0,0,0,0,0,0,0,0,0,0
20230319,서울특별시,11,마포구,11440,서울특별시,11,용산구,11170,0,0,0,0,0,0,0,0,0,0,0
20230319,서울특별시,11,마포구,11440,서울특별시,11,성동구,11200,0,0,5,0,4,0,0,0,0,0,0
20230319,서울특별시,11,마포구,11440,서울특별시,11,광진구,11215,0,0,0,0,4,0,0,0,0,0,0
20230319,서울특별시,11,마포구,11440,서울특별시,11,동대문구,11230,0,0,3,0,6,0,0,0,0,0,0
20230319,서울특별시,11,마포구,11440,서울특별시,11,중랑구,11260,0,0,0,0,3,0,0,0,0,0,0
20230319,서울특별시,11,마포구,11440,서울특별시,11,성북구,11290,0,0,0,0,3,0,0,0,0,0,0
20230319,서울특별시,11,마포구,11440,서울특별시,11,강북구,11305,0,0,0,0,0,0,0,0,0,0,0
20230319,서울특별시,11,마포구,11440,서울특별시,11,도봉구,11320,0,0,4,0,0,0,0,0,0,0,0
20230319,서울특별시,11,마포구,11440,서울특별시,11,노원구,11350,0,0,12,0,5,0,0,0,0,0,0
20230319,서울특별시,11,마포구,11440,서울특별시,11,은평구,11380,0,0,0,0,5,0,0,0,0,0,0
20230319,서울특별시,11,마포구,11440,서울특별시,11,서대문구,11410,0,0,6,0,3,0,0,0,0,0,0
20230319,서울특별시,11,마포구,11440,서울특별시,11,마포구,11440,0,0,3,0,3,0,0,0,0,0,0
20230319,서울특별시,11,마포구,11440,서울특별시,11,양천구,11470,0,0,9,0,0,0,0,0,0,0,0
20230319,서울특별시,11,마포구,11440,서울특별시,11,강서구,11500,0,0,8,0,8,0,0,0,0,0,0
20230319,서울특별시,11,마포구,11440,서울특별시,11,구로구,11530,0,0,6,0,0,0,0,0,0,0,0
20230319,서울특별시,11,마포구,11440,서울특별시,11,금천구,11545,0,0,0,0,3,0,0,0,0,0,0
20230319,서울특별시,11,강서구,11500,서울특별시,11,강동구,11740,0,0,0,0,0,0,0,0,6,10,6
20230319,서울특별시,11,강서구,11500,서울특별시,11,송파구,11710,0,0,0,0,3,0,0,0,10,22,0
20230319,서울특별시,11,강서구,11500,서울특별시,11,강남구,11680,0,5,0,0,0,0,0,0,4,34,8
20230319,서울특별시,11,강서구,11500,서울특별시,11,서초구,11650,0,0,0,0,3,0,0,0,6,17,6
20230319,서울특별시,11,강서구,11500,서울특별시,11,관악구,11620,0,14,0,3,0,0,0,0,4,13,4
20230319,서울특별시,11,강서구,11500,서울특별시,11,동작구,11590,0,5,0,0,0,0,0,0,0,142,0
20230319,서울특별시,11,강서구,11500,서울특별시,11,영등포구,11560,0,0,0,0,0,0,0,0,3,15,0
20230319,서울특별시,11,강서구,11500,서울특별시,11,금천구,11545,0,0,0,0,0,0,0,0,0,4,0
20230319,서울특별시,11,강서구,11500,서울특별시,11,구로구,11530,0,0,0,0,0,0,0,0,3,8,0
20230319,서울특별시,11,강서구,11500,서울특별시,11,강서구,11500,0,0,0,0,0,0,0,0,3,14,3
20230319,서울특별시,11,강서구,11500,서울특별시,11,양천구,11470,0,0,0,3,0,0,0,0,3,13,0
20230319,서울특별시,11,강서구,11500,서울특별시,11,마포구,11440,0,0,0,0,0,0,0,0,21,64,4
20230319,서울특별시,11,강서구,11500,서울특별시,11,서대문구,11410,0,0,0,0,3,0,5,0,47,15,9
20230319,서울특별시,11,강서구,11500,서울특별시,11,은평구,11380,0,0,0,0,0,0,0,0,0,4,8
20230319,서울특별시,11,강서구,11500,서울특별시,11,노원구,11350,0,3,0,0,0,0,0,0,5,7,6
20230319,서울특별시,11,강서구,11500,서울특별시,11,도봉구,11320,0,0,0,0,0,0,0,0,0,8,0
20230319,서울특별시,11,강서구,11500,서울특별시,11,강북구,11305,0,0,0,0,0,0,0,0,0,22,0
20230319,서울특별시,11,강서구,11500,서울특별시,11,성북구,11290,0,5,0,0,0,0,0,0,0,12,7
20230319,서울특별시,11,강서구,11500,서울특별시,11,중랑구,11260,0,0,0,0,0,0,3,0,3,4,3
20230319,서울특별시,11,강서구,11500,서울특별시,11,동대문구,11230,0,0,0,3,0,0,0,0,4,63,0
20230319,서울특별시,11,강서구,11500,서울특별시,11,광진구,11215,0,0,0,0,0,0,0,0,0,20,3
20230319,서울특별시,11,강서구,11500,서울특별시,11,성동구,11200,0,0,0,0,3,0,0,0,5,13,0
20230319,서울특별시,11,강서구,11500,서울특별시,11,용산구,11170,0,0,0,0,0,0,0,0,7,8,4
20230319,서울특별시,11,강서구,11500,서울특별시,11,중구,11140,0,0,0,0,0,0,0,0,5,46,0
20230319,서울특별시,11,강서구,11500,서울특별시,11,종로구,11110,0,17,0,0,7,14,29,0,138,13,33
20230319,서울특별시,11,마포구,11440,서울특별시,11,영등포구,11560,0,0,3,0,4,0,0,0,0,0,0
20230319,서울특별시,11,마포구,11440,서울특별시,11,동작구,11590,0,0,4,0,3,0,0,0,0,0,0
20230319,서울특별시,11,마포구,11440,서울특별시,11,관악구,11620,0,0,4,0,5,0,0,0,0,0,0
20230319,서울특별시,11,마포구,11440,서울특별시,11,서초구,11650,0,0,0,0,0,0,0,0,0,0,0
20230319,서울특별시,11,마포구,11440,서울특별시,11,강남구,11680,0,0,8,0,5,0,0,0,0,0,0
20230319,서울특별시,11,마포구,11440,서울특별시,11,송파구,11710,0,0,10,0,5,0,0,0,0,0,0
20230319,서울특별시,11,마포구,11440,서울특별시,11,강동구,11740,0,0,7,0,0,0,0,0,0,0,0
20230319,서울특별시,11,성동구,11200,서울특별시,11,성동구,11200,0,0,0,0,0,0,0,0,4,7,0
20230319,서울특별시,11,성동구,11200,서울특별시,11,용산구,11170,0,0,0,0,0,0,0,0,4,3,0
20230319,서울특별시,11,성동구,11200,서울특별시,11,중구,11140,0,0,0,0,0,0,8,0,0,16,48
20230319,서울특별시,11,성동구,11200,서울특별시,11,종로구,11110,0,0,0,0,5,0,4,0,0,3,34
20230319,서울특별시,11,용산구,11170,서울특별시,11,중구,11140,0,0,0,0,0,0,0,0,0,0,0
20230319,서울특별시,11,용산구,11170,서울특별시,11,용산구,11170,0,0,0,0,0,0,0,0,0,0,0
20230319,서울특별시,11,용산구,11170,서울특별시,11,성동구,11200,0,0,0,0,0,0,0,0,0,0,0
20230319,서울특별시,11,용산구,11170,서울특별시,11,광진구,11215,0,0,0,3,0,0,0,0,0,0,0
20230319,서울특별시,11,용산구,11170,서울특별시,11,동대문구,11230,0,0,0,0,0,0,0,0,0,0,0
20230319,서울특별시,11,용산구,11170,서울특별시,11,노원구,11350,0,0,0,5,0,0,0,0,0,0,0
20230319,서울특별시,11,광진구,11215,서울특별시,11,광진구,11215,0,0,0,0,0,0,0,0,0,0,0
20230319,서울특별시,11,서대문구,11410,서울특별시,11,종로구,11110,0,0,0,0,0,0,0,5,0,0,0
20230319,서울특별시,11,서대문구,11410,서울특별시,11,중구,11140,0,0,0,0,0,0,0,4,0,0,0
20230319,서울특별시,11,서대문구,11410,서울특별시,11,용산구,11170,0,0,0,0,0,0,0,7,0,0,0
20230319,서울특별시,11,서대문구,11410,서울특별시,11,성동구,11200,0,0,0,0,0,0,0,10,0,0,0
20230319,서울특별시,11,서대문구,11410,서울특별시,11,광진구,11215,0,0,0,0,0,0,0,13,3,0,0
20230319,서울특별시,11,서대문구,11410,서울특별시,11,동대문구,11230,0,0,0,0,0,0,0,8,0,0,0
20230319,서울특별시,11,서대문구,11410,서울특별시,11,중랑구,11260,0,0,0,0,0,0,0,16,0,0,0
20230319,서울특별시,11,서대문구,11410,서울특별시,11,성북구,11290,0,0,0,0,0,0,0,15,0,0,0
20230319,서울특별시,11,서대문구,11410,서울특별시,11,강북구,11305,0,0,0,0,0,0,0,3,0,0,0
20230319,서울특별시,11,서대문구,11410,서울특별시,11,도봉구,11320,0,0,0,0,0,0,0,5,0,0,0
20230319,서울특별시,11,서대문구,11410,서울특별시,11,노원구,11350,0,0,0,0,0,0,0,8,0,0,0
20230319,서울특별시,11,서대문구,11410,서울특별시,11,은평구,11380,0,0,0,0,0,0,0,21,3,0,0
20230319,서울특별시,11,서대문구,11410,서울특별시,11,서대문구,11410,0,0,0,0,0,0,0,9,0,0,0
20230319,서울특별시,11,서대문구,11410,서울특별시,11,마포구,11440,0,0,0,0,0,0,0,15,0,0,0
20230319,서울특별시,11,서대문구,11410,서울특별시,11,양천구,11470,0,0,0,0,0,0,0,19,0,0,0
20230319,서울특별시,11,서대문구,11410,서울특별시,11,강서구,11500,0,0,0,0,0,0,0,12,0,0,0
20230319,서울특별시,11,서대문구,11410,서울특별시,11,구로구,11530,0,0,0,0,0,0,0,16,0,0,0
20230319,서울특별시,11,서대문구,11410,서울특별시,11,금천구,11545,0,0,0,0,0,0,0,11,0,0,0
20230319,서울특별시,11,서대문구,11410,서울특별시,11,영등포구,11560,0,0,0,0,0,0,0,31,4,0,0
20230319,서울특별시,11,서대문구,11410,서울특별시,11,동작구,11590,0,0,0,0,0,0,0,7,0,0,0
20230319,서울특별시,11,서대문구,11410,서울특별시,11,관악구,11620,0,0,0,0,0,0,0,12,0,0,0
20230319,서울특별시,11,서대문구,11410,서울특별시,11,서초구,11650,0,0,0,0,0,0,0,12,3,0,0
20230319,서울특별시,11,서대문구,11410,서울특별시,11,강남구,11680,0,0,0,0,0,0,0,8,0,0,0
20230319,서울특별시,11,서대문구,11410,서울특별시,11,송파구,11710,0,0,0,0,0,0,0,25,0,0,0
20230319,서울특별시,11,서대문구,11410,서울특별시,11,강동구,11740,0,0,0,0,0,0,0,14,0,0,0
20230319,서울특별시,11,관악구,11620,서울특별시,11,관악구,11620,0,0,0,3,0,0,3,0,0,0,97
20230319,서울특별시,11,관악구,11620,서울특별시,11,동작구,11590,0,0,0,0,7,0,9,0,0,0,70
20230319,서울특별시,11,관악구,11620,서울특별시,11,금천구,11545,0,0,0,0,3,0,0,0,0,0,28
20230319,서울특별시,11,용산구,11170,서울특별시,11,서대문구,11410,0,0,0,0,0,0,0,0,0,0,0
20230319,서울특별시,11,용산구,11170,서울특별시,11,마포구,11440,0,0,0,3,0,0,0,0,0,0,0
20230319,서울특별시,11,용산구,11170,서울특별시,11,양천구,11470,0,0,0,0,0,0,0,0,0,0,0
20230319,서울특별시,11,용산구,11170,서울특별시,11,강서구,11500,0,0,0,3,0,0,0,0,0,0,0
20230319,서울특별시,11,용산구,11170,서울특별시,11,구로구,11530,0,0,0,0,0,0,0,0,0,0,0
20230319,서울특별시,11,용산구,11170,서울특별시,11,영등포구,11560,0,0,0,0,0,0,0,0,0,0,0
20230319,서울특별시,11,용산구,11170,서울특별시,11,관악구,11620,0,0,0,0,0,0,0,0,0,0,0
20230319,서울특별시,11,용산구,11170,서울특별시,11,서초구,11650,0,0,0,3,0,0,0,0,0,0,0
20230319,서울특별시,11,용산구,11170,서울특별시,11,강남구,11680,0,0,0,6,0,0,0,0,0,0,0
20230319,서울특별시,11,용산구,11170,서울특별시,11,송파구,11710,0,0,0,0,0,0,0,0,0,0,0
20230319,서울특별시,11,용산구,11170,서울특별시,11,강동구,11740,0,0,0,0,0,0,0,0,0,0,0
20230319,서울특별시,11,중랑구,11260,서울특별시,11,강남구,11680,0,0,0,0,0,0,0,0,0,0,0
20230319,서울특별시,11,중랑구,11260,서울특별시,11,서초구,11650,0,0,0,0,0,0,0,0,0,0,0
20230319,서울특별시,11,중랑구,11260,서울특별시,11,관악구,11620,0,0,0,0,0,0,0,0,0,0,0
20230319,서울특별시,11,중랑구,11260,서울특별시,11,구로구,11530,0,0,0,0,0,0,0,0,0,0,0
20230319,서울특별시,11,중랑구,11260,서울특별시,11,강서구,11500,0,0,0,0,0,0,0,0,0,0,0
20230319,서울특별시,11,중랑구,11260,서울특별시,11,은평구,11380,0,0,0,0,0,0,0,0,0,0,0
20230319,서울특별시,11,중랑구,11260,서울특별시,11,중랑구,11260,0,0,0,0,0,0,0,0,0,0,0
20230319,서울특별시,11,중랑구,11260,서울특별시,11,용산구,11170,0,0,0,0,0,0,0,0,0,0,0
20230319,서울특별시,11,중랑구,11260,서울특별시,11,중구,11140,0,0,0,0,0,0,0,0,0,0,0
20230319,서울특별시,11,중랑구,11260,서울특별시,11,종로구,11110,0,0,0,0,0,0,0,0,0,0,0
20230319,서울특별시,11,송파구,11710,서울특별시,11,송파구,11710,0,0,0,0,0,0,3,0,0,0,0
20230319,서울특별시,11,송파구,11710,서울특별시,11,서초구,11650,0,0,0,0,0,0,0,0,0,0,0
20230319,서울특별시,11,송파구,11710,서울특별시,11,강서구,11500,0,0,0,0,0,0,0,0,0,0,0
20230319,서울특별시,11,금천구,11545,서울특별시,11,종로구,11110,0,0,0,0,0,0,0,0,11,4,0
20230319,서울특별시,11,금천구,11545,서울특별시,11,중구,11140,0,0,0,0,0,0,0,5,13,9,3
20230319,서울특별시,11,금천구,11545,서울특별시,11,용산구,11170,0,0,0,0,0,0,4,3,17,5,9
20230319,서울특별시,11,금천구,11545,서울특별시,11,성동구,11200,0,0,0,0,0,0,5,9,26,9,7
20230319,서울특별시,11,금천구,11545,서울특별시,11,광진구,11215,0,0,0,0,0,0,0,7,15,8,8
20230319,서울특별시,11,금천구,11545,서울특별시,11,동대문구,11230,0,0,0,0,0,0,0,5,21,11,3
20230319,서울특별시,11,금천구,11545,서울특별시,11,중랑구,11260,0,0,0,0,0,0,0,0,16,10,5
20230319,서울특별시,11,금천구,11545,서울특별시,11,성북구,11290,0,0,0,0,0,0,3,4,34,11,8
20230319,서울특별시,11,금천구,11545,서울특별시,11,강북구,11305,0,0,0,0,0,0,3,3,11,6,3
20230319,서울특별시,11,금천구,11545,서울특별시,11,도봉구,11320,0,0,0,0,0,0,0,0,12,7,0
20230319,서울특별시,11,금천구,11545,서울특별시,11,노원구,11350,0,0,0,0,0,7,3,5,40,18,0
20230319,서울특별시,11,금천구,11545,서울특별시,11,은평구,11380,0,0,0,0,0,4,3,10,27,13,6
20230319,서울특별시,11,금천구,11545,서울특별시,11,서대문구,11410,0,0,0,0,5,0,0,6,18,9,5
20230319,서울특별시,11,종로구,11110,서울특별시,11,강동구,11740,0,0,0,0,0,0,0,0,0,0,0
20230319,서울특별시,11,종로구,11110,서울특별시,11,송파구,11710,0,0,0,0,0,0,0,0,0,0,0
20230319,서울특별시,11,종로구,11110,서울특별시,11,강남구,11680,0,0,0,0,0,0,0,0,0,0,0
20230319,서울특별시,11,종로구,11110,서울특별시,11,관악구,11620,0,0,0,0,0,0,0,0,0,0,0
20230319,서울특별시,11,종로구,11110,서울특별시,11,마포구,11440,0,0,0,0,0,0,0,0,0,0,0
20230319,서울특별시,11,종로구,11110,서울특별시,11,성북구,11290,0,0,0,0,0,0,0,0,0,0,0
20230319,서울특별시,11,종로구,11110,서울특별시,11,용산구,11170,0,0,0,0,0,0,0,0,0,0,0
20230319,서울특별시,11,종로구,11110,서울특별시,11,중구,11140,0,0,0,0,0,0,0,0,0,0,0
20230319,서울특별시,11,종로구,11110,서울특별시,11,종로구,11110,0,0,0,0,0,0,0,0,0,0,0
20230319,서울특별시,11,금천구,11545,서울특별시,11,마포구,11440,0,0,0,0,0,0,0,9,39,9,9
20230319,서울특별시,11,금천구,11545,서울특별시,11,양천구,11470,0,0,0,0,3,0,3,4,37,15,8
20230319,서울특별시,11,금천구,11545,서울특별시,11,강서구,11500,0,0,0,0,0,0,3,6,42,21,11
20230319,서울특별시,11,금천구,11545,서울특별시,11,구로구,11530,0,0,0,0,0,3,0,5,34,14,7
20230319,서울특별시,11,금천구,11545,서울특별시,11,금천구,11545,0,0,0,0,0,0,0,5,12,12,4
20230319,서울특별시,11,금천구,11545,서울특별시,11,영등포구,11560,0,0,0,0,0,0,4,6,31,10,7
20230319,서울특별시,11,금천구,11545,서울특별시,11,동작구,11590,0,0,0,0,0,0,0,5,26,12,0
20230319,서울특별시,11,금천구,11545,서울특별시,11,관악구,11620,0,0,0,0,0,0,4,7,31,14,7
20230319,서울특별시,11,금천구,11545,서울특별시,11,서초구,11650,0,0,0,0,0,5,4,6,38,17,14
20230319,서울특별시,11,금천구,11545,서울특별시,11,강남구,11680,3,0,0,0,4,0,8,9,45,24,24
20230319,서울특별시,11,금천구,11545,서울특별시,11,송파구,11710,0,0,0,0,0,0,6,11,47,27,11
20230319,서울특별시,11,금천구,11545,서울특별시,11,강동구,11740,0,0,0,0,0,6,0,8,47,21,9
20230319,서울특별시,11,강동구,11740,서울특별시,11,중구,11140,0,0,0,0,0,0,0,0,0,0,0
20230319,서울특별시,11,강동구,11740,서울특별시,11,성동구,11200,0,0,0,0,0,0,0,0,0,0,0
20230319,서울특별시,11,강동구,11740,서울특별시,11,광진구,11215,0,0,0,0,0,0,0,0,0,0,0
20230319,서울특별시,11,강동구,11740,서울특별시,11,성북구,11290,0,0,0,0,0,0,0,0,0,0,0
20230319,서울특별시,11,강동구,11740,서울특별시,11,은평구,11380,0,0,0,0,0,0,0,0,0,0,0
20230319,서울특별시,11,강동구,11740,서울특별시,11,마포구,11440,0,0,0,0,0,0,0,0,0,0,0
20230319,서울특별시,11,강동구,11740,서울특별시,11,강서구,11500,0,0,0,0,0,0,0,0,0,0,0
20230319,서울특별시,11,강동구,11740,서울특별시,11,금천구,11545,0,0,0,0,0,0,0,0,0,0,0
20230319,서울특별시,11,강동구,11740,서울특별시,11,영등포구,11560,0,0,0,0,0,0,0,0,0,0,0
20230319,서울특별시,11,강동구,11740,서울특별시,11,동작구,11590,0,0,0,0,0,0,0,0,0,0,0
20230319,서울특별시,11,강동구,11740,서울특별시,11,관악구,11620,0,0,0,0,0,0,0,0,0,0,0
20230319,서울특별시,11,강동구,11740,서울특별시,11,강남구,11680,0,0,0,0,0,0,0,0,0,0,0
20230319,서울특별시,11,강동구,11740,서울특별시,11,송파구,11710,0,0,0,0,0,0,0,0,0,0,0
20230319,서울특별시,11,강동구,11740,서울특별시,11,강동구,11740,0,0,0,0,0,0,0,0,0,0,0
20230319,서울특별시,11,강남구,11680,서울특별시,11,중구,11140,0,0,0,0,0,0,0,0,0,0,0
20230319,서울특별시,11,강남구,11680,서울특별시,11,용산구,11170,0,0,0,0,0,0,0,0,0,0,0
20230319,서울특별시,11,강남구,11680,서울특별시,11,성동구,11200,0,0,0,0,0,0,4,0,0,0,0
20230319,서울특별시,11,강남구,11680,서울특별시,11,광진구,11215,0,0,0,0,0,0,5,0,5,0,0
20230319,서울특별시,11,강남구,11680,서울특별시,11,동대문구,11230,0,0,0,0,0,0,0,0,5,0,0
20230319,서울특별시,11,강남구,11680,서울특별시,11,중랑구,11260,0,0,0,0,0,0,0,0,3,0,0
20230319,서울특별시,11,강남구,11680,서울특별시,11,성북구,11290,0,0,0,0,0,0,0,0,3,3,0
20230319,서울특별시,11,강남구,11680,서울특별시,11,강북구,11305,0,0,0,0,0,0,0,0,0,0,0
20230319,서울특별시,11,강남구,11680,서울특별시,11,도봉구,11320,0,0,0,0,0,0,0,0,0,0,0
20230319,서울특별시,11,강남구,11680,서울특별시,11,노원구,11350,0,0,0,0,0,0,0,0,3,0,0
20230319,서울특별시,11,강남구,11680,서울특별시,11,은평구,11380,0,0,0,0,0,0,0,0,3,0,0
20230319,서울특별시,11,강남구,11680,서울특별시,11,서대문구,11410,0,0,0,0,3,0,0,0,0,0,0
20230319,서울특별시,11,강남구,11680,서울특별시,11,마포구,11440,0,0,0,0,0,0,0,0,5,0,0
20230319,서울특별시,11,강남구,11680,서울특별시,11,양천구,11470,0,0,0,0,0,0,0,0,5,0,0
20230319,서울특별시,11,강남구,11680,서울특별시,11,강서구,11500,0,0,0,0,0,0,0,0,4,0,0
20230319,서울특별시,11,강남구,11680,서울특별시,11,구로구,11530,0,0,0,0,0,0,0,0,7,0,0
20230319,서울특별시,11,강남구,11680,서울특별시,11,금천구,11545,0,0,0,0,0,0,0,0,3,0,0
20230319,서울특별시,11,강남구,11680,서울특별시,11,영등포구,11560,0,0,0,0,3,0,0,0,0,0,0
20230319,서울특별시,11,강남구,11680,서울특별시,11,동작구,11590,0,0,0,0,0,0,0,0,4,0,0
20230319,서울특별시,11,강남구,11680,서울특별시,11,관악구,11620,0,0,0,0,0,0,0,0,0,0,0
20230319,서울특별시,11,강남구,11680,서울특별시,11,서초구,11650,0,0,0,0,8,0,13,0,5,0,105
20230319,서울특별시,11,강남구,11680,서울특별시,11,강남구,11680,0,0,0,0,8,0,11,0,3,0,88
20230319,서울특별시,11,강남구,11680,서울특별시,11,송파구,11710,0,0,0,0,11,0,18,0,4,0,134
20230319,서울특별시,11,강남구,11680,서울특별시,11,강동구,11740,0,0,0,0,5,0,0,0,0,0,0
20230319,서울특별시,11,영등포구,11560,서울특별시,11,강동구,11740,0,0,0,0,0,0,0,0,0,0,0
20230319,서울특별시,11,영등포구,11560,서울특별시,11,송파구,11710,0,0,0,0,0,0,0,0,0,0,0
20230319,서울특별시,11,영등포구,11560,서울특별시,11,강남구,11680,0,0,0,0,0,0,0,0,0,0,0
20230319,서울특별시,11,영등포구,11560,서울특별시,11,서초구,11650,0,0,0,0,3,0,0,0,0,0,0
20230319,서울특별시,11,영등포구,11560,서울특별시,11,동작구,11590,0,0,0,0,0,0,0,0,0,0,0
20230319,서울특별시,11,영등포구,11560,서울특별시,11,금천구,11545,0,0,0,0,0,0,0,0,0,0,0
20230319,서울특별시,11,영등포구,11560,서울특별시,11,구로구,11530,0,0,0,0,0,0,0,0,0,0,0
20230319,서울특별시,11,영등포구,11560,서울특별시,11,마포구,11440,0,0,0,0,4,0,3,0,0,0,0
20230319,서울특별시,11,중구,11140,서울특별시,11,구로구,11530,0,0,0,0,0,0,0,0,0,0,0
20230319,서울특별시,11,중구,11140,서울특별시,11,금천구,11545,0,0,0,0,0,0,0,0,0,0,0
20230319,서울특별시,11,중구,11140,서울특별시,11,영등포구,11560,0,0,0,0,0,0,0,0,0,0,0
20230319,서울특별시,11,중구,11140,서울특별시,11,관악구,11620,0,0,0,0,0,0,0,0,0,0,0
20230319,서울특별시,11,중구,11140,서울특별시,11,서초구,11650,0,0,0,0,0,0,0,0,0,5,0
20230319,서울특별시,11,중구,11140,서울특별시,11,강남구,11680,0,5,0,0,0,0,0,0,0,5,0
20230319,서울특별시,11,중구,11140,서울특별시,11,송파구,11710,0,3,0,0,0,0,0,0,0,0,0
20230319,서울특별시,11,중구,11140,서울특별시,11,강동구,11740,0,0,0,0,0,0,0,0,0,0,0
20230319,서울특별시,11,중구,11140,서울특별시,11,강서구,11500,0,3,0,0,0,0,0,0,0,5,0
20230319,서울특별시,11,중구,11140,서울특별시,11,양천구,11470,0,0,0,0,0,0,0,0,0,3,0
20230319,서울특별시,11,중구,11140,서울특별시,11,마포구,11440,0,7,0,0,0,0,0,0,0,3,0
20230319,서울특별시,11,중구,11140,서울특별시,11,서대문구,11410,0,7,0,0,0,0,0,0,0,0,0
20230319,서울특별시,11,중구,11140,서울특별시,11,은평구,11380,0,3,0,0,0,0,0,0,0,5,0
20230319,서울특별시,11,중구,11140,서울특별시,11,도봉구,11320,0,0,0,0,0,0,0,0,0,3,0
20230319,서울특별시,11,중구,11140,서울특별시,11,성북구,11290,0,0,0,0,0,0,0,0,0,0,0
20230319,서울특별시,11,중구,11140,서울특별시,11,중랑구,11260,0,0,0,0,0,0,0,0,0,0,0
20230319,서울특별시,11,중구,11140,서울특별시,11,동대문구,11230,0,0,0,0,0,0,0,0,0,5,0
20230319,서울특별시,11,중구,11140,서울특별시,11,광진구,11215,0,0,0,0,0,0,0,0,0,3,0
20230319,서울특별시,11,중구,11140,서울특별시,11,성동구,11200,0,0,0,0,0,0,0,0,0,5,0
20230319,서울특별시,11,중구,11140,서울특별시,11,용산구,11170,0,24,0,0,0,0,0,0,0,11,0
20230319,서울특별시,11,중구,11140,서울특별시,11,중구,11140,0,14,0,0,0,0,0,0,0,0,0
20230319,서울특별시,11,동대문구,11230,서울특별시,11,종로구,11110,0,17,0,0,3,0,0,0,0,0,0
20230319,서울특별시,11,동대문구,11230,서울특별시,11,중구,11140,0,0,0,0,3,0,0,0,0,0,0
20230319,서울특별시,11,중구,11140,서울특별시,11,종로구,11110,0,16,0,0,0,0,0,0,0,4,0
20230319,서울특별시,11,영등포구,11560,서울특별시,11,서대문구,11410,0,0,0,0,0,0,3,0,0,0,0
20230319,서울특별시,11,영등포구,11560,서울특별시,11,은평구,11380,0,0,0,0,0,0,0,0,0,0,0
20230319,서울특별시,11,영등포구,11560,서울특별시,11,노원구,11350,0,0,0,0,0,0,0,0,0,0,0
20230319,서울특별시,11,영등포구,11560,서울특별시,11,강북구,11305,0,0,0,0,0,0,0,0,0,0,0
20230319,서울특별시,11,영등포구,11560,서울특별시,11,성북구,11290,0,0,0,0,0,0,0,0,0,0,0
20230319,서울특별시,11,영등포구,11560,서울특별시,11,중랑구,11260,0,0,0,0,0,0,0,0,0,0,0
20230319,서울특별시,11,영등포구,11560,서울특별시,11,동대문구,11230,0,0,0,0,0,0,0,0,0,0,0
20230319,서울특별시,11,영등포구,11560,서울특별시,11,광진구,11215,0,0,0,0,4,0,0,0,0,0,0
20230319,서울특별시,11,영등포구,11560,서울특별시,11,성동구,11200,0,0,0,0,0,0,4,0,0,0,0
20230319,서울특별시,11,영등포구,11560,서울특별시,11,용산구,11170,0,0,0,0,4,0,4,0,0,0,0
20230319,서울특별시,11,영등포구,11560,서울특별시,11,중구,11140,0,0,0,0,0,0,0,0,0,0,0
20230319,서울특별시,11,영등포구,11560,서울특별시,11,종로구,11110,0,0,0,0,0,0,3,0,0,0,0
20230319,서울특별시,11,구로구,11530,서울특별시,11,송파구,11710,0,0,0,0,0,0,0,0,4,0,0
20230319,서울특별시,11,구로구,11530,서울특별시,11,강남구,11680,0,0,0,0,0,0,0,0,0,0,0
20230319,서울특별시,11,구로구,11530,서울특별시,11,서초구,11650,0,0,0,0,0,0,0,0,0,0,0
20230319,서울특별시,11,구로구,11530,서울특별시,11,동작구,11590,0,0,0,0,0,0,0,0,3,0,0
20230319,서울특별시,11,구로구,11530,서울특별시,11,영등포구,11560,0,0,0,0,0,0,0,0,3,0,0
20230319,서울특별시,11,구로구,11530,서울특별시,11,금천구,11545,0,0,0,0,0,0,0,0,0,0,0
20230319,서울특별시,11,구로구,11530,서울특별시,11,구로구,11530,0,0,0,0,0,0,0,0,0,0,0
20230319,서울특별시,11,구로구,11530,서울특별시,11,강서구,11500,0,0,0,0,0,0,0,0,5,0,0
20230319,서울특별시,11,구로구,11530,서울특별시,11,양천구,11470,0,0,0,0,0,0,0,0,3,0,0
20230319,서울특별시,11,구로구,11530,서울특별시,11,마포구,11440,0,0,0,0,0,0,0,0,3,0,0
20230319,서울특별시,11,구로구,11530,서울특별시,11,서대문구,11410,0,0,0,0,0,0,0,0,0,0,0
20230319,서울특별시,11,구로구,11530,서울특별시,11,노원구,11350,0,0,0,0,0,0,0,0,4,0,0
20230319,서울특별시,11,구로구,11530,서울특별시,11,도봉구,11320,0,0,0,0,0,0,0,0,0,0,0
20230319,서울특별시,11,구로구,11530,서울특별시,11,성북구,11290,0,0,0,0,0,0,0,0,0,0,0
20230319,서울특별시,11,구로구,11530,서울특별시,11,동대문구,11230,0,0,0,0,0,0,0,0,0,0,0
20230319,서울특별시,11,구로구,11530,서울특별시,11,광진구,11215,0,0,0,0,0,0,0,0,3,0,0
20230319,서울특별시,11,구로구,11530,서울특별시,11,성동구,11200,0,0,0,0,0,0,0,0,0,0,0
20230319,서울특별시,11,구로구,11530,서울특별시,11,중구,11140,0,0,0,0,0,0,0,0,0,0,0
20230319,서울특별시,11,구로구,11530,서울특별시,11,종로구,11110,0,0,0,0,0,0,0,0,0,0,0
20230319,서울특별시,11,동대문구,11230,서울특별시,11,용산구,11170,0,12,0,0,12,0,0,0,0,0,0
20230319,서울특별시,11,동대문구,11230,서울특별시,11,성동구,11200,0,4,0,0,13,0,0,0,0,0,0
20230319,서울특별시,11,동대문구,11230,서울특별시,11,광진구,11215,0,27,0,0,10,0,3,0,0,0,0
20230319,서울특별시,11,동대문구,11230,서울특별시,11,동대문구,11230,0,3,0,0,25,0,0,0,0,0,0
20230319,서울특별시,11,동대문구,11230,서울특별시,11,중랑구,11260,0,0,0,0,29,0,0,0,0,0,0
20230319,서울특별시,11,동대문구,11230,서울특별시,11,성북구,11290,0,5,0,0,26,0,0,0,0,0,0
20230319,서울특별시,11,동대문구,11230,서울특별시,11,강북구,11305,0,5,0,0,23,0,0,0,0,0,0
20230320,서울특별시,11,강북구,11305,서울특별시,11,강북구,11305,4,22,7,12,16,0,33,3,75,17,11
20230320,서울특별시,11,강북구,11305,서울특별시,11,성북구,11290,0,30,7,14,23,3,17,7,115,22,12
20230320,서울특별시,11,강북구,11305,서울특별시,11,중랑구,11260,4,30,5,8,10,3,21,0,112,20,12
20230320,서울특별시,11,강북구,11305,서울특별시,11,동대문구,11230,0,17,7,17,24,3,22,5,109,26,7
20230320,서울특별시,11,강북구,11305,서울특별시,11,광진구,11215,3,22,5,9,12,0,14,0,90,18,19
20230320,서울특별시,11,강북구,11305,서울특별시,11,성동구,11200,0,38,18,12,23,3,10,0,88,25,10
20230320,서울특별시,11,강북구,11305,서울특별시,11,용산구,11170,0,14,7,10,16,0,9,3,58,11,9
20230320,서울특별시,11,강북구,11305,서울특별시,11,중구,11140,0,12,3,5,12,0,11,4,45,15,3
20230320,서울특별시,11,강북구,11305,서울특별시,11,종로구,11110,0,17,0,7,8,0,10,0,39,12,5
20230320,서울특별시,11,송파구,11710,서울특별시,11,노원구,11350,7,77,31,19,72,41,63,10,128,40,18
20230320,서울특별시,11,송파구,11710,서울특별시,11,도봉구,11320,5,33,17,16,27,25,39,6,65,27,17
20230320,서울특별시,11,송파구,11710,서울특별시,11,강북구,11305,3,37,15,18,32,12,32,0,83,23,17
20230320,서울특별시,11,서초구,11650,서울특별시,11,도봉구,11320,6,31,24,16,63,7,54,8,46,17,13
20230320,서울특별시,11,서초구,11650,서울특별시,11,강북구,11305,6,40,16,16,77,0,55,7,47,17,14
20230320,서울특별시,11,서초구,11650,서울특별시,11,성북구,11290,11,75,54,17,134,9,83,7,98,52,29
20230320,서울특별시,11,서초구,11650,서울특별시,11,중랑구,11260,6,48,14,20,76,5,61,11,49,23,22
20230320,서울특별시,11,서초구,11650,서울특별시,11,동대문구,11230,5,63,30,14,104,4,59,10,65,23,32
20230320,서울특별시,11,동작구,11590,서울특별시,11,강동구,11740,10,17,31,16,54,7,28,24,63,37,23
20230320,서울특별시,11,금천구,11545,서울특별시,11,종로구,11110,12,40,22,46,43,16,41,6,54,39,95
20230320,서울특별시,11,금천구,11545,서울특별시,11,중구,11140,18,54,35,47,40,28,32,8,82,44,109
20230320,서울특별시,11,금천구,11545,서울특별시,11,용산구,11170,14,59,16,74,63,33,47,8,85,43,140
20230320,서울특별시,11,금천구,11545,서울특별시,11,성동구,11200,8,114,23,76,86,41,61,13,117,94,170
20230320,서울특별시,11,금천구,11545,서울특별시,11,광진구,11215,17,66,28,72,68,37,62,10,117,50,207
20230320,서울특별시,11,금천구,11545,서울특별시,11,동대문구,11230,18,83,27,89,91,27,74,7,108,127,197
20230320,서울특별시,11,강동구,11740,서울특별시,11,강동구,11740,9,31,8,16,51,12,77,0,60,76,12
20230320,서울특별시,11,강동구,11740,서울특별시,11,송파구,11710,25,110,18,30,120,15,96,10,70,123,19
20230320,서울특별시,11,강동구,11740,서울특별시,11,강남구,11680,28,104,18,31,117,33,144,7,80,110,31
20230320,서울특별시,11,강동구,11740,서울특별시,11,서초구,11650,15,86,16,24,87,10,86,3,50,93,14
20230320,서울특별시,11,강동구,11740,서울특별시,11,관악구,11620,15,49,8,25,51,8,67,4,54,72,6
20230320,서울특별시,11,강동구,11740,서울특별시,11,동작구,11590,9,45,8,22,45,11,44,0,20,66,11
20230320,서울특별시,11,강동구,11740,서울특별시,11,영등포구,11560,9,41,6,16,60,8,58,7,20,58,12
20230320,서울특별시,11,강동구,11740,서울특별시,11,금천구,11545,0,65,5,22,39,6,31,0,48,33,9
20230320,서울특별시,11,강동구,11740,서울특별시,11,구로구,11530,6,41,17,29,40,10,48,0,40,57,12
20230320,서울특별시,11,강동구,11740,서울특별시,11,강서구,11500,22,85,10,34,94,15,88,6,62,67,17
20230320,서울특별시,11,강동구,11740,서울특별시,11,양천구,11470,12,52,12,21,51,4,50,5,34,75,13
20230320,서울특별시,11,강동구,11740,서울특별시,11,마포구,11440,10,51,12,26,66,11,93,5,42,72,12
20230320,서울특별시,11,강동구,11740,서울특별시,11,서대문구,11410,6,41,13,13,37,5,61,0,23,43,8
20230320,서울특별시,11,강동구,11740,서울특별시,11,은평구,11380,7,45,12,15,49,9,56,5,39,62,8
20230320,서울특별시,11,강동구,11740,서울특별시,11,노원구,11350,7,35,8,23,63,9,64,10,22,51,12
20230320,서울특별시,11,강동구,11740,서울특별시,11,도봉구,11320,5,16,6,18,31,0,40,0,20,46,4
20230320,서울특별시,11,강동구,11740,서울특별시,11,강북구,11305,10,20,5,14,41,7,34,0,24,38,4
20230320,서울특별시,11,강동구,11740,서울특별시,11,성북구,11290,15,32,12,21,56,9,71,6,47,75,7
20230320,서울특별시,11,강동구,11740,서울특별시,11,중랑구,11260,11,30,13,17,36,8,63,6,36,51,7
20230320,서울특별시,11,강동구,11740,서울특별시,11,동대문구,11230,7,35,8,7,33,4,43,0,39,53,7
20230320,서울특별시,11,강동구,11740,서울특별시,11,광진구,11215,11,42,8,14,46,6,54,0,32,69,12
20230320,서울특별시,11,강동구,11740,서울특별시,11,성동구,11200,5,68,22,12,64,10,54,0,83,78,6
20230320,서울특별시,11,강동구,11740,서울특별시,11,용산구,11170,9,36,11,23,44,3,55,3,26,42,9
20230320,서울특별시,11,강동구,11740,서울특별시,11,중구,11140,8,34,12,6,39,5,30,0,39,30,5
20230320,서울특별시,11,강동구,11740,서울특별시,11,종로구,11110,4,24,8,6,35,4,38,3,22,34,6
20230320,서울특별시,11,금천구,11545,서울특별시,11,중랑구,11260,21,55,16,76,34,15,58,12,99,69,197
20230320,서울특별시,11,금천구,11545,서울특별시,11,성북구,11290,22,55,31,89,82,31,73,16,141,84,236
20230320,서울특별시,11,금천구,11545,서울특별시,11,강북구,11305,9,25,11,49,43,10,48,0,69,41,137
20230320,서울특별시,11,금천구,11545,서울특별시,11,도봉구,11320,9,31,17,54,48,20,54,8,80,37,141
20230320,서울특별시,11,송파구,11710,서울특별시,11,성북구,11290,5,74,22,35,45,47,58,8,193,47,24
20230320,서울특별시,11,송파구,11710,서울특별시,11,중랑구,11260,3,58,17,22,50,19,39,8,96,42,20
20230320,서울특별시,11,송파구,11710,서울특별시,11,동대문구,11230,3,43,18,21,49,30,69,7,146,46,11
20230320,서울특별시,11,용산구,11170,서울특별시,11,노원구,11350,12,59,13,325,59,3,47,10,94,22,16
20230320,서울특별시,11,관악구,11620,서울특별시,11,광진구,11215,0,27,28,12,41,4,8,0,35,20,15
20230320,서울특별시,11,관악구,11620,서울특별시,11,동대문구,11230,6,27,60,8,39,0,12,3,57,23,10
20230320,서울특별시,11,관악구,11620,서울특별시,11,중랑구,11260,0,23,14,9,27,0,9,8,44,14,11
20230320,서울특별시,11,관악구,11620,서울특별시,11,성북구,11290,7,30,58,12,38,0,8,3,61,37,15
20230320,서울특별시,11,관악구,11620,서울특별시,11,강북구,11305,4,17,19,9,18,3,0,0,34,20,11
20230320,서울특별시,11,관악구,11620,서울특별시,11,도봉구,11320,0,15,13,7,23,0,6,0,33,20,13
20230320,서울특별시,11,노원구,11350,서울특별시,11,강동구,11740,4,12,14,27,65,7,37,35,74,38,32
20230320,서울특별시,11,강남구,11680,서울특별시,11,종로구,11110,10,107,20,19,63,31,84,7,144,56,77
20230320,서울특별시,11,강남구,11680,서울특별시,11,중구,11140,15,121,31,40,73,14,79,12,185,61,114
20230320,서울특별시,11,강남구,11680,서울특별시,11,용산구,11170,15,135,29,36,90,16,89,15,194,70,178
20230320,서울특별시,11,서초구,11650,서울특별시,11,광진구,11215,6,58,41,20,74,6,59,5,53,22,30
20230320,서울특별시,11,서초구,11650,서울특별시,11,성동구,11200,8,72,62,18,72,12,73,13,140,60,28
20230320,서울특별시,11,서초구,11650,서울특별시,11,용산구,11170,18,60,54,25,62,5,49,4,56,22,48
20230320,서울특별시,11,서초구,11650,서울특별시,11,중구,11140,5,28,59,18,48,3,50,0,62,19,19
20230320,서울특별시,11,서초구,11650,서울특별시,11,종로구,11110,0,39,60,14,35,3,45,4,34,12,21
20230320,서울특별시,11,노원구,11350,서울특별시,11,송파구,11710,17,34,19,36,104,12,73,37,123,43,46
20230320,서울특별시,11,노원구,11350,서울특별시,11,강남구,11680,11,52,17,33,116,29,76,28,98,30,46
20230320,서울특별시,11,노원구,11350,서울특별시,11,서초구,11650,14,50,9,26,84,15,33,11,76,28,22
20230320,서울특별시,11,용산구,11170,서울특별시,11,구로구,11530,4,49,8,370,38,6,45,6,95,28,16
20230320,서울특별시,11,용산구,11170,서울특별시,11,강서구,11500,4,99,14,491,73,6,55,13,129,37,19
20230320,서울특별시,11,용산구,11170,서울특별시,11,양천구,11470,9,45,11,287,33,5,34,9,98,34,15
20230320,서울특별시,11,용산구,11170,서울특별시,11,마포구,11440,9,77,21,380,81,4,37,11,134,30,17
20230320,서울특별시,11,용산구,11170,서울특별시,11,서대문구,11410,9,47,16,247,31,0,29,9,70,12,16
20230320,서울특별시,11,용산구,11170,서울특별시,11,은평구,11380,5,49,4,293,41,8,42,6,98,25,22
20230320,서울특별시,11,용산구,11170,서울특별시,11,성동구,11200,8,60,14,288,48,9,44,9,132,38,16
20230320,서울특별시,11,금천구,11545,서울특별시,11,노원구,11350,28,71,33,94,86,27,87,17,134,82,260
20230320,서울특별시,11,금천구,11545,서울특별시,11,은평구,11380,23,57,28,88,77,27,82,16,111,61,267
20230320,서울특별시,11,금천구,11545,서울특별시,11,서대문구,11410,21,53,25,82,66,30,57,15,106,49,214
20230320,서울특별시,11,금천구,11545,서울특별시,11,마포구,11440,32,77,45,97,103,48,83,10,148,187,263
20230320,서울특별시,11,금천구,11545,서울특별시,11,양천구,11470,28,61,34,80,74,55,70,16,152,83,259
20230320,서울특별시,11,금천구,11545,서울특별시,11,강서구,11500,30,95,47,122,127,62,94,22,172,132,303
20230320,서울특별시,11,금천구,11545,서울특별시,11,구로구,11530,28,62,35,107,104,31,53,8,116,62,251
20230320,서울특별시,11,종로구,11110,서울특별시,11,종로구,11110,7,41,37,13,39,3,52,0,107,39,8
20230320,서울특별시,11,종로구,11110,서울특별시,11,중구,11140,11,40,20,21,34,0,16,0,108,34,19
20230320,서울특별시,11,종로구,11110,서울특별시,11,용산구,11170,18,34,24,16,33,0,16,3,123,40,11
20230320,서울특별시,11,종로구,11110,서울특별시,11,성동구,11200,10,61,32,15,28,3,20,7,194,63,23
20230320,서울특별시,11,종로구,11110,서울특별시,11,광진구,11215,8,49,25,28,31,0,14,5,189,57,24
20230320,서울특별시,11,금천구,11545,서울특별시,11,금천구,11545,22,52,23,53,59,27,79,10,86,47,105
20230320,서울특별시,11,금천구,11545,서울특별시,11,영등포구,11560,22,73,46,117,88,55,83,14,143,83,265
20230320,서울특별시,11,금천구,11545,서울특별시,11,동작구,11590,11,52,16,98,69,27,69,9,132,63,233
20230320,서울특별시,11,금천구,11545,서울특별시,11,관악구,11620,33,61,31,128,98,29,75,15,181,83,276
20230320,서울특별시,11,금천구,11545,서울특별시,11,서초구,11650,27,99,51,119,115,82,85,14,140,92,275
20230320,서울특별시,11,금천구,11545,서울특별시,11,강남구,11680,38,181,62,153,172,120,140,22,242,106,425
20230320,서울특별시,11,금천구,11545,서울특별시,11,송파구,11710,49,146,43,165,156,84,138,26,225,138,409
20230320,서울특별시,11,금천구,11545,서울특별시,11,강동구,11740,27,62,29,92,71,37,72,17,117,98,223
20230320,서울특별시,11,영등포구,11560,서울특별시,11,강동구,11740,11,72,16,41,44,7,29,4,87,50,35
20230320,서울특별시,11,영등포구,11560,서울특별시,11,송파구,11710,10,146,37,66,87,14,59,4,114,80,74
20230320,서울특별시,11,영등포구,11560,서울특별시,11,강남구,11680,12,171,39,71,106,15,75,10,123,67,58
20230320,서울특별시,11,영등포구,11560,서울특별시,11,서초구,11650,9,107,36,45,79,13,45,0,90,54,61
20230320,서울특별시,11,영등포구,11560,서울특별시,11,관악구,11620,16,103,21,51,71,7,39,0,98,57,58
20230320,서울특별시,11,광진구,11215,서울특별시,11,종로구,11110,12,13,22,15,26,3,5,3,71,36,7
20230320,서울특별시,11,광진구,11215,서울특별시,11,중구,11140,6,29,32,14,31,4,7,0,78,37,5
20230320,서울특별시,11,광진구,11215,서울특별시,11,용산구,11170,7,22,65,33,44,9,16,5,81,42,6
20230320,서울특별시,11,광진구,11215,서울특별시,11,성동구,11200,12,82,15,33,36,8,16,11,174,67,11
20230320,서울특별시,11,광진구,11215,서울특별시,11,광진구,11215,16,35,26,31,47,8,44,12,150,64,22
20230320,서울특별시,11,광진구,11215,서울특별시,11,동대문구,11230,28,26,18,27,49,4,13,9,140,70,17
20230320,서울특별시,11,광진구,11215,서울특별시,11,중랑구,11260,6,26,13,24,48,10,24,5,109,42,5
20230320,서울특별시,11,광진구,11215,서울특별시,11,성북구,11290,17,43,11,34,67,12,27,7,146,74,15
20230320,서울특별시,11,광진구,11215,서울특별시,11,강북구,11305,11,25,5,14,42,0,5,0,99,32,9
20230320,서울특별시,11,광진구,11215,서울특별시,11,도봉구,11320,9,26,4,11,39,6,13,6,87,42,7
20230320,서울특별시,11,광진구,11215,서울특별시,11,노원구,11350,11,40,11,22,64,8,26,10,152,74,19
20230320,서울특별시,11,광진구,11215,서울특별시,11,은평구,11380,14,32,10,21,67,21,24,9,123,77,11
20230320,서울특별시,11,광진구,11215,서울특별시,11,서대문구,11410,31,30,15,23,62,5,13,11,118,63,9
20230320,서울특별시,11,광진구,11215,서울특별시,11,마포구,11440,22,43,11,35,72,14,25,7,151,68,18
20230320,서울특별시,11,광진구,11215,서울특별시,11,양천구,11470,12,30,7,31,59,7,17,5,129,75,19
20230320,서울특별시,11,광진구,11215,서울특별시,11,강서구,11500,14,45,8,34,68,15,34,7,196,90,8
20230320,서울특별시,11,광진구,11215,서울특별시,11,구로구,11530,10,39,13,24,63,7,22,18,131,49,13
20230320,서울특별시,11,광진구,11215,서울특별시,11,금천구,11545,5,33,15,27,26,8,16,4,71,40,7
20230320,서울특별시,11,광진구,11215,서울특별시,11,영등포구,11560,24,40,27,43,53,8,26,7,156,64,9
20230320,서울특별시,11,광진구,11215,서울특별시,11,동작구,11590,13,41,9,28,49,7,13,9,135,57,14
20230320,서울특별시,11,광진구,11215,서울특별시,11,관악구,11620,27,51,9,35,69,8,27,9,177,73,10
20230320,서울특별시,11,광진구,11215,서울특별시,11,서초구,11650,13,51,13,39,66,8,27,8,168,56,18
20230320,서울특별시,11,광진구,11215,서울특별시,11,강남구,11680,23,80,21,52,97,14,40,19,209,96,24
20230320,서울특별시,11,광진구,11215,서울특별시,11,송파구,11710,19,56,14,59,92,19,33,10,203,95,18
20230320,서울특별시,11,광진구,11215,서울특별시,11,강동구,11740,13,50,13,34,73,9,22,16,143,75,13
20230320,서울특별시,11,강남구,11680,서울특별시,11,성동구,11200,21,187,63,35,98,29,113,9,343,136,191
20230320,서울특별시,11,강남구,11680,서울특별시,11,광진구,11215,13,145,33,38,79,17,117,11,288,104,177
20230320,서울특별시,11,강남구,11680,서울특별시,11,동대문구,11230,23,99,32,21,77,27,111,23,314,89,182
20230320,서울특별시,11,강남구,11680,서울특별시,11,중랑구,11260,16,112,23,37,75,29,76,10,222,71,168
20230320,서울특별시,11,성동구,11200,서울특별시,11,강동구,11740,11,65,26,34,62,7,58,5,236,83,58
20230320,서울특별시,11,성동구,11200,서울특별시,11,송파구,11710,24,143,40,55,120,17,83,11,414,150,126
20230320,서울특별시,11,성동구,11200,서울특별시,11,강남구,11680,36,194,56,74,154,35,134,17,465,180,112
20230320,서울특별시,11,성동구,11200,서울특별시,11,서초구,11650,20,104,29,43,99,20,77,12,352,100,73
20230320,서울특별시,11,성동구,11200,서울특별시,11,관악구,11620,21,103,7,52,162,6,68,14,371,101,73
20230320,서울특별시,11,성동구,11200,서울특별시,11,동작구,11590,16,75,11,38,51,3,50,8,275,102,41
20230320,서울특별시,11,성동구,11200,서울특별시,11,영등포구,11560,17,89,23,54,92,13,63,30,245,93,64
20230320,서울특별시,11,성동구,11200,서울특별시,11,금천구,11545,8,46,11,39,19,7,20,9,171,42,29
20230320,서울특별시,11,성동구,11200,서울특별시,11,구로구,11530,14,81,17,44,67,3,46,6,201,81,42
20230320,서울특별시,11,성동구,11200,서울특별시,11,강서구,11500,19,124,26,54,100,7,54,20,342,113,101
20230320,서울특별시,11,성동구,11200,서울특별시,11,양천구,11470,18,74,24,33,63,11,40,11,208,76,55
20230320,서울특별시,11,성동구,11200,서울특별시,11,마포구,11440,27,115,26,59,92,10,66,10,297,110,65
20230320,서울특별시,11,성동구,11200,서울특별시,11,서대문구,11410,14,70,10,43,39,8,30,7,213,74,46
20230320,서울특별시,11,성동구,11200,서울특별시,11,은평구,11380,24,63,12,45,62,5,49,0,259,76,50
20230320,서울특별시,11,성동구,11200,서울특별시,11,노원구,11350,21,59,15,51,66,7,50,7,227,92,52
20230320,서울특별시,11,성동구,11200,서울특별시,11,도봉구,11320,10,38,15,10,35,0,36,3,115,43,32
20230320,서울특별시,11,성동구,11200,서울특별시,11,강북구,11305,11,53,13,18,37,4,30,4,130,52,26
20230320,서울특별시,11,성동구,11200,서울특별시,11,성북구,11290,18,84,22,49,66,15,77,6,260,107,196
20230320,서울특별시,11,성동구,11200,서울특별시,11,중랑구,11260,19,56,8,26,46,4,48,4,177,57,38
20230320,서울특별시,11,성동구,11200,서울특별시,11,동대문구,11230,17,68,21,46,80,7,66,8,239,79,149
20230320,서울특별시,11,성동구,11200,서울특별시,11,광진구,11215,18,71,16,31,44,8,54,10,276,92,58
20230320,서울특별시,11,영등포구,11560,서울특별시,11,동작구,11590,7,76,30,35,51,4,34,0,77,55,64
20230320,서울특별시,11,영등포구,11560,서울특별시,11,영등포구,11560,11,143,51,56,48,11,75,6,73,64,53
20230320,서울특별시,11,은평구,11380,서울특별시,11,강동구,11740,0,10,11,9,42,10,75,0,26,12,58
20230320,서울특별시,11,은평구,11380,서울특별시,11,송파구,11710,5,19,11,10,51,31,97,10,39,26,66
20230320,서울특별시,11,은평구,11380,서울특별시,11,강남구,11680,4,34,28,12,53,27,91,0,44,11,52
20230320,서울특별시,11,은평구,11380,서울특별시,11,서초구,11650,6,18,8,5,37,18,56,5,28,13,43
20230320,서울특별시,11,은평구,11380,서울특별시,11,관악구,11620,6,12,10,7,28,9,64,6,37,12,50
20230320,서울특별시,11,은평구,11380,서울특별시,11,동작구,11590,5,14,4,4,40,9,66,0,28,0,37
20230320,서울특별시,11,동대문구,11230,서울특별시,11,종로구,11110,10,27,14,19,27,0,67,0,103,22,13
20230320,서울특별시,11,동대문구,11230,서울특별시,11,중구,11140,10,27,19,13,53,4,48,6,109,21,12
20230320,서울특별시,11,동대문구,11230,서울특별시,11,용산구,11170,6,26,7,24,46,0,67,3,126,23,15
20230320,서울특별시,11,동대문구,11230,서울특별시,11,성동구,11200,11,58,45,13,65,3,75,6,222,75,35
20230320,서울특별시,11,동대문구,11230,서울특별시,11,광진구,11215,15,44,16,16,61,6,103,10,202,42,30
20230320,서울특별시,11,동대문구,11230,서울특별시,11,동대문구,11230,11,58,24,22,64,7,106,4,208,42,34
20230320,서울특별시,11,동대문구,11230,서울특별시,11,중랑구,11260,8,46,16,20,63,0,93,0,154,32,23
20230320,서울특별시,11,동대문구,11230,서울특별시,11,성북구,11290,11,59,22,19,73,6,104,7,272,51,32
20230320,서울특별시,11,동대문구,11230,서울특별시,11,강북구,11305,3,34,3,20,47,11,75,5,113,20,24
20230320,서울특별시,11,동대문구,11230,서울특별시,11,도봉구,11320,4,32,4,11,65,0,72,6,121,37,28
20230320,서울특별시,11,동대문구,11230,서울특별시,11,노원구,11350,7,58,15,25,87,9,101,8,206,30,26
20230320,서울특별시,11,용산구,11170,서울특별시,11,광진구,11215,7,54,12,279,35,6,40,4,97,22,22
20230320,서울특별시,11,용산구,11170,서울특별시,11,동대문구,11230,4,40,10,248,31,4,28,0,90,28,8
20230320,서울특별시,11,용산구,11170,서울특별시,11,중랑구,11260,5,39,4,218,42,0,32,8,79,18,11
20230320,서울특별시,11,용산구,11170,서울특별시,11,성북구,11290,5,49,11,334,57,4,44,11,114,23,11
20230320,서울특별시,11,용산구,11170,서울특별시,11,강북구,11305,6,26,6,177,21,5,26,3,59,15,14
20230320,서울특별시,11,용산구,11170,서울특별시,11,도봉구,11320,8,36,6,180,22,0,26,7,56,16,14
20230320,서울특별시,11,용산구,11170,서울특별시,11,종로구,11110,3,28,14,201,23,0,18,4,43,13,10
20230320,서울특별시,11,용산구,11170,서울특별시,11,중구,11140,4,39,12,221,42,4,22,0,84,25,9
20230320,서울특별시,11,용산구,11170,서울특별시,11,용산구,11170,14,83,21,337,39,0,51,4,96,25,11
20230320,서울특별시,11,중랑구,11260,서울특별시,11,용산구,11170,13,44,3,26,44,8,47,7,78,39,27
20230320,서울특별시,11,성동구,11200,서울특별시,11,성동구,11200,20,158,44,50,54,11,61,6,329,107,50
20230320,서울특별시,11,성동구,11200,서울특별시,11,용산구,11170,13,65,16,22,46,6,44,6,174,53,35
20230320,서울특별시,11,성동구,11200,서울특별시,11,중구,11140,9,63,19,27,68,6,29,3,161,77,84
20230320,서울특별시,11,성동구,11200,서울특별시,11,종로구,11110,14,46,10,17,40,3,43,3,109,35,80
20230320,서울특별시,11,동대문구,11230,서울특별시,11,은평구,11380,11,63,13,18,89,12,135,7,210,43,23
20230320,서울특별시,11,동대문구,11230,서울특별시,11,서대문구,11410,9,40,8,17,66,9,82,7,171,33,27
20230320,서울특별시,11,동대문구,11230,서울특별시,11,마포구,11440,18,63,28,37,85,9,119,10,206,53,32
20230320,서울특별시,11,동대문구,11230,서울특별시,11,양천구,11470,14,54,10,18,75,6,114,13,187,36,54
20230320,서울특별시,11,동대문구,11230,서울특별시,11,강서구,11500,18,87,28,35,118,9,157,9,270,76,50
20230320,서울특별시,11,동대문구,11230,서울특별시,11,구로구,11530,7,52,13,23,92,9,115,24,179,29,26
20230320,서울특별시,11,동대문구,11230,서울특별시,11,금천구,11545,5,36,6,15,41,6,66,7,116,30,21
20230320,서울특별시,11,동대문구,11230,서울특별시,11,영등포구,11560,10,57,17,23,88,3,119,12,226,44,38
20230320,서울특별시,11,동대문구,11230,서울특별시,11,동작구,11590,9,44,15,18,74,7,88,10,169,37,28
20230320,서울특별시,11,동대문구,11230,서울특별시,11,관악구,11620,21,56,13,15,77,11,153,13,266,69,53
20230320,서울특별시,11,동대문구,11230,서울특별시,11,서초구,11650,9,53,16,29,76,9,149,11,198,50,38
20230320,서울특별시,11,동대문구,11230,서울특별시,11,강남구,11680,20,90,27,35,136,12,181,18,309,71,66
20230320,서울특별시,11,동대문구,11230,서울특별시,11,송파구,11710,17,87,15,42,123,13,172,13,355,76,64
20230320,서울특별시,11,동대문구,11230,서울특별시,11,강동구,11740,8,48,13,18,105,8,118,10,204,51,32
20230320,서울특별시,11,은평구,11380,서울특별시,11,영등포구,11560,7,19,18,7,33,9,65,0,38,9,44
20230320,서울특별시,11,중랑구,11260,서울특별시,11,중구,11140,7,51,10,21,28,9,26,7,68,37,19
20230320,서울특별시,11,중랑구,11260,서울특별시,11,종로구,11110,7,33,9,6,24,10,32,7,66,35,15
20230320,서울특별시,11,송파구,11710,서울특별시,11,광진구,11215,7,60,24,16,52,34,48,0,141,46,17
20230320,서울특별시,11,송파구,11710,서울특별시,11,성동구,11200,8,86,58,22,42,39,54,5,221,63,25
20230320,서울특별시,11,노원구,11350,서울특별시,11,관악구,11620,8,25,17,22,68,15,44,17,67,17,25
20230320,서울특별시,11,노원구,11350,서울특별시,11,동작구,11590,12,20,10,27,59,0,37,19,66,20,32
20230320,서울특별시,11,노원구,11350,서울특별시,11,영등포구,11560,13,16,10,29,77,7,34,22,73,24,26
20230320,서울특별시,11,노원구,11350,서울특별시,11,금천구,11545,8,76,6,23,28,3,24,13,57,25,19
20230320,서울특별시,11,관악구,11620,서울특별시,11,노원구,11350,4,27,29,14,37,5,15,0,53,31,15
20230320,서울특별시,11,관악구,11620,서울특별시,11,은평구,11380,6,26,23,8,38,3,17,4,35,31,13
20230320,서울특별시,11,관악구,11620,서울특별시,11,서대문구,11410,3,17,53,8,34,5,7,0,35,17,16
20230320,서울특별시,11,관악구,11620,서울특별시,11,마포구,11440,3,29,54,13,55,3,16,3,44,23,15
20230320,서울특별시,11,관악구,11620,서울특별시,11,양천구,11470,3,27,30,15,48,3,10,4,50,25,14
20230320,서울특별시,11,관악구,11620,서울특별시,11,강서구,11500,11,33,37,16,56,6,17,3,74,43,21
20230320,서울특별시,11,관악구,11620,서울특별시,11,구로구,11530,6,24,24,16,36,3,14,6,56,28,11
20230320,서울특별시,11,은평구,11380,서울특별시,11,금천구,11545,0,3,6,6,18,0,24,0,25,13,25
20230320,서울특별시,11,은평구,11380,서울특별시,11,구로구,11530,3,13,11,7,52,11,57,3,43,4,43
20230320,서울특별시,11,은평구,11380,서울특별시,11,강서구,11500,0,29,15,7,61,14,77,5,48,16,66
20230320,서울특별시,11,은평구,11380,서울특별시,11,양천구,11470,6,19,17,0,38,15,59,0,30,11,56
20230320,서울특별시,11,은평구,11380,서울특별시,11,마포구,11440,8,14,20,6,43,20,64,4,29,13,38
20230320,서울특별시,11,은평구,11380,서울특별시,11,서대문구,11410,0,10,16,5,32,15,43,0,38,14,34
20230320,서울특별시,11,은평구,11380,서울특별시,11,은평구,11380,0,22,22,6,57,10,103,3,60,23,44
20230320,서울특별시,11,은평구,11380,서울특별시,11,노원구,11350,4,15,11,4,54,17,71,0,34,7,46
20230320,서울특별시,11,은평구,11380,서울특별시,11,도봉구,11320,0,0,6,6,22,7,43,0,28,8,28
20230320,서울특별시,11,은평구,11380,서울특별시,11,강북구,11305,0,5,6,0,19,3,46,0,17,4,41
20230320,서울특별시,11,은평구,11380,서울특별시,11,성북구,11290,6,17,11,7,48,11,78,0,47,12,45
20230320,서울특별시,11,은평구,11380,서울특별시,11,중랑구,11260,0,17,9,0,33,7,32,4,27,13,34
20230320,서울특별시,11,은평구,11380,서울특별시,11,동대문구,11230,0,6,4,3,31,16,54,0,32,9,28
20230320,서울특별시,11,은평구,11380,서울특별시,11,광진구,11215,6,15,7,3,23,10,47,0,33,10,31
20230320,서울특별시,11,은평구,11380,서울특별시,11,성동구,11200,0,22,22,3,36,7,54,4,75,28,30
20230320,서울특별시,11,은평구,11380,서울특별시,11,용산구,11170,0,9,5,11,34,7,34,0,22,8,27
20230320,서울특별시,11,은평구,11380,서울특별시,11,중구,11140,0,10,7,0,14,10,28,0,34,7,20
20230320,서울특별시,11,은평구,11380,서울특별시,11,종로구,11110,4,9,5,0,15,0,35,0,26,6,17
20230320,서울특별시,11,종로구,11110,서울특별시,11,동대문구,11230,3,37,19,15,40,5,21,5,159,59,12
20230320,서울특별시,11,종로구,11110,서울특별시,11,중랑구,11260,4,33,9,16,34,0,12,4,120,51,23
20230320,서울특별시,11,종로구,11110,서울특별시,11,성북구,11290,13,53,46,16,54,3,26,10,215,58,25
20230320,서울특별시,11,종로구,11110,서울특별시,11,강북구,11305,3,33,11,19,19,0,10,0,103,33,18
20230320,서울특별시,11,종로구,11110,서울특별시,11,도봉구,11320,6,34,19,15,25,0,14,0,82,26,18
20230320,서울특별시,11,종로구,11110,서울특별시,11,노원구,11350,8,47,45,19,41,6,32,6,119,42,26
20230320,서울특별시,11,송파구,11710,서울특별시,11,강동구,11740,10,70,24,26,66,36,56,7,169,49,29
20230320,서울특별시,11,송파구,11710,서울특별시,11,송파구,11710,12,191,102,59,149,83,195,17,324,79,50
20230320,서울특별시,11,송파구,11710,서울특별시,11,강남구,11680,10,162,93,52,136,97,161,9,271,74,54
20230320,서울특별시,11,송파구,11710,서울특별시,11,서초구,11650,12,118,29,22,85,63,86,7,163,44,30
20230320,서울특별시,11,송파구,11710,서울특별시,11,관악구,11620,13,75,29,35,77,42,73,6,189,60,27
20230320,서울특별시,11,송파구,11710,서울특별시,11,동작구,11590,7,68,9,21,76,32,61,8,140,42,30
20230320,서울특별시,11,관악구,11620,서울특별시,11,금천구,11545,5,25,16,14,26,4,17,0,64,29,70
20230320,서울특별시,11,관악구,11620,서울특별시,11,영등포구,11560,7,32,28,10,44,5,18,3,47,26,15
20230320,서울특별시,11,관악구,11620,서울특별시,11,동작구,11590,3,32,40,23,44,0,25,0,44,32,117
20230320,서울특별시,11,관악구,11620,서울특별시,11,관악구,11620,8,61,61,25,67,3,57,4,78,34,134
20230320,서울특별시,11,관악구,11620,서울특별시,11,서초구,11650,11,45,45,17,41,0,16,11,51,30,23
20230320,서울특별시,11,관악구,11620,서울특별시,11,강남구,11680,12,46,60,30,63,7,27,4,63,34,41
20230320,서울특별시,11,관악구,11620,서울특별시,11,송파구,11710,4,43,47,20,76,6,29,8,57,49,22
20230320,서울특별시,11,관악구,11620,서울특별시,11,강동구,11740,4,32,21,20,50,6,13,6,47,27,15
20230320,서울특별시,11,영등포구,11560,서울특별시,11,중랑구,11260,9,63,14,15,46,3,28,0,65,43,49
20230320,서울특별시,11,영등포구,11560,서울특별시,11,동대문구,11230,10,67,11,26,41,7,28,0,90,41,47
20230320,서울특별시,11,영등포구,11560,서울특별시,11,광진구,11215,8,63,20,24,46,3,36,0,75,50,33
20230320,서울특별시,11,영등포구,11560,서울특별시,11,성동구,11200,6,81,37,19,55,6,46,0,142,55,46
20230320,서울특별시,11,양천구,11470,서울특별시,11,종로구,11110,0,18,8,18,36,3,17,0,19,20,8
20230320,서울특별시,11,양천구,11470,서울특별시,11,중구,11140,0,22,10,28,32,19,9,0,36,48,15
20230320,서울특별시,11,양천구,11470,서울특별시,11,용산구,11170,0,6,9,28,45,6,13,0,33,34,15
20230320,서울특별시,11,양천구,11470,서울특별시,11,성동구,11200,0,39,24,22,46,12,17,3,88,119,13
20230320,서울특별시,11,양천구,11470,서울특별시,11,광진구,11215,0,19,4,33,53,6,10,5,46,45,24
20230320,서울특별시,11,양천구,11470,서울특별시,11,동대문구,11230,8,16,12,26,53,16,15,0,56,34,19
20230320,서울특별시,11,양천구,11470,서울특별시,11,중랑구,11260,0,14,7,25,42,4,16,0,39,16,15
20230320,서울특별시,11,양천구,11470,서울특별시,11,성북구,11290,5,31,10,39,46,9,14,3,64,52,29
20230320,서울특별시,11,양천구,11470,서울특별시,11,강북구,11305,0,12,4,32,38,4,16,0,23,21,10
20230320,서울특별시,11,양천구,11470,서울특별시,11,도봉구,11320,0,10,6,22,34,4,27,0,31,20,21
20230320,서울특별시,11,양천구,11470,서울특별시,11,노원구,11350,6,22,9,25,71,6,21,0,41,18,33
20230320,서울특별시,11,도봉구,11320,서울특별시,11,종로구,11110,4,13,4,15,19,3,24,0,54,12,5
20230320,서울특별시,11,도봉구,11320,서울특별시,11,중구,11140,3,15,4,24,25,0,15,4,64,11,6
20230320,서울특별시,11,도봉구,11320,서울특별시,11,용산구,11170,4,17,0,27,34,12,26,3,71,14,6
20230320,서울특별시,11,도봉구,11320,서울특별시,11,성동구,11200,6,22,15,29,33,6,44,4,128,19,6
20230320,서울특별시,11,도봉구,11320,서울특별시,11,광진구,11215,8,19,0,34,38,5,24,0,123,23,7
20230320,서울특별시,11,도봉구,11320,서울특별시,11,동대문구,11230,5,20,5,32,41,6,18,7,119,29,10
20230320,서울특별시,11,도봉구,11320,서울특별시,11,중랑구,11260,7,17,0,35,36,12,12,4,141,21,9
20230320,서울특별시,11,도봉구,11320,서울특별시,11,성북구,11290,9,30,9,37,26,12,20,3,160,47,10
20230320,서울특별시,11,도봉구,11320,서울특별시,11,강북구,11305,7,10,6,27,20,3,14,0,99,14,5
20230320,서울특별시,11,도봉구,11320,서울특별시,11,도봉구,11320,0,21,0,30,30,7,29,0,100,22,13
20230320,서울특별시,11,도봉구,11320,서울특별시,11,노원구,11350,4,18,12,62,34,10,29,4,185,38,20
20230320,서울특별시,11,도봉구,11320,서울특별시,11,은평구,11380,3,28,5,46,37,13,20,5,158,28,12
20230320,서울특별시,11,도봉구,11320,서울특별시,11,서대문구,11410,4,12,11,30,39,7,17,3,122,28,5
20230320,서울특별시,11,도봉구,11320,서울특별시,11,마포구,11440,9,18,8,46,62,9,36,5,128,23,7
20230320,서울특별시,11,도봉구,11320,서울특별시,11,양천구,11470,7,21,6,45,46,16,21,0,140,29,15
20230320,서울특별시,11,도봉구,11320,서울특별시,11,강서구,11500,14,31,5,66,60,16,28,7,219,37,13
20230320,서울특별시,11,도봉구,11320,서울특별시,11,구로구,11530,6,19,4,45,28,6,24,4,151,25,9
20230320,서울특별시,11,도봉구,11320,서울특별시,11,금천구,11545,5,8,7,49,36,7,18,4,79,19,7
20230320,서울특별시,11,도봉구,11320,서울특별시,11,영등포구,11560,10,13,3,55,37,18,28,4,113,37,6
20230320,서울특별시,11,도봉구,11320,서울특별시,11,동작구,11590,11,11,5,33,40,11,23,5,136,32,10
20230320,서울특별시,11,도봉구,11320,서울특별시,11,관악구,11620,17,26,4,53,39,18,42,7,161,57,13
20230320,서울특별시,11,도봉구,11320,서울특별시,11,서초구,11650,3,21,7,45,50,10,28,9,123,21,10
20230320,서울특별시,11,도봉구,11320,서울특별시,11,강남구,11680,18,27,8,63,80,25,50,10,189,58,23
20230320,서울특별시,11,도봉구,11320,서울특별시,11,송파구,11710,9,42,8,63,69,24,43,12,213,45,16
20230320,서울특별시,11,도봉구,11320,서울특별시,11,강동구,11740,8,17,3,41,66,7,29,5,142,26,13
20230320,서울특별시,11,송파구,11710,서울특별시,11,영등포구,11560,11,63,26,28,69,43,67,10,173,40,22
20230320,서울특별시,11,송파구,11710,서울특별시,11,금천구,11545,8,36,19,18,36,20,29,0,119,34,17
20230320,서울특별시,11,송파구,11710,서울특별시,11,구로구,11530,5,62,29,24,58,29,53,11,141,35,31
20230320,서울특별시,11,송파구,11710,서울특별시,11,강서구,11500,5,91,37,41,75,57,92,14,199,67,27
20230320,서울특별시,11,영등포구,11560,서울특별시,11,금천구,11545,3,61,21,29,34,5,22,0,44,28,20
20230320,서울특별시,11,영등포구,11560,서울특별시,11,구로구,11530,6,86,32,27,56,6,42,3,80,54,54
20230320,서울특별시,11,영등포구,11560,서울특별시,11,강서구,11500,16,110,29,61,64,14,50,5,101,71,70
20230320,서울특별시,11,양천구,11470,서울특별시,11,은평구,11380,0,13,9,24,47,8,19,5,57,29,29
20230320,서울특별시,11,양천구,11470,서울특별시,11,서대문구,11410,0,23,11,31,49,5,15,0,34,37,13
20230320,서울특별시,11,영등포구,11560,서울특별시,11,양천구,11470,8,88,31,29,53,4,24,0,84,57,52
20230320,서울특별시,11,영등포구,11560,서울특별시,11,마포구,11440,8,101,38,52,58,6,32,3,105,61,39
20230320,서울특별시,11,영등포구,11560,서울특별시,11,서대문구,11410,5,73,21,24,61,6,32,5,82,42,37
20230320,서울특별시,11,영등포구,11560,서울특별시,11,은평구,11380,9,80,25,32,57,7,39,0,86,48,50
20230320,서울특별시,11,영등포구,11560,서울특별시,11,노원구,11350,17,88,22,37,84,8,33,0,91,58,55
20230320,서울특별시,11,영등포구,11560,서울특별시,11,도봉구,11320,12,50,6,22,30,3,18,0,45,42,42
20230320,서울특별시,11,영등포구,11560,서울특별시,11,강북구,11305,5,57,13,23,27,0,20,0,51,36,32
20230320,서울특별시,11,영등포구,11560,서울특별시,11,성북구,11290,8,90,25,37,50,3,36,5,127,70,46
20230320,서울특별시,11,관악구,11620,서울특별시,11,종로구,11110,3,10,30,5,13,0,7,0,21,10,8
20230320,서울특별시,11,관악구,11620,서울특별시,11,중구,11140,16,19,24,4,16,0,6,0,51,8,3
20230320,서울특별시,11,관악구,11620,서울특별시,11,용산구,11170,5,23,14,22,24,4,7,0,34,14,12
20230320,서울특별시,11,관악구,11620,서울특별시,11,성동구,11200,5,42,54,13,33,0,18,6,127,33,12
20230320,서울특별시,11,구로구,11530,서울특별시,11,강동구,11740,21,93,26,33,76,20,25,6,104,32,59
20230320,서울특별시,11,구로구,11530,서울특별시,11,송파구,11710,31,106,54,71,133,21,40,6,174,42,92
20230320,서울특별시,11,구로구,11530,서울특별시,11,강남구,11680,44,116,68,80,135,20,42,15,144,49,96
20230320,서울특별시,11,구로구,11530,서울특별시,11,서초구,11650,20,74,48,42,106,16,36,7,102,36,73
20230320,서울특별시,11,구로구,11530,서울특별시,11,관악구,11620,29,128,65,54,66,16,27,4,149,42,72
20230320,서울특별시,11,구로구,11530,서울특별시,11,동작구,11590,24,69,34,49,58,5,18,3,81,33,48
20230320,서울특별시,11,구로구,11530,서울특별시,11,영등포구,11560,19,92,25,51,90,9,29,7,103,29,58
20230320,서울특별시,11,구로구,11530,서울특별시,11,금천구,11545,6,48,24,36,59,8,18,4,76,28,16
20230320,서울특별시,11,구로구,11530,서울특별시,11,구로구,11530,22,103,29,37,125,11,78,6,140,32,44
20230320,서울특별시,11,구로구,11530,서울특별시,11,강서구,11500,22,116,41,59,110,18,36,11,150,37,74
20230320,서울특별시,11,구로구,11530,서울특별시,11,양천구,11470,24,81,33,36,72,5,39,8,92,36,51
20230320,서울특별시,11,영등포구,11560,서울특별시,11,용산구,11170,7,55,14,37,55,7,39,0,50,43,37
20230320,서울특별시,11,영등포구,11560,서울특별시,11,중구,11140,0,72,17,27,33,7,24,0,77,31,27
20230320,서울특별시,11,영등포구,11560,서울특별시,11,종로구,11110,3,49,14,21,19,0,27,0,34,25,20
20230320,서울특별시,11,강남구,11680,서울특별시,11,강동구,11740,19,158,36,37,117,24,125,21,327,99,244
20230320,서울특별시,11,강남구,11680,서울특별시,11,송파구,11710,30,295,80,88,195,55,230,30,492,181,554
20230320,서울특별시,11,강남구,11680,서울특별시,11,강남구,11680,52,447,196,116,307,76,369,34,651,211,613
20230320,서울특별시,11,중랑구,11260,서울특별시,11,강동구,11740,12,87,21,27,58,30,54,22,139,74,46
20230320,서울특별시,11,중랑구,11260,서울특별시,11,송파구,11710,22,131,38,43,112,26,121,26,201,88,80
20230320,서울특별시,11,송파구,11710,서울특별시,11,용산구,11170,5,52,13,39,45,20,48,3,92,30,16
20230320,서울특별시,11,송파구,11710,서울특별시,11,중구,11140,5,43,23,19,29,21,20,4,90,45,14
20230320,서울특별시,11,송파구,11710,서울특별시,11,종로구,11110,3,25,9,7,30,13,33,3,78,24,8
20230320,서울특별시,11,중랑구,11260,서울특별시,11,강남구,11680,32,84,49,48,104,39,121,19,210,79,82
20230320,서울특별시,11,중랑구,11260,서울특별시,11,서초구,11650,18,86,28,34,83,21,79,22,127,67,71
20230320,서울특별시,11,중랑구,11260,서울특별시,11,관악구,11620,20,88,17,31,83,24,79,14,201,83,52
20230320,서울특별시,11,구로구,11530,서울특별시,11,마포구,11440,21,89,70,44,86,17,37,13,103,30,50
20230320,서울특별시,11,구로구,11530,서울특별시,11,서대문구,11410,26,70,33,31,67,13,16,7,88,24,42
20230320,서울특별시,11,중랑구,11260,서울특별시,11,동작구,11590,19,51,18,25,70,23,59,20,136,46,52
20230320,서울특별시,11,중랑구,11260,서울특별시,11,영등포구,11560,25,73,14,28,75,26,66,7,122,71,49
20230320,서울특별시,11,중랑구,11260,서울특별시,11,금천구,11545,16,55,11,23,39,15,38,4,83,40,26
20230320,서울특별시,11,중랑구,11260,서울특별시,11,구로구,11530,13,62,23,18,78,18,74,19,129,51,40
20230320,서울특별시,11,중랑구,11260,서울특별시,11,강서구,11500,16,105,28,34,91,31,85,24,200,96,59
20230320,서울특별시,11,중랑구,11260,서울특별시,11,양천구,11470,16,70,16,28,66,25,67,13,124,67,31
20230320,서울특별시,11,중랑구,11260,서울특별시,11,마포구,11440,13,76,34,38,76,15,74,14,137,76,55
20230320,서울특별시,11,중랑구,11260,서울특별시,11,서대문구,11410,10,60,16,20,55,14,56,15,111,62,34
20230320,서울특별시,11,중랑구,11260,서울특별시,11,은평구,11380,19,61,16,20,63,25,69,10,148,62,37
20230320,서울특별시,11,중랑구,11260,서울특별시,11,노원구,11350,13,72,16,26,54,17,98,7,148,71,42
20230320,서울특별시,11,중랑구,11260,서울특별시,11,도봉구,11320,8,42,9,7,24,12,37,10,91,50,27
20230320,서울특별시,11,중랑구,11260,서울특별시,11,강북구,11305,10,37,12,10,29,12,32,7,90,42,28
20230320,서울특별시,11,중랑구,11260,서울특별시,11,성북구,11290,14,61,16,21,81,26,63,17,139,55,38
20230320,서울특별시,11,중랑구,11260,서울특별시,11,중랑구,11260,11,67,22,23,52,17,79,6,155,41,33
20230320,서울특별시,11,중랑구,11260,서울특별시,11,동대문구,11230,13,54,28,20,56,17,56,11,125,62,26
20230320,서울특별시,11,중랑구,11260,서울특별시,11,광진구,11215,11,62,14,21,52,23,65,8,141,58,46
20230320,서울특별시,11,중랑구,11260,서울특별시,11,성동구,11200,16,65,29,26,43,19,46,9,134,75,32
20230320,서울특별시,11,강남구,11680,서울특별시,11,서초구,11650,32,241,104,76,158,40,192,25,396,138,490
20230320,서울특별시,11,강남구,11680,서울특별시,11,관악구,11620,28,198,44,31,109,25,179,13,373,112,265
20230320,서울특별시,11,강남구,11680,서울특별시,11,동작구,11590,15,155,32,32,84,33,120,15,290,84,224
20230320,서울특별시,11,강남구,11680,서울특별시,11,영등포구,11560,27,167,47,38,119,29,138,17,254,138,259
20230320,서울특별시,11,노원구,11350,서울특별시,11,구로구,11530,4,17,9,19,72,9,32,19,75,21,26
20230320,서울특별시,11,노원구,11350,서울특별시,11,강서구,11500,9,20,11,44,100,10,51,30,107,32,43
20230320,서울특별시,11,강남구,11680,서울특별시,11,성북구,11290,16,152,45,25,101,31,142,26,350,127,204
20230320,서울특별시,11,강남구,11680,서울특별시,11,강북구,11305,8,71,14,23,48,7,76,4,180,45,136
20230320,서울특별시,11,강남구,11680,서울특별시,11,도봉구,11320,14,57,21,26,73,7,84,9,183,66,140
20230320,서울특별시,11,강남구,11680,서울특별시,11,노원구,11350,28,137,29,35,99,22,125,14,314,107,232
20230320,서울특별시,11,노원구,11350,서울특별시,11,양천구,11470,9,19,9,15,61,7,28,21,55,21,32
20230320,서울특별시,11,양천구,11470,서울특별시,11,마포구,11440,5,26,16,40,70,6,22,3,49,52,27
20230320,서울특별시,11,양천구,11470,서울특별시,11,양천구,11470,7,16,18,34,58,7,52,0,61,30,24
20230320,서울특별시,11,양천구,11470,서울특별시,11,강서구,11500,5,32,26,54,76,16,36,4,73,46,27
20230320,서울특별시,11,양천구,11470,서울특별시,11,구로구,11530,4,14,17,30,45,0,29,5,67,31,24
20230320,서울특별시,11,양천구,11470,서울특별시,11,금천구,11545,0,14,9,35,34,15,14,0,51,28,17
20230320,서울특별시,11,양천구,11470,서울특별시,11,영등포구,11560,3,20,11,33,56,5,27,0,38,88,23
20230320,서울특별시,11,양천구,11470,서울특별시,11,동작구,11590,3,22,12,31,46,8,14,0,52,38,17
20230320,서울특별시,11,양천구,11470,서울특별시,11,관악구,11620,3,35,11,40,65,8,32,0,60,36,30
20230320,서울특별시,11,양천구,11470,서울특별시,11,서초구,11650,3,22,17,43,59,7,26,0,49,46,22
20230320,서울특별시,11,양천구,11470,서울특별시,11,강남구,11680,8,31,35,51,105,11,36,5,57,57,42
20230320,서울특별시,11,양천구,11470,서울특별시,11,송파구,11710,6,32,16,60,86,14,31,8,55,64,47
20230320,서울특별시,11,양천구,11470,서울특별시,11,강동구,11740,5,19,20,29,57,4,24,0,34,38,27
20230320,서울특별시,11,마포구,11440,서울특별시,11,종로구,11110,9,82,28,76,58,5,68,9,113,31,20
20230320,서울특별시,11,마포구,11440,서울특별시,11,중구,11140,14,92,32,89,77,6,66,4,142,50,27
20230320,서울특별시,11,마포구,11440,서울특별시,11,용산구,11170,20,78,26,111,104,6,101,9,126,56,35
20230320,서울특별시,11,마포구,11440,서울특별시,11,성동구,11200,15,119,51,130,112,19,91,16,273,109,57
20230320,서울특별시,11,강남구,11680,서울특별시,11,은평구,11380,17,111,33,45,96,14,142,13,263,89,226
20230320,서울특별시,11,강남구,11680,서울특별시,11,서대문구,11410,21,122,23,39,77,23,118,9,237,71,172
20230320,서울특별시,11,강남구,11680,서울특별시,11,마포구,11440,25,188,51,45,129,24,154,11,323,118,263
20230320,서울특별시,11,강남구,11680,서울특별시,11,양천구,11470,28,157,48,39,95,14,121,18,237,96,204
20230320,서울특별시,11,강남구,11680,서울특별시,11,강서구,11500,33,216,43,57,159,34,185,28,399,136,343
20230320,서울특별시,11,강남구,11680,서울특별시,11,구로구,11530,18,131,32,34,91,22,124,16,250,93,220
20230320,서울특별시,11,강남구,11680,서울특별시,11,금천구,11545,9,86,24,28,55,18,58,12,189,56,139
20230320,서울특별시,11,노원구,11350,서울특별시,11,종로구,11110,3,11,6,12,34,4,15,8,23,6,10
20230320,서울특별시,11,노원구,11350,서울특별시,11,중구,11140,0,21,7,11,35,0,21,4,44,16,17
20230320,서울특별시,11,노원구,11350,서울특별시,11,용산구,11170,9,8,7,27,42,13,17,5,37,24,11
20230320,서울특별시,11,노원구,11350,서울특별시,11,성동구,11200,5,26,21,11,55,12,40,19,78,46,21
20230320,서울특별시,11,노원구,11350,서울특별시,11,광진구,11215,6,12,9,21,49,4,40,13,61,18,26
20230320,서울특별시,11,노원구,11350,서울특별시,11,동대문구,11230,3,17,11,19,33,5,40,28,65,10,25
20230320,서울특별시,11,노원구,11350,서울특별시,11,중랑구,11260,4,29,12,24,48,0,28,21,78,22,24
20230320,서울특별시,11,노원구,11350,서울특별시,11,성북구,11290,8,18,13,23,77,8,44,20,100,21,30
20230320,서울특별시,11,노원구,11350,서울특별시,11,강북구,11305,4,10,8,19,29,4,30,17,61,15,14
20230320,서울특별시,11,노원구,11350,서울특별시,11,도봉구,11320,12,14,19,17,39,8,37,15,54,15,24
20230320,서울특별시,11,노원구,11350,서울특별시,11,노원구,11350,10,26,31,35,71,10,97,25,83,33,35
20230320,서울특별시,11,노원구,11350,서울특별시,11,은평구,11380,9,12,8,25,67,10,52,22,62,25,34
20230320,서울특별시,11,노원구,11350,서울특별시,11,서대문구,11410,6,15,11,23,51,6,37,10,52,12,16
20230320,서울특별시,11,노원구,11350,서울특별시,11,마포구,11440,9,21,16,28,77,10,38,12,69,27,23
20230320,서울특별시,11,구로구,11530,서울특별시,11,은평구,11380,19,85,18,47,57,11,23,4,83,29,47
20230320,서울특별시,11,구로구,11530,서울특별시,11,노원구,11350,21,81,29,48,75,20,19,7,110,27,50
20230320,서울특별시,11,구로구,11530,서울특별시,11,도봉구,11320,8,49,13,28,47,5,13,4,58,17,32
20230320,서울특별시,11,구로구,11530,서울특별시,11,강북구,11305,5,39,19,22,37,7,17,0,65,27,38
20230320,서울특별시,11,마포구,11440,서울특별시,11,광진구,11215,16,86,24,134,98,10,82,13,213,71,55
20230320,서울특별시,11,마포구,11440,서울특별시,11,동대문구,11230,22,79,26,135,110,8,81,7,153,65,49
20230320,서울특별시,11,마포구,11440,서울특별시,11,중랑구,11260,13,55,11,97,75,11,75,6,138,35,45
20230320,서울특별시,11,마포구,11440,서울특별시,11,성북구,11290,11,102,28,171,139,11,121,7,215,82,53
20230320,서울특별시,11,마포구,11440,서울특별시,11,강북구,11305,8,54,13,81,78,5,77,4,114,39,34
20230320,서울특별시,11,마포구,11440,서울특별시,11,도봉구,11320,7,65,13,90,67,5,99,0,84,43,41
20230320,서울특별시,11,마포구,11440,서울특별시,11,노원구,11350,19,83,23,151,120,7,137,13,172,69,52
20230320,서울특별시,11,마포구,11440,서울특별시,11,은평구,11380,15,98,33,150,121,8,147,10,165,67,56
20230320,서울특별시,11,마포구,11440,서울특별시,11,서대문구,11410,7,131,52,171,106,6,94,12,189,58,52
20230320,서울특별시,11,마포구,11440,서울특별시,11,마포구,11440,22,192,81,221,161,11,182,16,280,98,65
20230320,서울특별시,11,마포구,11440,서울특별시,11,양천구,11470,16,133,36,135,89,8,110,11,148,51,70
20230320,서울특별시,11,마포구,11440,서울특별시,11,강서구,11500,18,111,33,237,159,15,195,14,225,82,92
20230320,서울특별시,11,마포구,11440,서울특별시,11,구로구,11530,12,100,41,148,108,9,119,3,174,66,59
20230320,서울특별시,11,마포구,11440,서울특별시,11,금천구,11545,10,66,18,100,64,11,65,4,115,56,28
20230320,서울특별시,11,마포구,11440,서울특별시,11,영등포구,11560,23,108,24,186,139,16,114,12,146,89,78
20230320,서울특별시,11,중구,11140,서울특별시,11,종로구,11110,11,72,38,5,69,6,29,3,131,34,14
20230320,서울특별시,11,중구,11140,서울특별시,11,중구,11140,11,76,52,9,60,4,55,0,193,60,15
20230320,서울특별시,11,중구,11140,서울특별시,11,용산구,11170,14,120,30,23,58,11,37,0,209,86,8
20230320,서울특별시,11,중구,11140,서울특별시,11,성동구,11200,13,109,33,27,75,11,38,3,368,123,14
20230320,서울특별시,11,중구,11140,서울특별시,11,광진구,11215,16,77,13,14,71,7,33,4,324,89,20
20230320,서울특별시,11,중구,11140,서울특별시,11,동대문구,11230,13,93,18,9,53,13,40,5,330,87,16
20230320,서울특별시,11,중구,11140,서울특별시,11,중랑구,11260,16,73,19,8,43,7,34,3,198,56,20
20230320,서울특별시,11,중구,11140,서울특별시,11,성북구,11290,27,100,41,9,84,14,50,5,334,84,34
20230320,서울특별시,11,중구,11140,서울특별시,11,강북구,11305,4,43,12,5,37,11,38,5,166,55,14
20230320,서울특별시,11,중구,11140,서울특별시,11,도봉구,11320,10,54,24,7,47,8,22,3,183,50,14
20230320,서울특별시,11,중구,11140,서울특별시,11,노원구,11350,10,82,19,10,52,13,39,7,300,83,16
20230320,서울특별시,11,중구,11140,서울특별시,11,은평구,11380,14,106,29,10,65,13,34,10,287,68,11
20230320,서울특별시,11,중구,11140,서울특별시,11,서대문구,11410,16,80,19,9,80,10,28,4,281,64,15
20230320,서울특별시,11,중구,11140,서울특별시,11,마포구,11440,31,126,29,12,133,11,55,7,416,112,26
20230320,서울특별시,11,중구,11140,서울특별시,11,양천구,11470,16,72,26,20,70,9,30,3,268,74,15
20230320,서울특별시,11,중구,11140,서울특별시,11,강서구,11500,25,124,39,14,113,17,68,5,433,121,29
20230320,서울특별시,11,중구,11140,서울특별시,11,구로구,11530,14,67,17,13,68,8,33,0,242,70,21
20230320,서울특별시,11,중구,11140,서울특별시,11,금천구,11545,10,48,11,11,64,0,22,3,174,39,14
20230320,서울특별시,11,중구,11140,서울특별시,11,영등포구,11560,18,98,30,9,82,9,79,4,343,103,23
20230320,서울특별시,11,중구,11140,서울특별시,11,동작구,11590,20,77,18,10,51,18,26,4,314,84,16
20230320,서울특별시,11,중구,11140,서울특별시,11,관악구,11620,15,94,12,11,79,16,46,0,417,125,29
20230320,서울특별시,11,종로구,11110,서울특별시,11,강동구,11740,7,60,10,21,44,0,27,15,148,54,34
20230320,서울특별시,11,종로구,11110,서울특별시,11,송파구,11710,18,117,31,44,79,8,41,9,270,108,45
20230320,서울특별시,11,종로구,11110,서울특별시,11,강남구,11680,36,126,35,45,94,10,38,8,283,121,54
20230320,서울특별시,11,종로구,11110,서울특별시,11,서초구,11650,14,66,30,24,74,5,35,11,179,62,30
20230320,서울특별시,11,종로구,11110,서울특별시,11,관악구,11620,9,49,22,35,46,6,26,6,218,65,42
20230320,서울특별시,11,종로구,11110,서울특별시,11,동작구,11590,9,42,37,22,36,0,15,8,161,64,17
20230320,서울특별시,11,종로구,11110,서울특별시,11,영등포구,11560,20,60,26,25,63,5,19,7,174,66,17
20230320,서울특별시,11,종로구,11110,서울특별시,11,금천구,11545,12,49,12,17,19,3,8,11,119,40,20
20230320,서울특별시,11,종로구,11110,서울특별시,11,구로구,11530,13,48,40,35,41,5,15,5,140,43,12
20230320,서울특별시,11,종로구,11110,서울특별시,11,강서구,11500,21,84,28,27,63,5,24,9,219,79,37
20230320,서울특별시,11,종로구,11110,서울특별시,11,양천구,11470,6,48,25,24,36,4,16,5,125,59,16
20230320,서울특별시,11,종로구,11110,서울특별시,11,마포구,11440,22,66,31,32,50,8,25,6,172,73,30
20230320,서울특별시,11,종로구,11110,서울특별시,11,서대문구,11410,14,32,25,22,34,0,14,6,144,41,17
20230320,서울특별시,11,중구,11140,서울특별시,11,서초구,11650,30,113,43,16,130,12,58,4,410,109,25
20230320,서울특별시,11,중구,11140,서울특별시,11,강남구,11680,42,153,70,23,276,29,80,11,568,149,51
20230320,서울특별시,11,중구,11140,서울특별시,11,송파구,11710,31,135,26,23,146,31,82,9,510,147,28
20230320,서울특별시,11,중구,11140,서울특별시,11,강동구,11740,21,61,33,4,98,11,46,4,284,94,24
20230320,서울특별시,11,강서구,11500,서울특별시,11,종로구,11110,8,45,31,38,65,10,103,6,144,40,65
20230320,서울특별시,11,강서구,11500,서울특별시,11,중구,11140,17,60,35,34,81,26,74,25,112,43,61
20230320,서울특별시,11,강서구,11500,서울특별시,11,용산구,11170,17,38,31,66,90,21,118,21,99,42,111
20230320,서울특별시,11,강서구,11500,서울특별시,11,성동구,11200,15,85,60,58,94,23,139,30,219,90,118
20230320,서울특별시,11,강서구,11500,서울특별시,11,광진구,11215,26,84,37,73,107,25,149,26,174,81,106
20230320,서울특별시,11,강서구,11500,서울특별시,11,동대문구,11230,28,56,49,68,78,15,141,22,169,69,95
20230320,서울특별시,11,강서구,11500,서울특별시,11,중랑구,11260,27,47,29,51,98,21,136,22,165,51,90
20230320,서울특별시,11,강서구,11500,서울특별시,11,성북구,11290,29,84,53,85,131,25,192,28,171,74,137
20230320,서울특별시,11,강서구,11500,서울특별시,11,강북구,11305,14,54,28,61,54,19,110,17,112,61,62
20230320,서울특별시,11,강서구,11500,서울특별시,11,도봉구,11320,17,40,12,35,64,23,117,12,114,42,84
20230320,서울특별시,11,강서구,11500,서울특별시,11,노원구,11350,25,80,50,85,123,41,232,32,215,95,150
20230320,서울특별시,11,강서구,11500,서울특별시,11,은평구,11380,33,66,65,85,124,30,211,20,174,77,100
20230320,서울특별시,11,강서구,11500,서울특별시,11,서대문구,11410,24,62,61,86,79,36,150,22,181,64,110
20230320,서울특별시,11,강서구,11500,서울특별시,11,마포구,11440,32,99,67,96,128,29,208,25,195,72,170
20230320,서울특별시,11,강서구,11500,서울특별시,11,양천구,11470,23,76,59,92,122,32,198,29,186,73,136
20230320,서울특별시,11,강서구,11500,서울특별시,11,강서구,11500,44,101,80,123,199,32,320,44,271,111,182
20230320,서울특별시,11,강서구,11500,서울특별시,11,구로구,11530,32,73,41,96,103,22,143,40,196,58,109
20230320,서울특별시,11,강서구,11500,서울특별시,11,금천구,11545,17,48,37,69,71,21,84,14,147,55,60
20230320,서울특별시,11,강서구,11500,서울특별시,11,영등포구,11560,28,89,71,94,146,37,204,43,165,84,160
20230320,서울특별시,11,강서구,11500,서울특별시,11,동작구,11590,29,67,42,80,109,20,173,19,159,137,126
20230320,서울특별시,11,강서구,11500,서울특별시,11,관악구,11620,30,102,67,120,121,46,205,25,250,84,155
20230320,서울특별시,11,강서구,11500,서울특별시,11,서초구,11650,25,107,66,90,179,27,240,41,174,77,217
20230320,서울특별시,11,강서구,11500,서울특별시,11,강남구,11680,46,157,89,169,215,49,384,41,253,133,310
20230320,서울특별시,11,강서구,11500,서울특별시,11,송파구,11710,31,117,100,165,217,51,328,56,277,116,229
20230320,서울특별시,11,강서구,11500,서울특별시,11,강동구,11740,20,85,38,74,132,36,189,33,179,74,134
20230320,서울특별시,11,동작구,11590,서울특별시,11,종로구,11110,4,13,33,6,29,3,19,7,30,12,11
20230320,서울특별시,11,동작구,11590,서울특별시,11,중구,11140,6,16,27,15,21,0,22,5,40,8,14
20230320,서울특별시,11,동작구,11590,서울특별시,11,용산구,11170,13,10,17,21,33,4,26,11,53,17,13
20230320,서울특별시,11,동작구,11590,서울특별시,11,성동구,11200,6,49,44,11,40,7,29,11,108,39,22
20230320,서울특별시,11,동작구,11590,서울특별시,11,광진구,11215,7,17,25,14,40,7,30,10,59,21,24
20230320,서울특별시,11,동작구,11590,서울특별시,11,동대문구,11230,3,12,44,20,44,8,28,15,66,26,21
20230320,서울특별시,11,동작구,11590,서울특별시,11,중랑구,11260,7,17,18,8,56,7,17,14,55,8,20
20230320,서울특별시,11,동작구,11590,서울특별시,11,성북구,11290,13,5,43,14,47,8,32,29,75,24,33
20230320,서울특별시,11,동작구,11590,서울특별시,11,강북구,11305,0,6,10,10,31,0,21,6,54,9,20
20230320,서울특별시,11,동작구,11590,서울특별시,11,도봉구,11320,0,15,17,11,31,5,28,11,41,7,16
20230320,서울특별시,11,동작구,11590,서울특별시,11,노원구,11350,10,12,30,10,50,7,33,15,74,28,30
20230320,서울특별시,11,동작구,11590,서울특별시,11,은평구,11380,10,12,25,11,52,7,39,16,67,25,39
20230320,서울특별시,11,동작구,11590,서울특별시,11,서대문구,11410,5,12,42,17,26,11,34,19,62,17,26
20230320,서울특별시,11,동작구,11590,서울특별시,11,마포구,11440,13,16,38,16,57,11,45,12,74,31,28
20230320,서울특별시,11,동작구,11590,서울특별시,11,양천구,11470,10,23,22,10,51,12,31,14,63,25,35
20230320,서울특별시,11,동작구,11590,서울특별시,11,강서구,11500,22,27,48,24,72,20,48,18,117,39,53
20230320,서울특별시,11,동작구,11590,서울특별시,11,구로구,11530,8,14,36,23,48,7,43,17,67,19,25
20230320,서울특별시,11,동작구,11590,서울특별시,11,금천구,11545,7,10,18,16,32,7,26,5,53,22,19
20230320,서울특별시,11,동작구,11590,서울특별시,11,영등포구,11560,9,13,39,30,54,13,46,18,74,26,41
20230320,서울특별시,11,동작구,11590,서울특별시,11,동작구,11590,7,20,54,14,52,9,73,13,105,25,36
20230320,서울특별시,11,동작구,11590,서울특별시,11,관악구,11620,9,22,79,25,67,7,47,11,81,30,33
20230320,서울특별시,11,마포구,11440,서울특별시,11,동작구,11590,20,80,26,141,92,6,115,5,149,65,56
20230320,서울특별시,11,성북구,11290,서울특별시,11,종로구,11110,9,49,7,11,26,7,37,9,182,70,9
20230320,서울특별시,11,성북구,11290,서울특별시,11,중구,11140,0,62,12,15,35,10,47,10,193,63,7
20230320,서울특별시,11,성북구,11290,서울특별시,11,용산구,11170,8,91,8,35,36,11,69,12,254,74,16
20230320,서울특별시,11,성북구,11290,서울특별시,11,성동구,11200,15,109,38,20,47,15,66,12,404,166,10
20230320,서울특별시,11,성북구,11290,서울특별시,11,광진구,11215,13,73,17,24,34,11,76,29,376,121,9
20230320,서울특별시,11,성북구,11290,서울특별시,11,동대문구,11230,12,76,23,42,62,12,69,17,377,135,16
20230320,서울특별시,11,성북구,11290,서울특별시,11,중랑구,11260,12,86,7,32,48,18,72,22,380,112,12
20230320,서울특별시,11,성북구,11290,서울특별시,11,성북구,11290,15,108,28,36,53,14,130,26,457,126,18
20230320,서울특별시,11,성북구,11290,서울특별시,11,강북구,11305,6,48,11,24,29,6,45,15,235,84,8
20230320,서울특별시,11,성북구,11290,서울특별시,11,도봉구,11320,7,37,17,22,27,5,74,14,284,77,8
20230320,서울특별시,11,성북구,11290,서울특별시,11,노원구,11350,10,100,16,46,63,16,111,24,453,150,17
20230320,서울특별시,11,성북구,11290,서울특별시,11,은평구,11380,17,93,13,38,61,11,102,23,398,138,7
20230320,서울특별시,11,성북구,11290,서울특별시,11,서대문구,11410,11,70,13,36,45,13,62,19,334,118,11
20230320,서울특별시,11,성북구,11290,서울특별시,11,마포구,11440,14,115,20,39,62,20,88,37,433,143,11
20230320,서울특별시,11,성북구,11290,서울특별시,11,양천구,11470,10,86,22,38,51,16,89,31,375,141,14
20230320,서울특별시,11,성북구,11290,서울특별시,11,강서구,11500,15,124,23,46,79,22,133,33,608,222,26
20230320,서울특별시,11,성북구,11290,서울특별시,11,구로구,11530,9,91,10,36,61,6,89,32,387,125,15
20230320,서울특별시,11,성북구,11290,서울특별시,11,금천구,11545,7,66,10,22,31,9,48,18,217,73,9
20230320,서울특별시,11,성북구,11290,서울특별시,11,영등포구,11560,12,105,11,42,49,30,105,24,414,169,19
20230320,서울특별시,11,성북구,11290,서울특별시,11,동작구,11590,4,70,14,24,39,17,77,33,457,131,13
20230320,서울특별시,11,성북구,11290,서울특별시,11,관악구,11620,6,121,15,53,54,22,97,16,562,193,11
20230320,서울특별시,11,성북구,11290,서울특별시,11,서초구,11650,17,112,25,45,58,20,102,24,426,154,20
20230320,서울특별시,11,성북구,11290,서울특별시,11,강남구,11680,15,185,25,66,103,27,154,36,629,211,23
20230320,서울특별시,11,성북구,11290,서울특별시,11,송파구,11710,31,141,31,71,106,22,163,39,646,219,17
20230320,서울특별시,11,성북구,11290,서울특별시,11,강동구,11740,12,80,14,43,60,21,98,34,412,157,20
20230320,서울특별시,11,동작구,11590,서울특별시,11,서초구,11650,20,22,54,9,49,10,29,16,81,25,44
20230320,서울특별시,11,동작구,11590,서울특별시,11,강남구,11680,25,39,78,31,109,17,53,22,91,34,64
20230320,서울특별시,11,동작구,11590,서울특별시,11,송파구,11710,17,18,45,35,78,18,47,27,109,39,54
20230320,서울특별시,11,서대문구,11410,서울특별시,11,종로구,11110,8,22,12,15,19,4,11,4,40,23,9
20230320,서울특별시,11,서대문구,11410,서울특별시,11,중구,11140,7,30,6,9,37,6,11,9,36,31,17
20230320,서울특별시,11,서대문구,11410,서울특별시,11,용산구,11170,8,29,16,24,28,9,8,4,39,27,27
20230320,서울특별시,11,서대문구,11410,서울특별시,11,성동구,11200,7,31,39,26,35,7,13,7,109,57,36
20230320,서울특별시,11,서대문구,11410,서울특별시,11,광진구,11215,3,25,12,32,43,12,14,6,77,36,31
20230320,서울특별시,11,서대문구,11410,서울특별시,11,동대문구,11230,4,29,14,18,47,9,24,17,89,54,25
20230320,서울특별시,11,서대문구,11410,서울특별시,11,중랑구,11260,4,22,14,27,45,10,10,16,76,39,16
20230320,서울특별시,11,서대문구,11410,서울특별시,11,성북구,11290,13,30,13,40,65,16,23,16,100,39,32
20230320,서울특별시,11,서대문구,11410,서울특별시,11,강북구,11305,0,16,10,15,26,6,5,17,48,30,15
20230320,서울특별시,11,서대문구,11410,서울특별시,11,도봉구,11320,7,23,0,14,40,3,10,15,50,36,19
20230320,서울특별시,11,서대문구,11410,서울특별시,11,노원구,11350,7,31,12,35,51,18,20,19,94,49,34
20230320,서울특별시,11,서대문구,11410,서울특별시,11,은평구,11380,12,33,26,29,41,16,13,18,94,48,18
20230320,서울특별시,11,서대문구,11410,서울특별시,11,서대문구,11410,13,36,18,27,49,7,45,12,86,31,31
20230320,서울특별시,11,서대문구,11410,서울특별시,11,마포구,11440,9,41,21,39,56,4,27,15,106,43,44
20230320,서울특별시,11,서대문구,11410,서울특별시,11,양천구,11470,12,25,8,28,47,9,11,12,68,45,26
20230320,서울특별시,11,서대문구,11410,서울특별시,11,강서구,11500,20,26,18,46,72,25,11,21,128,75,47
20230320,서울특별시,11,서대문구,11410,서울특별시,11,구로구,11530,12,33,18,33,64,15,19,14,84,46,36
20230320,서울특별시,11,서대문구,11410,서울특별시,11,금천구,11545,5,13,8,30,37,5,11,0,66,33,14
20230320,서울특별시,11,서대문구,11410,서울특별시,11,영등포구,11560,11,36,14,34,52,12,13,20,86,44,37
20230320,서울특별시,11,서대문구,11410,서울특별시,11,동작구,11590,12,24,11,29,47,13,17,6,75,37,30
20230320,서울특별시,11,서대문구,11410,서울특별시,11,관악구,11620,10,41,15,35,83,12,22,12,115,58,49
20230320,서울특별시,11,서대문구,11410,서울특별시,11,서초구,11650,12,36,9,35,80,15,24,9,75,67,48
20230320,서울특별시,11,서대문구,11410,서울특별시,11,강남구,11680,24,84,20,55,80,25,31,10,120,86,54
20230320,서울특별시,11,서대문구,11410,서울특별시,11,송파구,11710,16,46,21,65,82,25,28,24,117,73,54
20230320,서울특별시,11,서대문구,11410,서울특별시,11,강동구,11740,14,27,15,33,57,17,6,40,75,64,27
20230320,서울특별시,11,서초구,11650,서울특별시,11,강동구,11740,15,73,38,24,94,8,85,13,68,32,26
20230320,서울특별시,11,서초구,11650,서울특별시,11,송파구,11710,16,123,112,42,161,30,129,20,109,59,67
20230320,서울특별시,11,서초구,11650,서울특별시,11,강남구,11680,28,202,269,48,229,28,154,21,164,69,73
20230320,서울특별시,11,서초구,11650,서울특별시,11,서초구,11650,24,134,185,35,155,30,162,14,138,42,59
20230320,서울특별시,11,서초구,11650,서울특별시,11,관악구,11620,12,70,56,31,108,8,95,11,64,33,44
20230320,서울특별시,11,서초구,11650,서울특별시,11,동작구,11590,19,58,65,23,104,8,75,8,76,25,28
20230320,서울특별시,11,서초구,11650,서울특별시,11,영등포구,11560,17,78,114,29,107,9,82,10,56,37,41
20230320,서울특별시,11,서초구,11650,서울특별시,11,금천구,11545,12,45,28,23,40,5,46,10,67,25,14
20230320,서울특별시,11,서초구,11650,서울특별시,11,구로구,11530,7,54,56,30,73,7,72,9,58,29,41
20230320,서울특별시,11,서초구,11650,서울특별시,11,강서구,11500,20,84,71,34,149,12,104,15,96,55,50
20230320,서울특별시,11,서초구,11650,서울특별시,11,양천구,11470,6,57,49,35,117,7,82,16,67,28,33
20230320,서울특별시,11,서초구,11650,서울특별시,11,마포구,11440,9,73,61,38,132,14,93,9,93,36,55
20230320,서울특별시,11,서초구,11650,서울특별시,11,서대문구,11410,11,52,46,18,84,7,62,12,56,21,25
20230320,서울특별시,11,서초구,11650,서울특별시,11,은평구,11380,11,53,40,17,116,9,90,6,67,29,28
20230320,서울특별시,11,서초구,11650,서울특별시,11,노원구,11350,8,81,57,26,135,5,91,17,56,33,34
20230320,서울특별시,11,강북구,11305,서울특별시,11,강동구,11740,0,23,7,12,21,0,22,0,104,23,10
20230320,서울특별시,11,강북구,11305,서울특별시,11,송파구,11710,7,44,9,16,40,7,29,9,155,34,21
20230320,서울특별시,11,강북구,11305,서울특별시,11,강남구,11680,3,44,13,23,32,9,49,5,139,29,17
20230320,서울특별시,11,강북구,11305,서울특별시,11,서초구,11650,6,30,16,18,19,4,18,5,105,26,13
20230320,서울특별시,11,강북구,11305,서울특별시,11,관악구,11620,6,29,8,12,18,0,37,5,131,33,15
20230320,서울특별시,11,강북구,11305,서울특별시,11,동작구,11590,0,25,4,12,10,0,9,4,111,22,13
20230320,서울특별시,11,강북구,11305,서울특별시,11,영등포구,11560,5,27,5,17,23,0,21,7,112,20,12
20230320,서울특별시,11,종로구,11110,서울특별시,11,은평구,11380,6,46,20,19,40,3,26,7,146,61,32
20230320,서울특별시,11,강북구,11305,서울특별시,11,금천구,11545,3,16,5,12,10,0,12,0,71,13,4
20230320,서울특별시,11,강북구,11305,서울특별시,11,구로구,11530,4,36,8,11,16,3,20,7,119,17,14
20230320,서울특별시,11,강북구,11305,서울특별시,11,강서구,11500,7,39,11,16,28,0,31,6,155,31,14
20230320,서울특별시,11,강북구,11305,서울특별시,11,양천구,11470,7,31,11,9,19,0,11,8,97,19,25
20230320,서울특별시,11,강북구,11305,서울특별시,11,마포구,11440,0,34,6,15,19,0,17,6,79,30,19
20230320,서울특별시,11,강북구,11305,서울특별시,11,서대문구,11410,0,22,9,16,17,0,15,4,78,17,9
20230320,서울특별시,11,마포구,11440,서울특별시,11,관악구,11620,18,117,37,208,148,13,136,11,272,80,55
20230320,서울특별시,11,마포구,11440,서울특별시,11,서초구,11650,18,122,33,176,138,14,145,8,165,83,69
20230320,서울특별시,11,마포구,11440,서울특별시,11,강남구,11680,32,208,41,292,239,26,241,34,285,132,114
20230320,서울특별시,11,마포구,11440,서울특별시,11,송파구,11710,38,151,49,233,185,12,177,24,242,119,96
20230320,서울특별시,11,마포구,11440,서울특별시,11,강동구,11740,17,80,38,176,113,8,128,11,136,69,55
20230320,서울특별시,11,구로구,11530,서울특별시,11,성북구,11290,25,77,34,27,63,11,18,12,125,39,58
20230320,서울특별시,11,구로구,11530,서울특별시,11,중랑구,11260,14,55,13,21,59,7,22,6,70,24,41
20230320,서울특별시,11,구로구,11530,서울특별시,11,동대문구,11230,23,67,33,40,67,15,23,4,87,34,47
20230320,서울특별시,11,구로구,11530,서울특별시,11,광진구,11215,21,62,26,32,56,11,17,4,86,33,44
20230320,서울특별시,11,용산구,11170,서울특별시,11,강동구,11740,8,57,12,334,41,4,47,9,97,30,14
20230320,서울특별시,11,용산구,11170,서울특별시,11,송파구,11710,16,94,13,588,85,5,75,13,194,29,22
20230320,서울특별시,11,용산구,11170,서울특별시,11,강남구,11680,17,121,45,747,107,10,89,9,196,38,37
20230320,서울특별시,11,용산구,11170,서울특별시,11,서초구,11650,12,94,27,485,64,11,61,6,152,40,19
20230320,서울특별시,11,용산구,11170,서울특별시,11,관악구,11620,8,78,8,391,55,13,62,7,130,30,10
20230320,서울특별시,11,용산구,11170,서울특별시,11,동작구,11590,6,46,9,291,40,10,41,9,99,22,18
20230320,서울특별시,11,용산구,11170,서울특별시,11,영등포구,11560,14,57,18,461,43,6,40,7,105,27,13
20230320,서울특별시,11,용산구,11170,서울특별시,11,금천구,11545,4,45,11,319,29,5,21,0,72,16,11
20230320,서울특별시,11,구로구,11530,서울특별시,11,성동구,11200,22,69,24,39,80,15,12,7,100,45,33
20230320,서울특별시,11,구로구,11530,서울특별시,11,용산구,11170,15,48,29,44,43,13,12,5,61,24,35
20230320,서울특별시,11,구로구,11530,서울특별시,11,중구,11140,11,56,15,35,43,9,9,0,50,14,24
20230320,서울특별시,11,구로구,11530,서울특별시,11,종로구,11110,11,44,19,20,38,5,18,0,37,15,16
20230320,서울특별시,11,송파구,11710,서울특별시,11,양천구,11470,6,82,37,28,70,38,76,6,136,50,24
20230320,서울특별시,11,송파구,11710,서울특별시,11,마포구,11440,13,77,31,27,73,41,70,6,143,34,29
20230320,서울특별시,11,송파구,11710,서울특별시,11,서대문구,11410,5,48,17,21,48,30,61,9,107,35,16
20230320,서울특별시,11,송파구,11710,서울특별시,11,은평구,11380,4,59,15,26,60,34,64,6,139,30,26
20230320,서울특별시,11,강북구,11305,서울특별시,11,은평구,11380,0,23,9,16,13,3,16,4,94,11,6
20230320,서울특별시,11,강북구,11305,서울특별시,11,노원구,11350,4,33,13,16,20,0,16,12,143,15,12
20230320,서울특별시,11,강북구,11305,서울특별시,11,도봉구,11320,4,22,11,9,11,4,12,0,81,21,8
20230321,서울특별시,11,강북구,11305,서울특별시,11,중랑구,11260,3,11,3,4,9,0,16,0,59,7,5
20230321,서울특별시,11,서초구,11650,서울특별시,11,강서구,11500,12,91,42,28,112,5,82,13,77,29,45
20230321,서울특별시,11,서초구,11650,서울특별시,11,구로구,11530,8,49,31,24,83,4,55,13,47,16,20
20230321,서울특별시,11,서초구,11650,서울특별시,11,금천구,11545,9,45,15,20,54,3,42,3,52,15,22
20230321,서울특별시,11,서초구,11650,서울특별시,11,영등포구,11560,18,70,29,21,106,4,73,5,61,28,32
20230321,서울특별시,11,서초구,11650,서울특별시,11,동작구,11590,15,63,33,14,98,5,63,10,66,23,32
20230321,서울특별시,11,서초구,11650,서울특별시,11,관악구,11620,12,60,41,25,86,5,65,6,71,29,28
20230321,서울특별시,11,서초구,11650,서울특별시,11,서초구,11650,34,186,68,60,179,19,330,20,156,50,70
20230321,서울특별시,11,서초구,11650,서울특별시,11,강남구,11680,37,205,103,43,188,24,161,28,197,70,101
20230321,서울특별시,11,서초구,11650,서울특별시,11,송파구,11710,11,119,56,97,132,11,108,13,115,36,44
20230321,서울특별시,11,서초구,11650,서울특별시,11,강동구,11740,10,46,38,17,69,9,48,7,55,22,28
20230321,서울특별시,11,서대문구,11410,서울특별시,11,강동구,11740,11,18,6,17,26,5,8,12,59,24,19
20230321,서울특별시,11,서대문구,11410,서울특별시,11,송파구,11710,7,35,10,44,40,23,15,18,99,41,13
20230321,서울특별시,11,서대문구,11410,서울특별시,11,강남구,11680,20,81,14,44,61,22,34,16,81,45,20
20230321,서울특별시,11,서대문구,11410,서울특별시,11,서초구,11650,11,25,12,34,29,11,22,18,62,31,11
20230321,서울특별시,11,서대문구,11410,서울특별시,11,관악구,11620,10,21,12,22,32,15,12,10,75,29,18
20230321,서울특별시,11,광진구,11215,서울특별시,11,강동구,11740,5,22,7,17,35,10,14,8,93,46,4
20230321,서울특별시,11,광진구,11215,서울특별시,11,송파구,11710,17,40,22,35,55,8,25,11,167,60,20
20230321,서울특별시,11,광진구,11215,서울특별시,11,강남구,11680,13,68,31,45,56,7,32,11,186,48,16
20230321,서울특별시,11,광진구,11215,서울특별시,11,서초구,11650,9,26,16,27,45,7,21,8,115,32,9
20230321,서울특별시,11,광진구,11215,서울특별시,11,관악구,11620,23,32,13,19,43,6,10,0,117,52,6
20230321,서울특별시,11,광진구,11215,서울특별시,11,동작구,11590,8,24,12,14,39,4,9,0,99,32,7
20230321,서울특별시,11,광진구,11215,서울특별시,11,영등포구,11560,15,31,13,37,51,5,25,9,108,47,7
20230321,서울특별시,11,광진구,11215,서울특별시,11,금천구,11545,6,21,11,13,18,0,5,0,78,42,6
20230321,서울특별시,11,광진구,11215,서울특별시,11,구로구,11530,6,22,4,18,31,6,7,4,121,30,7
20230321,서울특별시,11,광진구,11215,서울특별시,11,강서구,11500,8,47,13,34,45,10,24,7,151,60,11
20230321,서울특별시,11,광진구,11215,서울특별시,11,양천구,11470,9,17,12,20,39,4,7,9,113,33,7
20230321,서울특별시,11,광진구,11215,서울특별시,11,마포구,11440,6,39,17,18,36,3,16,6,114,44,10
20230321,서울특별시,11,광진구,11215,서울특별시,11,서대문구,11410,13,17,5,18,29,5,15,4,89,42,0
20230321,서울특별시,11,광진구,11215,서울특별시,11,은평구,11380,10,18,9,25,33,0,13,5,103,41,6
20230321,서울특별시,11,광진구,11215,서울특별시,11,노원구,11350,8,31,5,15,38,3,9,7,121,49,9
20230321,서울특별시,11,광진구,11215,서울특별시,11,도봉구,11320,0,27,3,10,20,6,6,5,76,18,4
20230321,서울특별시,11,광진구,11215,서울특별시,11,강북구,11305,8,9,7,14,32,5,8,3,61,24,6
20230321,서울특별시,11,광진구,11215,서울특별시,11,성북구,11290,14,39,9,19,35,4,13,4,126,59,10
20230321,서울특별시,11,광진구,11215,서울특별시,11,중랑구,11260,6,20,4,16,51,3,13,0,70,42,5
20230321,서울특별시,11,광진구,11215,서울특별시,11,동대문구,11230,10,25,13,13,29,4,9,6,121,50,4
20230321,서울특별시,11,광진구,11215,서울특별시,11,광진구,11215,13,83,19,20,33,4,43,0,100,43,8
20230321,서울특별시,11,광진구,11215,서울특별시,11,성동구,11200,7,45,23,17,23,7,9,4,143,75,3
20230321,서울특별시,11,광진구,11215,서울특별시,11,용산구,11170,11,26,8,28,29,0,14,0,46,19,4
20230321,서울특별시,11,광진구,11215,서울특별시,11,중구,11140,4,29,7,12,25,5,3,0,49,30,5
20230321,서울특별시,11,광진구,11215,서울특별시,11,종로구,11110,8,11,7,9,17,3,7,3,61,14,5
20230321,서울특별시,11,강서구,11500,서울특별시,11,종로구,11110,8,28,8,20,49,14,52,6,90,22,65
20230321,서울특별시,11,강서구,11500,서울특별시,11,중구,11140,6,51,44,19,57,8,37,0,69,80,37
20230321,서울특별시,11,강서구,11500,서울특별시,11,용산구,11170,5,36,19,55,34,8,330,8,66,41,27
20230321,서울특별시,11,강서구,11500,서울특별시,11,성동구,11200,9,57,36,53,49,22,78,17,157,72,38
20230321,서울특별시,11,강서구,11500,서울특별시,11,광진구,11215,8,53,20,32,48,19,76,9,95,68,52
20230321,서울특별시,11,강서구,11500,서울특별시,11,동대문구,11230,9,48,33,37,60,14,90,8,98,48,35
20230321,서울특별시,11,강서구,11500,서울특별시,11,중랑구,11260,14,45,20,34,48,32,124,11,85,47,45
20230321,서울특별시,11,강서구,11500,서울특별시,11,성북구,11290,11,81,38,57,63,25,114,15,149,70,55
20230321,서울특별시,11,강서구,11500,서울특별시,11,강북구,11305,5,29,16,29,40,10,69,11,67,62,23
20230321,서울특별시,11,강서구,11500,서울특별시,11,도봉구,11320,12,28,16,25,37,19,92,9,52,26,30
20230321,서울특별시,11,강서구,11500,서울특별시,11,노원구,11350,6,49,29,43,73,30,120,14,89,67,53
20230321,서울특별시,11,강서구,11500,서울특별시,11,은평구,11380,8,39,35,38,52,31,122,17,96,43,49
20230321,서울특별시,11,강서구,11500,서울특별시,11,서대문구,11410,7,39,24,49,58,18,82,15,91,55,52
20230321,서울특별시,11,강서구,11500,서울특별시,11,마포구,11440,8,71,43,71,99,22,104,14,155,466,66
20230321,서울특별시,11,강서구,11500,서울특별시,11,양천구,11470,4,65,40,34,68,25,105,7,99,55,49
20230321,서울특별시,11,강서구,11500,서울특별시,11,강서구,11500,16,81,75,68,108,31,190,26,180,86,90
20230321,서울특별시,11,강서구,11500,서울특별시,11,구로구,11530,10,52,35,60,55,22,97,9,116,67,47
20230321,서울특별시,11,강서구,11500,서울특별시,11,금천구,11545,4,40,13,31,38,15,56,7,91,48,34
20230321,서울특별시,11,강서구,11500,서울특별시,11,영등포구,11560,7,66,38,47,89,23,102,12,99,81,68
20230321,서울특별시,11,강서구,11500,서울특별시,11,동작구,11590,6,39,31,34,59,17,82,15,91,730,50
20230321,서울특별시,11,강서구,11500,서울특별시,11,관악구,11620,13,40,32,48,63,29,109,10,141,79,73
20230321,서울특별시,11,강서구,11500,서울특별시,11,서초구,11650,17,68,34,103,87,22,155,16,95,55,81
20230321,서울특별시,11,강서구,11500,서울특별시,11,강남구,11680,24,126,60,96,144,33,221,17,160,135,110
20230321,서울특별시,11,강서구,11500,서울특별시,11,송파구,11710,14,93,60,81,149,44,208,26,175,114,85
20230321,서울특별시,11,강서구,11500,서울특별시,11,강동구,11740,11,43,38,50,67,27,87,22,99,71,73
20230321,서울특별시,11,서대문구,11410,서울특별시,11,동작구,11590,7,24,0,25,20,9,9,16,50,34,16
20230321,서울특별시,11,서대문구,11410,서울특별시,11,영등포구,11560,5,21,15,17,32,7,7,19,62,36,12
20230321,서울특별시,11,서대문구,11410,서울특별시,11,금천구,11545,0,20,8,12,18,6,4,15,51,26,8
20230321,서울특별시,11,서대문구,11410,서울특별시,11,구로구,11530,7,17,6,20,33,6,11,23,73,28,6
20230321,서울특별시,11,서대문구,11410,서울특별시,11,강서구,11500,10,39,20,34,49,8,13,29,79,42,13
20230321,서울특별시,11,서대문구,11410,서울특별시,11,양천구,11470,5,29,7,22,24,10,9,18,46,26,11
20230321,서울특별시,11,서대문구,11410,서울특별시,11,마포구,11440,8,42,12,28,29,15,14,8,71,43,19
20230321,서울특별시,11,서대문구,11410,서울특별시,11,서대문구,11410,7,22,14,26,29,7,26,13,68,30,14
20230321,서울특별시,11,서대문구,11410,서울특별시,11,은평구,11380,8,25,14,21,26,9,7,23,57,37,7
20230321,서울특별시,11,서대문구,11410,서울특별시,11,노원구,11350,11,21,9,12,34,10,18,16,51,22,17
20230321,서울특별시,11,서대문구,11410,서울특별시,11,도봉구,11320,0,15,9,10,25,6,10,9,31,16,11
20230321,서울특별시,11,서대문구,11410,서울특별시,11,강북구,11305,3,18,7,12,8,5,11,15,31,23,6
20230321,서울특별시,11,서대문구,11410,서울특별시,11,성북구,11290,11,26,14,22,32,8,23,21,64,33,11
20230321,서울특별시,11,서대문구,11410,서울특별시,11,중랑구,11260,6,11,4,16,25,14,6,15,57,26,14
20230321,서울특별시,11,서대문구,11410,서울특별시,11,동대문구,11230,3,30,9,15,24,4,17,22,63,30,12
20230321,서울특별시,11,서대문구,11410,서울특별시,11,광진구,11215,7,31,4,14,16,8,20,9,64,28,14
20230321,서울특별시,11,서대문구,11410,서울특별시,11,성동구,11200,7,32,27,20,22,10,10,7,76,32,15
20230321,서울특별시,11,서대문구,11410,서울특별시,11,용산구,11170,5,16,11,23,23,5,18,11,41,21,6
20230321,서울특별시,11,서대문구,11410,서울특별시,11,중구,11140,4,25,12,18,19,5,6,8,40,12,6
20230321,서울특별시,11,서대문구,11410,서울특별시,11,종로구,11110,4,14,12,15,17,0,8,5,39,18,6
20230321,서울특별시,11,강동구,11740,서울특별시,11,강동구,11740,17,54,8,17,50,5,77,4,53,28,11
20230321,서울특별시,11,강동구,11740,서울특별시,11,송파구,11710,44,70,23,21,63,13,76,6,38,41,14
20230321,서울특별시,11,강동구,11740,서울특별시,11,강남구,11680,35,65,20,18,89,12,97,5,57,48,32
20230321,서울특별시,11,강동구,11740,서울특별시,11,서초구,11650,22,35,9,14,40,9,67,5,35,31,17
20230321,서울특별시,11,강동구,11740,서울특별시,11,관악구,11620,32,22,10,11,39,4,54,3,31,25,7
20230321,서울특별시,11,강동구,11740,서울특별시,11,동작구,11590,27,19,5,5,35,8,43,0,20,17,3
20230321,서울특별시,11,강동구,11740,서울특별시,11,영등포구,11560,13,35,13,10,42,7,52,4,38,24,11
20230321,서울특별시,11,강동구,11740,서울특별시,11,금천구,11545,11,49,9,11,28,0,35,3,57,24,7
20230321,서울특별시,11,강동구,11740,서울특별시,11,구로구,11530,14,22,9,8,33,6,36,5,22,22,8
20230321,서울특별시,11,강동구,11740,서울특별시,11,강서구,11500,35,56,9,23,47,7,71,4,52,37,15
20230321,서울특별시,11,강동구,11740,서울특별시,11,양천구,11470,24,37,6,10,45,3,45,6,23,22,10
20230321,서울특별시,11,강동구,11740,서울특별시,11,마포구,11440,39,21,11,11,43,4,86,7,28,20,10
20230321,서울특별시,11,강동구,11740,서울특별시,11,서대문구,11410,25,17,9,8,18,0,23,5,13,14,7
20230321,서울특별시,11,강동구,11740,서울특별시,11,은평구,11380,24,23,10,13,46,0,59,5,29,15,13
20230321,서울특별시,11,강동구,11740,서울특별시,11,노원구,11350,30,15,7,15,41,8,56,6,28,15,4
20230321,서울특별시,11,강동구,11740,서울특별시,11,도봉구,11320,42,19,6,6,23,3,25,3,23,4,5
20230321,서울특별시,11,강동구,11740,서울특별시,11,강북구,11305,17,6,0,4,23,0,29,3,19,5,0
20230321,서울특별시,11,강동구,11740,서울특별시,11,성북구,11290,28,31,10,7,58,4,62,0,51,17,5
20230321,서울특별시,11,강동구,11740,서울특별시,11,중랑구,11260,9,25,4,5,33,4,28,0,20,15,5
20230321,서울특별시,11,강동구,11740,서울특별시,11,동대문구,11230,12,27,6,13,44,0,52,4,34,23,4
20230321,서울특별시,11,강동구,11740,서울특별시,11,광진구,11215,24,24,4,7,34,3,28,0,23,17,0
20230321,서울특별시,11,강동구,11740,서울특별시,11,성동구,11200,10,40,16,13,32,3,38,0,58,35,6
20230321,서울특별시,11,강동구,11740,서울특별시,11,용산구,11170,18,20,7,14,32,5,44,0,23,13,10
20230321,서울특별시,11,강동구,11740,서울특별시,11,중구,11140,17,26,10,6,21,0,19,0,26,16,3
20230321,서울특별시,11,강동구,11740,서울특별시,11,종로구,11110,4,8,6,5,21,5,23,0,19,12,6
20230321,서울특별시,11,성동구,11200,서울특별시,11,종로구,11110,3,50,10,17,24,0,25,4,61,57,53
20230321,서울특별시,11,성동구,11200,서울특별시,11,중구,11140,12,65,27,20,40,7,43,7,109,92,70
20230321,서울특별시,11,성동구,11200,서울특별시,11,용산구,11170,8,39,13,20,29,0,34,0,131,76,18
20230321,서울특별시,11,성동구,11200,서울특별시,11,성동구,11200,16,158,45,32,36,0,42,22,207,108,24
20230321,서울특별시,11,성동구,11200,서울특별시,11,광진구,11215,7,76,25,22,36,4,34,7,166,99,22
20230321,서울특별시,11,성동구,11200,서울특별시,11,동대문구,11230,14,71,13,23,63,4,43,3,161,97,108
20230321,서울특별시,11,성동구,11200,서울특별시,11,중랑구,11260,12,45,9,16,41,0,30,6,136,78,25
20230321,서울특별시,11,성동구,11200,서울특별시,11,성북구,11290,13,77,18,27,53,6,42,10,180,110,156
20230321,서울특별시,11,성동구,11200,서울특별시,11,강북구,11305,5,36,5,17,25,0,23,3,86,55,15
20230321,서울특별시,11,성동구,11200,서울특별시,11,도봉구,11320,3,35,5,14,24,5,15,5,82,80,11
20230321,서울특별시,11,성동구,11200,서울특별시,11,노원구,11350,6,63,9,25,40,7,34,4,169,121,15
20230321,서울특별시,11,성동구,11200,서울특별시,11,은평구,11380,13,62,3,24,45,0,29,3,152,102,19
20230321,서울특별시,11,성동구,11200,서울특별시,11,서대문구,11410,7,64,17,15,31,4,29,4,155,82,24
20230321,서울특별시,11,성동구,11200,서울특별시,11,마포구,11440,10,79,14,19,51,7,32,9,192,115,37
20230321,서울특별시,11,성동구,11200,서울특별시,11,양천구,11470,7,59,23,22,50,7,17,11,146,110,24
20230321,서울특별시,11,성동구,11200,서울특별시,11,강서구,11500,13,102,19,43,73,8,27,7,254,159,51
20230321,서울특별시,11,성동구,11200,서울특별시,11,구로구,11530,9,65,10,27,47,9,21,4,137,90,17
20230321,서울특별시,11,성동구,11200,서울특별시,11,금천구,11545,6,42,15,24,23,6,31,3,139,70,17
20230321,서울특별시,11,성동구,11200,서울특별시,11,영등포구,11560,14,71,17,26,68,5,54,50,181,111,24
20230321,서울특별시,11,성동구,11200,서울특별시,11,동작구,11590,12,61,11,21,41,0,32,7,147,116,20
20230321,서울특별시,11,성동구,11200,서울특별시,11,관악구,11620,13,66,10,28,24,10,35,3,213,123,28
20230321,서울특별시,11,성동구,11200,서울특별시,11,서초구,11650,12,87,25,39,58,6,32,12,200,114,31
20230321,서울특별시,11,성동구,11200,서울특별시,11,강남구,11680,19,167,42,51,98,28,94,19,345,193,52
20230321,서울특별시,11,성동구,11200,서울특별시,11,송파구,11710,13,99,30,33,79,9,65,13,279,190,45
20230321,서울특별시,11,성동구,11200,서울특별시,11,강동구,11740,13,63,13,16,60,5,47,3,153,124,28
20230321,서울특별시,11,중구,11140,서울특별시,11,종로구,11110,16,73,22,3,75,5,28,0,121,32,8
20230321,서울특별시,11,중구,11140,서울특별시,11,중구,11140,13,67,27,16,70,4,23,4,163,30,18
20230321,서울특별시,11,중구,11140,서울특별시,11,용산구,11170,11,75,36,10,65,4,20,0,162,45,7
20230321,서울특별시,11,중구,11140,서울특별시,11,성동구,11200,13,99,28,8,60,5,20,0,255,130,11
20230321,서울특별시,11,중구,11140,서울특별시,11,광진구,11215,5,66,16,5,46,6,24,3,203,74,11
20230321,서울특별시,11,중구,11140,서울특별시,11,동대문구,11230,7,45,17,4,49,5,21,3,211,62,12
20230321,서울특별시,11,중구,11140,서울특별시,11,중랑구,11260,12,46,13,3,44,7,13,3,142,53,9
20230321,서울특별시,11,중구,11140,서울특별시,11,성북구,11290,9,66,21,6,47,10,28,8,237,76,18
20230321,서울특별시,11,중구,11140,서울특별시,11,강북구,11305,3,22,9,4,32,0,15,3,140,35,6
20230321,서울특별시,11,중구,11140,서울특별시,11,도봉구,11320,5,40,7,4,33,0,20,0,147,46,6
20230321,서울특별시,11,중구,11140,서울특별시,11,노원구,11350,8,74,14,3,59,7,20,8,188,56,12
20230321,서울특별시,11,중구,11140,서울특별시,11,은평구,11380,7,55,17,5,42,8,23,5,227,54,7
20230321,서울특별시,11,중구,11140,서울특별시,11,서대문구,11410,14,55,21,0,51,0,13,0,202,49,4
20230321,서울특별시,11,중구,11140,서울특별시,11,마포구,11440,13,125,41,6,107,13,45,6,284,77,11
20230321,서울특별시,11,중구,11140,서울특별시,11,양천구,11470,8,59,10,3,42,4,27,4,183,50,16
20230321,서울특별시,11,중구,11140,서울특별시,11,강서구,11500,13,91,35,15,88,4,45,22,297,95,13
20230321,서울특별시,11,중구,11140,서울특별시,11,구로구,11530,7,54,9,11,49,8,29,0,172,59,7
20230321,서울특별시,11,중구,11140,서울특별시,11,금천구,11545,4,36,7,7,60,9,34,3,117,49,4
20230321,서울특별시,11,중구,11140,서울특별시,11,영등포구,11560,8,73,23,14,91,7,25,6,228,66,10
20230321,서울특별시,11,중구,11140,서울특별시,11,동작구,11590,0,61,12,9,44,6,27,0,214,49,9
20230321,서울특별시,11,중구,11140,서울특별시,11,관악구,11620,4,63,14,8,49,8,21,3,273,67,11
20230321,서울특별시,11,중구,11140,서울특별시,11,서초구,11650,20,114,65,14,138,9,33,6,256,67,15
20230321,서울특별시,11,중구,11140,서울특별시,11,강남구,11680,21,190,61,17,245,13,58,6,414,93,29
20230321,서울특별시,11,중구,11140,서울특별시,11,송파구,11710,16,95,26,16,117,10,48,10,375,105,16
20230321,서울특별시,11,중구,11140,서울특별시,11,강동구,11740,14,69,18,4,65,5,32,5,189,53,13
20230321,서울특별시,11,종로구,11110,서울특별시,11,강동구,11740,6,43,11,18,26,3,16,8,114,41,14
20230321,서울특별시,11,종로구,11110,서울특별시,11,송파구,11710,19,54,28,17,38,3,25,7,216,52,26
20230321,서울특별시,11,종로구,11110,서울특별시,11,강남구,11680,23,104,37,29,57,9,37,6,243,71,34
20230321,서울특별시,11,종로구,11110,서울특별시,11,서초구,11650,12,69,26,11,34,4,16,3,126,45,21
20230321,서울특별시,11,종로구,11110,서울특별시,11,관악구,11620,9,36,16,14,30,0,18,4,155,43,28
20230321,서울특별시,11,종로구,11110,서울특별시,11,동작구,11590,13,27,9,14,13,3,8,3,119,30,11
20230321,서울특별시,11,종로구,11110,서울특별시,11,영등포구,11560,5,65,18,14,25,0,18,11,100,37,16
20230321,서울특별시,11,종로구,11110,서울특별시,11,금천구,11545,8,39,4,4,18,0,6,4,81,36,9
20230321,서울특별시,11,종로구,11110,서울특별시,11,구로구,11530,6,36,18,13,24,0,18,4,91,23,10
20230321,서울특별시,11,종로구,11110,서울특별시,11,강서구,11500,9,70,17,20,31,3,16,7,157,53,19
20230321,서울특별시,11,종로구,11110,서울특별시,11,양천구,11470,8,69,16,8,31,4,12,4,104,28,12
20230321,서울특별시,11,종로구,11110,서울특별시,11,마포구,11440,12,48,26,20,36,3,17,0,135,39,17
20230321,서울특별시,11,종로구,11110,서울특별시,11,서대문구,11410,9,23,14,19,21,0,16,4,104,26,9
20230321,서울특별시,11,종로구,11110,서울특별시,11,은평구,11380,6,47,24,6,27,0,17,3,115,30,12
20230321,서울특별시,11,종로구,11110,서울특별시,11,노원구,11350,6,43,22,11,25,5,7,4,100,38,13
20230321,서울특별시,11,종로구,11110,서울특별시,11,도봉구,11320,0,20,13,11,17,0,7,3,60,27,13
20230321,서울특별시,11,종로구,11110,서울특별시,11,강북구,11305,5,25,8,8,23,0,4,0,72,23,7
20230321,서울특별시,11,종로구,11110,서울특별시,11,성북구,11290,8,49,19,18,30,4,15,7,127,40,20
20230321,서울특별시,11,종로구,11110,서울특별시,11,중랑구,11260,6,19,7,10,18,0,13,0,91,38,15
20230321,서울특별시,11,종로구,11110,서울특별시,11,동대문구,11230,9,38,19,9,13,0,10,3,117,26,11
20230321,서울특별시,11,종로구,11110,서울특별시,11,광진구,11215,12,40,14,15,25,0,12,4,123,27,10
20230321,서울특별시,11,종로구,11110,서울특별시,11,성동구,11200,4,46,13,8,26,0,18,4,141,49,16
20230321,서울특별시,11,종로구,11110,서울특별시,11,용산구,11170,8,39,11,15,18,4,13,0,79,23,10
20230321,서울특별시,11,종로구,11110,서울특별시,11,중구,11140,7,37,13,5,18,0,11,5,87,25,7
20230321,서울특별시,11,종로구,11110,서울특별시,11,종로구,11110,7,26,35,7,27,0,31,0,73,20,5
20230321,서울특별시,11,강북구,11305,서울특별시,11,종로구,11110,4,14,7,5,8,0,7,0,33,3,0
20230321,서울특별시,11,강북구,11305,서울특별시,11,중구,11140,0,4,6,0,9,0,3,0,32,0,0
20230321,서울특별시,11,강북구,11305,서울특별시,11,용산구,11170,0,8,4,5,10,3,10,3,24,4,5
20230321,서울특별시,11,강북구,11305,서울특별시,11,성동구,11200,0,22,8,4,10,0,3,0,58,20,5
20230321,서울특별시,11,강북구,11305,서울특별시,11,광진구,11215,0,16,5,3,7,0,11,4,68,11,8
20230321,서울특별시,11,강북구,11305,서울특별시,11,동대문구,11230,0,19,3,0,9,0,7,4,65,6,7
20230321,서울특별시,11,서초구,11650,서울특별시,11,양천구,11470,3,44,32,15,97,6,54,7,52,14,23
20230321,서울특별시,11,강북구,11305,서울특별시,11,성북구,11290,0,25,10,6,20,0,28,4,78,11,7
20230321,서울특별시,11,강북구,11305,서울특별시,11,강북구,11305,0,16,8,3,4,0,29,0,50,11,4
20230321,서울특별시,11,강북구,11305,서울특별시,11,도봉구,11320,0,13,7,3,8,0,20,4,45,8,4
20230321,서울특별시,11,강북구,11305,서울특별시,11,노원구,11350,5,30,13,4,14,0,30,0,80,12,0
20230321,서울특별시,11,강북구,11305,서울특별시,11,은평구,11380,5,10,5,4,8,0,12,0,69,8,5
20230321,서울특별시,11,강북구,11305,서울특별시,11,서대문구,11410,3,21,4,13,8,0,6,0,63,11,7
20230321,서울특별시,11,강북구,11305,서울특별시,11,마포구,11440,0,15,9,10,9,0,13,5,70,14,3
20230321,서울특별시,11,강북구,11305,서울특별시,11,양천구,11470,0,11,4,8,7,0,8,5,64,5,8
20230321,서울특별시,11,강북구,11305,서울특별시,11,강서구,11500,0,17,7,12,18,0,14,6,102,12,9
20230321,서울특별시,11,강북구,11305,서울특별시,11,구로구,11530,0,12,10,0,10,0,4,4,58,8,9
20230321,서울특별시,11,강북구,11305,서울특별시,11,금천구,11545,3,9,0,3,7,0,5,3,63,8,4
20230321,서울특별시,11,강북구,11305,서울특별시,11,영등포구,11560,3,17,9,6,10,0,16,3,56,9,8
20230321,서울특별시,11,강북구,11305,서울특별시,11,동작구,11590,3,9,7,9,6,0,5,4,64,7,5
20230321,서울특별시,11,강북구,11305,서울특별시,11,관악구,11620,0,15,7,10,21,3,11,3,95,14,13
20230321,서울특별시,11,강북구,11305,서울특별시,11,서초구,11650,3,16,6,5,14,0,12,5,52,11,6
20230321,서울특별시,11,강북구,11305,서울특별시,11,강남구,11680,3,22,15,9,24,4,24,4,84,14,13
20230321,서울특별시,11,강북구,11305,서울특별시,11,송파구,11710,0,28,16,15,15,0,17,6,102,14,9
20230321,서울특별시,11,강북구,11305,서울특별시,11,강동구,11740,0,10,4,8,11,0,12,3,69,10,5
20230321,서울특별시,11,도봉구,11320,서울특별시,11,강동구,11740,7,16,0,14,17,7,17,0,71,19,8
20230321,서울특별시,11,도봉구,11320,서울특별시,11,송파구,11710,12,28,6,30,33,14,21,0,85,28,4
20230321,서울특별시,11,도봉구,11320,서울특별시,11,강남구,11680,7,26,6,25,44,14,27,0,83,32,16
20230321,서울특별시,11,도봉구,11320,서울특별시,11,서초구,11650,4,24,4,32,30,7,25,0,46,27,5
20230321,서울특별시,11,도봉구,11320,서울특별시,11,관악구,11620,0,16,5,26,14,5,15,3,74,15,5
20230321,서울특별시,11,도봉구,11320,서울특별시,11,동작구,11590,3,7,0,13,21,10,5,0,61,24,6
20230321,서울특별시,11,도봉구,11320,서울특별시,11,영등포구,11560,3,18,7,16,28,13,13,0,55,19,5
20230321,서울특별시,11,도봉구,11320,서울특별시,11,금천구,11545,4,9,0,13,23,0,10,0,41,15,0
20230321,서울특별시,11,도봉구,11320,서울특별시,11,구로구,11530,0,12,3,17,14,6,11,0,62,18,5
20230321,서울특별시,11,도봉구,11320,서울특별시,11,강서구,11500,9,19,0,26,35,6,16,4,66,32,6
20230321,서울특별시,11,도봉구,11320,서울특별시,11,양천구,11470,6,13,5,14,15,4,18,0,43,11,5
20230321,서울특별시,11,도봉구,11320,서울특별시,11,마포구,11440,6,17,4,31,22,0,22,0,48,13,4
20230321,서울특별시,11,도봉구,11320,서울특별시,11,서대문구,11410,7,8,0,15,20,4,16,4,52,10,3
20230321,서울특별시,11,도봉구,11320,서울특별시,11,은평구,11380,6,13,0,16,17,3,16,0,57,18,7
20230321,서울특별시,11,도봉구,11320,서울특별시,11,노원구,11350,7,11,6,16,19,6,14,0,78,16,7
20230321,서울특별시,11,도봉구,11320,서울특별시,11,도봉구,11320,4,13,7,24,14,7,32,0,53,12,6
20230321,서울특별시,11,도봉구,11320,서울특별시,11,강북구,11305,0,5,4,17,19,0,8,0,42,5,5
20230321,서울특별시,11,도봉구,11320,서울특별시,11,성북구,11290,9,17,7,20,24,8,9,3,74,23,10
20230321,서울특별시,11,도봉구,11320,서울특별시,11,중랑구,11260,0,5,6,13,13,7,12,4,53,8,3
20230321,서울특별시,11,도봉구,11320,서울특별시,11,동대문구,11230,3,13,6,19,20,0,11,3,55,14,4
20230321,서울특별시,11,도봉구,11320,서울특별시,11,광진구,11215,5,11,0,24,12,3,8,5,52,13,4
20230321,서울특별시,11,도봉구,11320,서울특별시,11,성동구,11200,0,19,10,17,20,5,12,4,57,19,6
20230321,서울특별시,11,도봉구,11320,서울특별시,11,용산구,11170,3,6,4,25,24,9,7,0,31,10,4
20230321,서울특별시,11,도봉구,11320,서울특별시,11,중구,11140,0,10,4,14,12,5,10,0,23,11,0
20230321,서울특별시,11,도봉구,11320,서울특별시,11,종로구,11110,3,10,0,11,8,0,6,0,18,7,0
20230321,서울특별시,11,성북구,11290,서울특별시,11,강동구,11740,6,59,8,19,41,11,60,26,258,74,11
20230321,서울특별시,11,성북구,11290,서울특별시,11,송파구,11710,15,92,14,24,71,19,93,31,423,130,16
20230321,서울특별시,11,성북구,11290,서울특별시,11,강남구,11680,9,130,15,26,79,26,64,19,379,120,14
20230321,서울특별시,11,성북구,11290,서울특별시,11,서초구,11650,13,77,9,22,32,12,58,23,248,98,15
20230321,서울특별시,11,동대문구,11230,서울특별시,11,강동구,11740,7,34,7,11,57,6,44,11,133,26,15
20230321,서울특별시,11,동대문구,11230,서울특별시,11,송파구,11710,13,62,10,14,64,12,89,12,242,40,30
20230321,서울특별시,11,동대문구,11230,서울특별시,11,강남구,11680,18,71,24,16,74,13,92,10,210,46,18
20230321,서울특별시,11,동대문구,11230,서울특별시,11,서초구,11650,8,40,13,16,45,7,55,7,137,26,12
20230321,서울특별시,11,동대문구,11230,서울특별시,11,관악구,11620,10,38,13,16,41,4,64,3,167,42,15
20230321,서울특별시,11,동대문구,11230,서울특별시,11,동작구,11590,6,28,7,15,36,0,43,5,126,26,13
20230321,서울특별시,11,동대문구,11230,서울특별시,11,영등포구,11560,5,48,8,15,52,7,59,8,118,29,16
20230321,서울특별시,11,동대문구,11230,서울특별시,11,금천구,11545,0,22,10,7,33,6,33,12,78,25,5
20230321,서울특별시,11,동대문구,11230,서울특별시,11,구로구,11530,5,34,3,8,37,0,53,5,155,26,10
20230321,서울특별시,11,동대문구,11230,서울특별시,11,강서구,11500,6,60,12,23,71,10,87,10,224,43,30
20230321,서울특별시,11,동대문구,11230,서울특별시,11,양천구,11470,6,38,3,9,41,6,38,6,112,23,12
20230321,서울특별시,11,동대문구,11230,서울특별시,11,마포구,11440,9,41,15,7,57,8,44,21,144,36,15
20230321,서울특별시,11,동대문구,11230,서울특별시,11,서대문구,11410,7,31,8,9,35,5,43,4,104,25,14
20230321,서울특별시,11,동대문구,11230,서울특별시,11,은평구,11380,10,30,4,7,39,5,55,13,134,28,12
20230321,서울특별시,11,동대문구,11230,서울특별시,11,노원구,11350,6,34,9,11,51,0,66,11,165,33,17
20230321,서울특별시,11,동대문구,11230,서울특별시,11,도봉구,11320,0,23,4,9,25,0,48,7,79,13,10
20230321,서울특별시,11,동대문구,11230,서울특별시,11,강북구,11305,5,24,4,3,27,0,36,5,95,22,16
20230321,서울특별시,11,동대문구,11230,서울특별시,11,성북구,11290,0,50,5,14,43,7,53,8,171,31,14
20230321,서울특별시,11,동대문구,11230,서울특별시,11,중랑구,11260,3,37,7,8,39,0,50,11,121,18,7
20230321,서울특별시,11,동대문구,11230,서울특별시,11,동대문구,11230,4,33,9,11,35,5,55,11,148,28,19
20230321,서울특별시,11,동대문구,11230,서울특별시,11,광진구,11215,7,31,8,9,33,5,42,7,144,34,16
20230321,서울특별시,11,동대문구,11230,서울특별시,11,성동구,11200,8,81,12,10,54,5,39,6,182,55,14
20230321,서울특별시,11,동대문구,11230,서울특별시,11,용산구,11170,0,27,7,12,29,4,33,0,98,16,4
20230321,서울특별시,11,동대문구,11230,서울특별시,11,중구,11140,0,28,8,8,33,6,35,0,75,16,5
20230321,서울특별시,11,동대문구,11230,서울특별시,11,종로구,11110,7,17,5,0,29,0,38,0,42,14,9
20230321,서울특별시,11,성북구,11290,서울특별시,11,관악구,11620,5,60,10,23,34,8,62,19,352,86,16
20230321,서울특별시,11,성북구,11290,서울특별시,11,동작구,11590,5,32,8,14,26,10,45,8,237,84,7
20230321,서울특별시,11,성북구,11290,서울특별시,11,영등포구,11560,5,71,8,19,43,15,52,21,303,85,10
20230321,서울특별시,11,성북구,11290,서울특별시,11,금천구,11545,8,39,9,11,25,5,27,6,167,50,3
20230321,서울특별시,11,성북구,11290,서울특별시,11,구로구,11530,7,40,0,20,26,8,43,17,242,71,12
20230321,서울특별시,11,성북구,11290,서울특별시,11,강서구,11500,7,96,14,28,41,16,66,29,423,131,18
20230321,서울특별시,11,성북구,11290,서울특별시,11,양천구,11470,10,76,14,12,21,9,62,16,242,68,5
20230321,서울특별시,11,성북구,11290,서울특별시,11,마포구,11440,8,73,10,28,46,8,43,11,282,103,10
20230321,서울특별시,11,성북구,11290,서울특별시,11,서대문구,11410,3,42,4,15,39,3,36,12,203,66,9
20230321,서울특별시,11,성북구,11290,서울특별시,11,은평구,11380,7,55,10,19,30,8,47,22,256,72,11
20230321,서울특별시,11,성북구,11290,서울특별시,11,노원구,11350,5,53,10,24,38,14,63,15,291,84,16
20230321,서울특별시,11,성북구,11290,서울특별시,11,도봉구,11320,4,26,10,11,15,4,35,9,174,52,5
20230321,서울특별시,11,성북구,11290,서울특별시,11,강북구,11305,3,32,8,11,18,4,34,7,172,37,9
20230321,서울특별시,11,성북구,11290,서울특별시,11,성북구,11290,7,55,15,16,41,9,79,24,328,83,21
20230321,서울특별시,11,성북구,11290,서울특별시,11,중랑구,11260,14,49,7,12,19,0,33,19,203,61,6
20230321,서울특별시,11,성북구,11290,서울특별시,11,동대문구,11230,8,51,15,13,23,10,38,15,227,45,4
20230321,서울특별시,11,성북구,11290,서울특별시,11,광진구,11215,9,50,4,15,39,8,31,14,255,76,11
20230321,서울특별시,11,성북구,11290,서울특별시,11,성동구,11200,3,68,25,19,27,12,34,19,247,98,20
20230321,서울특별시,11,성북구,11290,서울특별시,11,용산구,11170,3,61,5,21,23,8,46,15,162,61,6
20230321,서울특별시,11,성북구,11290,서울특별시,11,중구,11140,0,38,9,12,21,0,28,8,143,33,4
20230321,서울특별시,11,성북구,11290,서울특별시,11,종로구,11110,3,29,6,10,15,11,19,11,118,40,3
20230321,서울특별시,11,동작구,11590,서울특별시,11,강동구,11740,9,10,18,11,33,8,28,0,39,18,11
20230321,서울특별시,11,동작구,11590,서울특별시,11,송파구,11710,14,24,25,16,59,4,34,5,55,24,20
20230321,서울특별시,11,동작구,11590,서울특별시,11,강남구,11680,10,27,45,16,53,12,43,6,69,19,20
20230321,서울특별시,11,동작구,11590,서울특별시,11,서초구,11650,9,14,23,12,51,3,28,17,50,12,17
20230321,서울특별시,11,동작구,11590,서울특별시,11,관악구,11620,3,7,47,16,49,5,31,4,68,10,21
20230321,서울특별시,11,동작구,11590,서울특별시,11,동작구,11590,8,14,20,10,26,0,51,3,46,8,13
20230321,서울특별시,11,동작구,11590,서울특별시,11,영등포구,11560,12,23,25,20,34,4,28,7,52,15,8
20230321,서울특별시,11,동작구,11590,서울특별시,11,금천구,11545,0,8,16,14,20,3,24,3,45,22,7
20230321,서울특별시,11,동작구,11590,서울특별시,11,구로구,11530,4,10,14,5,46,3,21,3,43,15,16
20230321,서울특별시,11,동작구,11590,서울특별시,11,강서구,11500,9,11,21,11,45,3,17,6,69,15,30
20230321,서울특별시,11,동작구,11590,서울특별시,11,양천구,11470,4,9,21,10,25,4,26,0,36,16,14
20230321,서울특별시,11,동작구,11590,서울특별시,11,마포구,11440,10,9,34,24,44,0,28,0,43,17,21
20230321,서울특별시,11,동작구,11590,서울특별시,11,서대문구,11410,4,5,20,10,26,6,16,5,31,11,12
20230321,서울특별시,11,동작구,11590,서울특별시,11,은평구,11380,3,5,12,15,31,0,23,0,35,11,20
20230321,서울특별시,11,동작구,11590,서울특별시,11,노원구,11350,5,11,17,14,24,6,23,8,29,12,11
20230321,서울특별시,11,동작구,11590,서울특별시,11,도봉구,11320,3,10,6,9,13,0,10,3,31,5,13
20230321,서울특별시,11,동작구,11590,서울특별시,11,강북구,11305,0,3,5,7,11,6,11,0,31,5,11
20230321,서울특별시,11,동작구,11590,서울특별시,11,성북구,11290,5,16,21,11,36,3,23,0,56,18,9
20230321,서울특별시,11,동작구,11590,서울특별시,11,중랑구,11260,0,9,11,7,22,5,31,3,34,10,7
20230321,서울특별시,11,동작구,11590,서울특별시,11,동대문구,11230,5,22,14,5,20,6,16,4,45,12,15
20230321,서울특별시,11,동작구,11590,서울특별시,11,광진구,11215,3,9,10,7,35,0,17,4,36,10,9
20230321,서울특별시,11,동작구,11590,서울특별시,11,성동구,11200,0,36,34,11,19,0,17,5,68,40,12
20230321,서울특별시,11,동작구,11590,서울특별시,11,용산구,11170,0,11,12,18,10,0,12,3,18,5,18
20230321,서울특별시,11,동작구,11590,서울특별시,11,중구,11140,4,11,11,10,11,3,10,0,51,9,5
20230321,서울특별시,11,동작구,11590,서울특별시,11,종로구,11110,6,6,15,11,12,4,19,0,24,10,7
20230321,서울특별시,11,구로구,11530,서울특별시,11,강동구,11740,12,45,24,24,58,15,8,6,80,32,13
20230321,서울특별시,11,구로구,11530,서울특별시,11,송파구,11710,22,72,30,59,99,6,15,15,120,33,52
20230321,서울특별시,11,구로구,11530,서울특별시,11,강남구,11680,20,98,40,68,112,15,13,9,97,37,34
20230321,서울특별시,11,구로구,11530,서울특별시,11,서초구,11650,11,49,33,38,99,11,15,14,78,16,32
20230321,서울특별시,11,구로구,11530,서울특별시,11,관악구,11620,19,65,31,39,59,9,16,5,115,37,37
20230321,서울특별시,11,구로구,11530,서울특별시,11,동작구,11590,9,56,20,15,51,8,17,6,67,13,19
20230321,서울특별시,11,구로구,11530,서울특별시,11,영등포구,11560,13,79,17,27,50,6,15,4,92,41,26
20230321,서울특별시,11,구로구,11530,서울특별시,11,금천구,11545,7,39,23,31,47,10,9,5,63,24,19
20230321,서울특별시,11,구로구,11530,서울특별시,11,구로구,11530,13,91,31,54,76,11,61,5,87,19,13
20230321,서울특별시,11,구로구,11530,서울특별시,11,강서구,11500,24,86,31,47,88,11,22,5,139,25,37
20230321,서울특별시,11,구로구,11530,서울특별시,11,양천구,11470,14,53,36,21,58,9,18,6,69,23,20
20230321,서울특별시,11,구로구,11530,서울특별시,11,마포구,11440,14,66,31,33,56,6,16,7,79,17,17
20230321,서울특별시,11,구로구,11530,서울특별시,11,서대문구,11410,8,36,14,20,44,4,9,7,57,20,16
20230321,서울특별시,11,구로구,11530,서울특별시,11,은평구,11380,11,37,26,32,58,6,15,4,86,17,30
20230321,서울특별시,11,구로구,11530,서울특별시,11,노원구,11350,11,44,19,27,54,3,16,9,91,22,25
20230321,서울특별시,11,구로구,11530,서울특별시,11,도봉구,11320,7,26,9,20,41,6,3,3,47,12,12
20230321,서울특별시,11,구로구,11530,서울특별시,11,강북구,11305,7,20,11,22,15,3,6,0,52,14,9
20230321,서울특별시,11,구로구,11530,서울특별시,11,성북구,11290,14,50,12,28,61,11,10,8,91,31,22
20230321,서울특별시,11,구로구,11530,서울특별시,11,중랑구,11260,10,38,13,26,46,9,6,0,68,12,22
20230321,서울특별시,11,구로구,11530,서울특별시,11,동대문구,11230,11,50,8,28,33,5,4,0,66,8,25
20230321,서울특별시,11,구로구,11530,서울특별시,11,광진구,11215,12,49,16,33,41,8,8,4,69,21,24
20230321,서울특별시,11,구로구,11530,서울특별시,11,성동구,11200,5,45,16,33,43,5,6,4,80,35,16
20230321,서울특별시,11,구로구,11530,서울특별시,11,용산구,11170,5,23,11,48,40,5,10,4,41,5,12
20230321,서울특별시,11,구로구,11530,서울특별시,11,중구,11140,6,38,9,25,30,6,6,0,49,12,13
20230321,서울특별시,11,구로구,11530,서울특별시,11,종로구,11110,4,24,15,15,39,3,16,0,27,8,13
20230321,서울특별시,11,노원구,11350,서울특별시,11,종로구,11110,0,10,6,7,18,3,15,0,27,10,0
20230321,서울특별시,11,노원구,11350,서울특별시,11,중구,11140,0,10,10,6,25,0,12,0,37,9,4
20230321,서울특별시,11,노원구,11350,서울특별시,11,용산구,11170,0,13,8,14,26,0,20,5,20,8,4
20230321,서울특별시,11,노원구,11350,서울특별시,11,성동구,11200,0,16,15,16,26,6,26,10,72,26,9
20230321,서울특별시,11,노원구,11350,서울특별시,11,광진구,11215,3,18,8,16,31,0,21,7,36,15,7
20230321,서울특별시,11,노원구,11350,서울특별시,11,동대문구,11230,0,17,11,16,38,0,21,12,49,6,4
20230321,서울특별시,11,노원구,11350,서울특별시,11,중랑구,11260,7,20,11,8,27,0,15,6,42,11,10
20230321,서울특별시,11,노원구,11350,서울특별시,11,성북구,11290,3,22,14,10,34,7,26,15,69,18,4
20230321,서울특별시,11,노원구,11350,서울특별시,11,강북구,11305,0,9,0,14,17,0,30,8,36,10,0
20230321,서울특별시,11,노원구,11350,서울특별시,11,도봉구,11320,3,8,12,11,25,4,21,7,40,8,5
20230321,서울특별시,11,노원구,11350,서울특별시,11,노원구,11350,8,26,11,23,59,5,67,17,64,15,16
20230321,서울특별시,11,노원구,11350,서울특별시,11,은평구,11380,0,13,8,16,40,4,25,15,52,15,5
20230321,서울특별시,11,노원구,11350,서울특별시,11,서대문구,11410,3,9,8,10,16,4,19,6,38,8,7
20230321,서울특별시,11,노원구,11350,서울특별시,11,마포구,11440,7,20,7,18,40,6,28,4,48,19,10
20230321,서울특별시,11,노원구,11350,서울특별시,11,양천구,11470,0,10,5,11,32,0,26,13,40,16,10
20230321,서울특별시,11,노원구,11350,서울특별시,11,강서구,11500,0,25,5,15,62,11,45,28,64,16,15
20230321,서울특별시,11,노원구,11350,서울특별시,11,구로구,11530,4,7,18,12,25,9,18,17,44,14,4
20230321,서울특별시,11,노원구,11350,서울특별시,11,금천구,11545,0,72,0,13,28,4,16,5,54,21,21
20230321,서울특별시,11,노원구,11350,서울특별시,11,영등포구,11560,0,20,7,19,30,8,34,10,38,19,10
20230321,서울특별시,11,금천구,11545,서울특별시,11,강동구,11740,13,39,23,46,65,28,46,28,227,129,136
20230321,서울특별시,11,금천구,11545,서울특별시,11,송파구,11710,31,80,31,92,101,61,81,36,326,212,210
20230321,서울특별시,11,금천구,11545,서울특별시,11,강남구,11680,28,112,38,102,103,58,93,40,337,165,267
20230321,서울특별시,11,금천구,11545,서울특별시,11,서초구,11650,14,65,33,71,75,56,77,22,215,108,144
20230321,서울특별시,11,금천구,11545,서울특별시,11,관악구,11620,16,52,35,62,69,19,74,28,247,119,120
20230321,서울특별시,11,금천구,11545,서울특별시,11,동작구,11590,16,34,17,43,42,19,39,28,153,79,109
20230321,서울특별시,11,금천구,11545,서울특별시,11,영등포구,11560,17,48,37,71,55,35,68,34,224,114,130
20230321,서울특별시,11,금천구,11545,서울특별시,11,금천구,11545,12,40,29,38,54,24,47,12,140,71,64
20230321,서울특별시,11,금천구,11545,서울특별시,11,구로구,11530,10,36,33,60,75,28,45,30,167,109,139
20230321,서울특별시,11,금천구,11545,서울특별시,11,강서구,11500,11,58,35,77,105,42,59,26,279,177,177
20230321,서울특별시,11,금천구,11545,서울특별시,11,양천구,11470,10,43,48,34,47,31,42,26,212,103,123
20230321,서울특별시,11,금천구,11545,서울특별시,11,마포구,11440,16,39,37,60,66,43,61,20,221,175,148
20230321,서울특별시,11,금천구,11545,서울특별시,11,서대문구,11410,13,20,16,51,48,29,38,17,169,84,91
20230321,서울특별시,11,금천구,11545,서울특별시,11,은평구,11380,17,28,24,44,46,25,38,31,211,119,105
20230321,서울특별시,11,금천구,11545,서울특별시,11,노원구,11350,15,44,45,49,51,34,48,31,209,109,123
20230321,서울특별시,11,금천구,11545,서울특별시,11,도봉구,11320,6,15,23,26,21,13,29,20,124,55,79
20230321,서울특별시,11,금천구,11545,서울특별시,11,강북구,11305,5,24,17,24,34,6,41,14,99,67,46
20230321,서울특별시,11,금천구,11545,서울특별시,11,성북구,11290,17,34,33,44,65,38,57,25,243,125,112
20230321,서울특별시,11,금천구,11545,서울특별시,11,중랑구,11260,8,49,29,33,42,17,29,16,170,76,93
20230321,서울특별시,11,금천구,11545,서울특별시,11,동대문구,11230,10,34,40,69,60,17,45,11,148,138,82
20230321,서울특별시,11,금천구,11545,서울특별시,11,광진구,11215,8,35,16,48,42,25,49,17,157,90,102
20230321,서울특별시,11,금천구,11545,서울특별시,11,성동구,11200,11,63,25,38,48,26,35,15,157,72,94
20230321,서울특별시,11,금천구,11545,서울특별시,11,용산구,11170,14,43,18,57,38,20,28,19,94,56,86
20230321,서울특별시,11,금천구,11545,서울특별시,11,중구,11140,15,54,16,48,28,22,25,9,100,77,61
20230321,서울특별시,11,금천구,11545,서울특별시,11,종로구,11110,11,38,23,29,25,13,44,10,54,47,33
20230321,서울특별시,11,송파구,11710,서울특별시,11,종로구,11110,3,32,8,9,36,9,25,0,61,23,8
20230321,서울특별시,11,송파구,11710,서울특별시,11,중구,11140,7,53,12,17,29,4,23,0,66,22,8
20230321,서울특별시,11,송파구,11710,서울특별시,11,용산구,11170,7,38,8,22,35,11,29,0,72,22,8
20230321,서울특별시,11,송파구,11710,서울특별시,11,성동구,11200,8,66,32,15,50,8,36,9,146,72,19
20230321,서울특별시,11,송파구,11710,서울특별시,11,광진구,11215,6,56,13,14,43,8,34,5,96,25,7
20230321,서울특별시,11,송파구,11710,서울특별시,11,동대문구,11230,6,55,15,10,37,7,33,0,88,24,10
20230321,서울특별시,11,송파구,11710,서울특별시,11,중랑구,11260,8,51,13,12,37,5,37,6,84,25,8
20230321,서울특별시,11,송파구,11710,서울특별시,11,성북구,11290,5,55,10,11,58,15,39,6,138,25,10
20230321,서울특별시,11,송파구,11710,서울특별시,11,강북구,11305,4,23,5,12,25,4,19,0,60,17,7
20230321,서울특별시,11,송파구,11710,서울특별시,11,도봉구,11320,0,17,11,5,22,0,24,3,51,12,6
20230321,서울특별시,11,송파구,11710,서울특별시,11,노원구,11350,5,34,12,17,38,9,43,7,105,39,13
20230321,서울특별시,11,송파구,11710,서울특별시,11,은평구,11380,3,37,17,15,43,8,36,6,100,17,12
20230321,서울특별시,11,송파구,11710,서울특별시,11,서대문구,11410,3,32,10,10,27,5,32,0,90,28,7
20230321,서울특별시,11,송파구,11710,서울특별시,11,마포구,11440,9,58,28,20,68,17,34,0,109,35,14
20230321,서울특별시,11,송파구,11710,서울특별시,11,양천구,11470,5,56,13,10,42,6,19,3,83,23,20
20230321,서울특별시,11,송파구,11710,서울특별시,11,강서구,11500,13,54,26,28,70,12,41,7,164,28,17
20230321,서울특별시,11,송파구,11710,서울특별시,11,구로구,11530,3,42,9,12,49,11,24,5,95,23,8
20230321,서울특별시,11,송파구,11710,서울특별시,11,금천구,11545,3,42,12,17,30,6,22,4,110,27,8
20230321,서울특별시,11,송파구,11710,서울특별시,11,영등포구,11560,5,55,19,27,58,10,34,7,108,31,19
20230321,서울특별시,11,송파구,11710,서울특별시,11,동작구,11590,7,37,12,9,38,12,32,4,103,25,12
20230321,서울특별시,11,송파구,11710,서울특별시,11,관악구,11620,9,38,12,15,47,11,43,3,136,44,20
20230321,서울특별시,11,송파구,11710,서울특별시,11,서초구,11650,11,76,26,18,83,25,42,3,108,30,17
20230321,서울특별시,11,송파구,11710,서울특별시,11,강남구,11680,11,132,52,34,95,26,89,3,205,57,31
20230321,서울특별시,11,송파구,11710,서울특별시,11,송파구,11710,13,119,45,35,101,17,140,7,226,41,24
20230321,서울특별시,11,송파구,11710,서울특별시,11,강동구,11740,8,54,18,14,64,16,50,6,120,27,14
20230321,서울특별시,11,노원구,11350,서울특별시,11,동작구,11590,6,10,0,15,30,7,20,9,35,14,6
20230321,서울특별시,11,노원구,11350,서울특별시,11,관악구,11620,3,13,7,7,43,6,18,3,43,9,8
20230321,서울특별시,11,노원구,11350,서울특별시,11,서초구,11650,6,18,8,24,55,8,29,11,52,7,9
20230321,서울특별시,11,노원구,11350,서울특별시,11,강남구,11680,10,29,12,34,71,4,37,15,59,22,13
20230321,서울특별시,11,노원구,11350,서울특별시,11,송파구,11710,9,33,11,29,66,9,44,20,68,20,14
20230321,서울특별시,11,노원구,11350,서울특별시,11,강동구,11740,0,20,5,9,40,3,18,13,51,18,5
20230321,서울특별시,11,강남구,11680,서울특별시,11,강동구,11740,7,141,34,30,80,12,112,14,345,78,91
20230321,서울특별시,11,강남구,11680,서울특별시,11,송파구,11710,21,255,82,39,151,36,202,23,532,139,302
20230321,서울특별시,11,강남구,11680,서울특별시,11,강남구,11680,23,370,111,100,215,31,347,23,675,165,397
20230321,서울특별시,11,강남구,11680,서울특별시,11,서초구,11650,16,232,64,51,123,24,148,20,398,97,250
20230321,서울특별시,11,강남구,11680,서울특별시,11,관악구,11620,14,143,29,40,64,20,124,8,505,91,116
20230321,서울특별시,11,강남구,11680,서울특별시,11,동작구,11590,15,111,37,24,64,17,110,11,326,60,86
20230321,서울특별시,11,강남구,11680,서울특별시,11,영등포구,11560,7,173,25,27,106,15,134,19,314,92,83
20230321,서울특별시,11,강남구,11680,서울특별시,11,금천구,11545,6,105,29,35,59,9,61,6,238,62,57
20230321,서울특별시,11,강남구,11680,서울특별시,11,구로구,11530,8,93,37,29,66,20,84,13,308,68,88
20230321,서울특별시,11,강남구,11680,서울특별시,11,강서구,11500,19,187,49,38,94,26,165,27,532,107,132
20230321,서울특별시,11,강남구,11680,서울특별시,11,양천구,11470,5,112,26,22,66,13,92,13,306,68,86
20230321,서울특별시,11,강남구,11680,서울특별시,11,마포구,11440,16,162,42,36,80,21,125,10,367,84,108
20230321,서울특별시,11,강남구,11680,서울특별시,11,서대문구,11410,3,83,28,21,64,6,78,9,294,70,82
20230321,서울특별시,11,강남구,11680,서울특별시,11,은평구,11380,15,99,30,25,59,8,102,7,321,57,96
20230321,서울특별시,11,강남구,11680,서울특별시,11,노원구,11350,23,110,34,22,54,14,87,8,377,75,84
20230321,서울특별시,11,강남구,11680,서울특별시,11,도봉구,11320,7,54,18,13,43,13,62,7,198,62,53
20230321,서울특별시,11,강남구,11680,서울특별시,11,강북구,11305,5,55,18,12,30,7,68,8,240,40,48
20230321,서울특별시,11,강남구,11680,서울특별시,11,성북구,11290,14,119,23,23,66,23,91,15,373,79,88
20230321,서울특별시,11,강남구,11680,서울특별시,11,중랑구,11260,3,91,17,23,49,14,74,6,260,51,73
20230321,서울특별시,11,강남구,11680,서울특별시,11,동대문구,11230,7,96,28,27,61,14,85,17,373,66,96
20230321,서울특별시,11,강남구,11680,서울특별시,11,광진구,11215,10,96,38,26,67,20,94,7,325,66,85
20230321,서울특별시,11,강남구,11680,서울특별시,11,성동구,11200,10,146,54,26,75,21,116,9,382,100,69
20230321,서울특별시,11,강남구,11680,서울특별시,11,용산구,11170,10,89,31,51,49,15,78,9,221,50,64
20230321,서울특별시,11,강남구,11680,서울특별시,11,중구,11140,6,130,32,21,60,8,69,12,173,56,53
20230321,서울특별시,11,강남구,11680,서울특별시,11,종로구,11110,6,71,35,23,60,8,59,8,134,32,44
20230321,서울특별시,11,마포구,11440,서울특별시,11,종로구,11110,10,52,49,37,52,3,59,5,70,23,13
20230321,서울특별시,11,마포구,11440,서울특별시,11,중구,11140,6,76,34,47,60,5,40,0,97,31,16
20230321,서울특별시,11,마포구,11440,서울특별시,11,용산구,11170,9,64,35,64,76,6,75,4,94,34,30
20230321,서울특별시,11,마포구,11440,서울특별시,11,성동구,11200,7,87,48,72,148,7,46,4,210,74,28
20230321,서울특별시,11,마포구,11440,서울특별시,11,광진구,11215,6,65,20,67,84,3,37,0,127,35,26
20230321,서울특별시,11,마포구,11440,서울특별시,11,동대문구,11230,11,58,17,70,109,4,44,0,128,42,39
20230321,서울특별시,11,마포구,11440,서울특별시,11,중랑구,11260,8,47,10,74,81,4,34,0,69,27,35
20230321,서울특별시,11,마포구,11440,서울특별시,11,성북구,11290,8,85,30,78,96,4,57,7,150,53,49
20230321,서울특별시,11,마포구,11440,서울특별시,11,강북구,11305,8,61,4,48,55,3,36,0,71,25,25
20230321,서울특별시,11,마포구,11440,서울특별시,11,도봉구,11320,8,39,8,38,77,3,31,3,67,35,32
20230321,서울특별시,11,마포구,11440,서울특별시,11,노원구,11350,7,78,27,85,118,4,45,0,132,50,46
20230321,서울특별시,11,마포구,11440,서울특별시,11,은평구,11380,4,69,26,81,110,6,73,7,111,37,49
20230321,서울특별시,11,마포구,11440,서울특별시,11,서대문구,11410,17,79,32,73,103,8,62,10,115,45,37
20230321,서울특별시,11,마포구,11440,서울특별시,11,마포구,11440,17,135,71,115,158,9,133,4,175,69,63
20230321,서울특별시,11,마포구,11440,서울특별시,11,양천구,11470,12,89,20,82,82,8,55,9,100,48,60
20230321,서울특별시,11,마포구,11440,서울특별시,11,강서구,11500,12,139,42,125,180,10,103,7,144,66,60
20230321,서울특별시,11,마포구,11440,서울특별시,11,구로구,11530,8,67,28,74,118,7,58,9,109,44,46
20230321,서울특별시,11,마포구,11440,서울특별시,11,금천구,11545,11,68,21,53,108,6,28,6,85,49,28
20230321,서울특별시,11,마포구,11440,서울특별시,11,영등포구,11560,14,84,45,112,123,7,89,3,128,49,52
20230321,서울특별시,11,마포구,11440,서울특별시,11,동작구,11590,10,83,21,71,88,0,58,0,114,42,45
20230321,서울특별시,11,마포구,11440,서울특별시,11,관악구,11620,15,91,33,102,116,5,71,0,203,58,66
20230321,서울특별시,11,마포구,11440,서울특별시,11,서초구,11650,12,74,46,87,142,10,79,13,110,37,59
20230321,서울특별시,11,마포구,11440,서울특별시,11,강남구,11680,23,148,90,163,160,10,162,6,179,86,81
20230321,서울특별시,11,마포구,11440,서울특별시,11,송파구,11710,17,115,50,131,151,12,100,12,174,59,100
20230321,서울특별시,11,마포구,11440,서울특별시,11,강동구,11740,8,72,23,82,90,9,71,10,82,50,68
20230321,서울특별시,11,영등포구,11560,서울특별시,11,종로구,11110,8,49,0,15,17,4,19,4,38,11,7
20230321,서울특별시,11,영등포구,11560,서울특별시,11,중구,11140,5,86,19,22,21,3,24,3,46,16,12
20230321,서울특별시,11,영등포구,11560,서울특별시,11,용산구,11170,6,56,8,22,23,0,38,0,42,18,11
20230321,서울특별시,11,영등포구,11560,서울특별시,11,성동구,11200,3,83,35,29,29,4,32,3,100,57,18
20230321,서울특별시,11,영등포구,11560,서울특별시,11,광진구,11215,7,58,8,15,39,3,37,0,47,38,32
20230321,서울특별시,11,영등포구,11560,서울특별시,11,동대문구,11230,5,73,10,13,25,4,25,0,53,41,28
20230321,서울특별시,11,영등포구,11560,서울특별시,11,중랑구,11260,3,69,6,15,18,4,20,0,44,41,27
20230321,서울특별시,11,영등포구,11560,서울특별시,11,성북구,11290,5,87,10,15,26,3,22,0,74,49,30
20230321,서울특별시,11,영등포구,11560,서울특별시,11,강북구,11305,0,35,5,17,16,0,21,0,31,28,10
20230321,서울특별시,11,영등포구,11560,서울특별시,11,도봉구,11320,0,50,8,14,15,3,17,0,35,25,15
20230321,서울특별시,11,영등포구,11560,서울특별시,11,노원구,11350,6,65,7,19,44,5,27,3,53,37,33
20230321,서울특별시,11,영등포구,11560,서울특별시,11,은평구,11380,7,65,7,15,35,4,15,0,49,28,22
20230321,서울특별시,11,영등포구,11560,서울특별시,11,서대문구,11410,5,64,10,21,47,0,40,3,55,17,15
20230321,서울특별시,11,영등포구,11560,서울특별시,11,마포구,11440,8,115,24,25,44,6,28,0,80,33,16
20230321,서울특별시,11,영등포구,11560,서울특별시,11,양천구,11470,4,73,13,21,35,3,31,0,47,45,22
20230321,서울특별시,11,영등포구,11560,서울특별시,11,강서구,11500,9,105,27,35,44,7,43,3,73,43,31
20230321,서울특별시,11,영등포구,11560,서울특별시,11,구로구,11530,6,95,24,20,38,0,34,0,45,39,39
20230321,서울특별시,11,영등포구,11560,서울특별시,11,금천구,11545,3,81,17,32,30,3,14,0,56,35,30
20230321,서울특별시,11,영등포구,11560,서울특별시,11,영등포구,11560,5,115,31,40,40,5,90,0,74,37,35
20230321,서울특별시,11,영등포구,11560,서울특별시,11,동작구,11590,6,62,16,17,16,3,20,0,52,20,19
20230321,서울특별시,11,영등포구,11560,서울특별시,11,관악구,11620,9,88,14,25,30,5,31,4,54,30,16
20230321,서울특별시,11,영등포구,11560,서울특별시,11,서초구,11650,4,115,21,21,53,8,24,3,48,41,35
20230321,서울특별시,11,영등포구,11560,서울특별시,11,강남구,11680,11,201,34,50,59,5,71,7,113,52,49
20230321,서울특별시,11,영등포구,11560,서울특별시,11,송파구,11710,12,106,22,31,67,0,50,7,69,56,41
20230321,서울특별시,11,영등포구,11560,서울특별시,11,강동구,11740,10,87,8,23,50,0,29,0,48,35,26
20230321,서울특별시,11,양천구,11470,서울특별시,11,종로구,11110,0,14,4,8,12,4,13,4,14,24,7
20230321,서울특별시,11,양천구,11470,서울특별시,11,중구,11140,3,26,4,18,28,6,8,0,27,72,7
20230321,서울특별시,11,양천구,11470,서울특별시,11,용산구,11170,0,15,4,29,23,8,6,0,28,30,9
20230321,서울특별시,11,양천구,11470,서울특별시,11,성동구,11200,0,30,26,17,25,16,5,0,84,88,10
20230321,서울특별시,11,양천구,11470,서울특별시,11,광진구,11215,0,29,3,16,22,3,8,0,33,26,7
20230321,서울특별시,11,양천구,11470,서울특별시,11,동대문구,11230,0,16,0,22,23,10,19,4,46,62,9
20230321,서울특별시,11,양천구,11470,서울특별시,11,중랑구,11260,5,12,6,18,24,4,7,0,38,29,13
20230321,서울특별시,11,양천구,11470,서울특별시,11,성북구,11290,0,63,6,23,26,4,10,0,55,30,15
20230321,서울특별시,11,양천구,11470,서울특별시,11,강북구,11305,0,9,7,11,33,0,9,0,44,11,10
20230321,서울특별시,11,양천구,11470,서울특별시,11,도봉구,11320,0,9,4,7,13,0,12,3,25,14,17
20230321,서울특별시,11,양천구,11470,서울특별시,11,노원구,11350,0,16,9,15,30,0,20,0,27,29,12
20230321,서울특별시,11,양천구,11470,서울특별시,11,은평구,11380,0,14,6,15,31,0,19,0,29,20,17
20230321,서울특별시,11,양천구,11470,서울특별시,11,서대문구,11410,0,93,8,17,28,0,14,0,33,35,11
20230321,서울특별시,11,양천구,11470,서울특별시,11,마포구,11440,3,27,11,22,31,0,17,3,51,43,15
20230321,서울특별시,11,양천구,11470,서울특별시,11,양천구,11470,3,15,17,17,23,3,50,0,36,22,13
20230321,서울특별시,11,양천구,11470,서울특별시,11,강서구,11500,3,38,20,26,59,20,30,0,61,40,27
20230321,서울특별시,11,양천구,11470,서울특별시,11,구로구,11530,0,21,22,23,29,3,23,0,44,13,13
20230321,서울특별시,11,양천구,11470,서울특별시,11,금천구,11545,0,19,0,10,15,10,22,0,45,35,7
20230321,서울특별시,11,양천구,11470,서울특별시,11,영등포구,11560,3,18,9,27,38,5,18,0,51,47,15
20230321,서울특별시,11,양천구,11470,서울특별시,11,동작구,11590,5,14,6,16,22,0,14,0,32,21,15
20230321,서울특별시,11,양천구,11470,서울특별시,11,관악구,11620,3,17,5,21,30,0,19,0,52,41,10
20230321,서울특별시,11,양천구,11470,서울특별시,11,서초구,11650,3,21,9,24,41,10,23,0,50,31,8
20230321,서울특별시,11,양천구,11470,서울특별시,11,강남구,11680,6,56,10,51,62,4,31,3,61,40,33
20230321,서울특별시,11,양천구,11470,서울특별시,11,송파구,11710,0,28,9,40,54,9,24,3,44,33,37
20230321,서울특별시,11,양천구,11470,서울특별시,11,강동구,11740,0,21,6,13,27,5,10,0,42,20,12
20230321,서울특별시,11,은평구,11380,서울특별시,11,강동구,11740,0,10,8,3,33,5,51,0,23,18,25
20230321,서울특별시,11,은평구,11380,서울특별시,11,송파구,11710,4,12,9,7,50,13,90,0,33,18,45
20230321,서울특별시,11,은평구,11380,서울특별시,11,강남구,11680,0,32,14,11,48,8,61,0,32,16,57
20230321,서울특별시,11,은평구,11380,서울특별시,11,서초구,11650,3,16,10,3,39,10,48,0,26,8,35
20230321,서울특별시,11,은평구,11380,서울특별시,11,관악구,11620,0,10,5,0,31,3,50,0,25,7,55
20230321,서울특별시,11,은평구,11380,서울특별시,11,동작구,11590,0,10,10,0,27,3,39,0,21,7,27
20230321,서울특별시,11,은평구,11380,서울특별시,11,영등포구,11560,0,17,8,8,35,6,49,0,20,7,25
20230321,서울특별시,11,은평구,11380,서울특별시,11,금천구,11545,3,14,7,4,23,0,30,0,26,15,26
20230321,서울특별시,11,은평구,11380,서울특별시,11,구로구,11530,0,12,9,8,40,5,44,0,24,4,28
20230321,서울특별시,11,은평구,11380,서울특별시,11,강서구,11500,0,23,8,8,50,8,80,0,38,15,38
20230321,서울특별시,11,은평구,11380,서울특별시,11,양천구,11470,0,13,9,3,32,6,43,0,22,18,35
20230321,서울특별시,11,은평구,11380,서울특별시,11,마포구,11440,0,19,14,8,30,10,38,0,35,8,26
20230321,서울특별시,11,은평구,11380,서울특별시,11,서대문구,11410,3,13,12,7,21,0,27,0,9,11,24
20230321,서울특별시,11,은평구,11380,서울특별시,11,은평구,11380,0,20,17,7,36,6,71,0,32,5,30
20230321,서울특별시,11,은평구,11380,서울특별시,11,노원구,11350,0,9,8,5,49,8,61,0,18,14,34
20230321,서울특별시,11,은평구,11380,서울특별시,11,도봉구,11320,0,13,6,0,33,4,34,0,11,4,16
20230321,서울특별시,11,은평구,11380,서울특별시,11,강북구,11305,0,6,3,0,15,3,26,0,7,4,18
20230321,서울특별시,11,은평구,11380,서울특별시,11,성북구,11290,3,23,6,5,33,0,38,4,39,15,33
20230321,서울특별시,11,은평구,11380,서울특별시,11,중랑구,11260,3,19,0,6,29,3,38,0,20,6,24
20230321,서울특별시,11,은평구,11380,서울특별시,11,동대문구,11230,0,12,6,0,31,0,37,0,41,0,34
20230321,서울특별시,11,은평구,11380,서울특별시,11,광진구,11215,0,9,12,3,38,0,35,0,19,0,25
20230321,서울특별시,11,은평구,11380,서울특별시,11,성동구,11200,0,34,21,5,15,12,25,0,53,31,19
20230321,서울특별시,11,은평구,11380,서울특별시,11,용산구,11170,3,0,6,10,18,4,43,0,12,3,19
20230321,서울특별시,11,은평구,11380,서울특별시,11,중구,11140,0,8,9,0,19,0,11,0,19,4,9
20230321,서울특별시,11,은평구,11380,서울특별시,11,종로구,11110,0,10,6,5,12,0,19,0,20,4,13
20230321,서울특별시,11,관악구,11620,서울특별시,11,강동구,11740,5,21,10,5,25,5,4,0,29,28,7
20230321,서울특별시,11,관악구,11620,서울특별시,11,송파구,11710,0,17,37,14,37,0,16,4,46,34,15
20230321,서울특별시,11,관악구,11620,서울특별시,11,강남구,11680,8,48,34,15,48,6,17,0,40,39,17
20230321,서울특별시,11,관악구,11620,서울특별시,11,서초구,11650,6,8,32,14,31,0,10,3,34,31,10
20230321,서울특별시,11,관악구,11620,서울특별시,11,관악구,11620,6,43,49,16,32,0,47,0,56,26,112
20230321,서울특별시,11,관악구,11620,서울특별시,11,동작구,11590,0,23,38,4,24,0,21,3,36,19,101
20230321,서울특별시,11,관악구,11620,서울특별시,11,영등포구,11560,5,22,30,9,22,0,13,4,29,27,5
20230321,서울특별시,11,관악구,11620,서울특별시,11,금천구,11545,5,13,18,15,22,0,9,0,55,30,63
20230321,서울특별시,11,관악구,11620,서울특별시,11,구로구,11530,4,18,17,13,28,0,6,4,30,28,9
20230321,서울특별시,11,관악구,11620,서울특별시,11,강서구,11500,0,18,19,18,30,6,14,5,58,34,11
20230321,서울특별시,11,관악구,11620,서울특별시,11,양천구,11470,0,26,22,7,17,0,4,0,20,23,9
20230321,서울특별시,11,관악구,11620,서울특별시,11,마포구,11440,0,21,39,9,27,0,12,8,36,25,3
20230321,서울특별시,11,관악구,11620,서울특별시,11,서대문구,11410,0,21,46,8,23,0,9,3,28,14,8
20230321,서울특별시,11,관악구,11620,서울특별시,11,은평구,11380,5,16,13,7,25,0,3,0,26,24,7
20230321,서울특별시,11,관악구,11620,서울특별시,11,노원구,11350,3,20,18,7,22,0,10,0,36,24,7
20230321,서울특별시,11,관악구,11620,서울특별시,11,도봉구,11320,3,10,11,6,11,0,3,0,39,14,3
20230321,서울특별시,11,관악구,11620,서울특별시,11,강북구,11305,0,9,7,3,11,0,0,0,22,15,8
20230321,서울특별시,11,관악구,11620,서울특별시,11,성북구,11290,6,20,31,6,16,0,6,5,59,26,8
20230321,서울특별시,11,관악구,11620,서울특별시,11,중랑구,11260,0,17,16,6,15,3,12,0,41,23,3
20230321,서울특별시,11,관악구,11620,서울특별시,11,동대문구,11230,0,12,30,8,20,0,5,0,36,25,5
20230321,서울특별시,11,관악구,11620,서울특별시,11,광진구,11215,5,14,19,7,15,0,8,0,46,19,11
20230321,서울특별시,11,관악구,11620,서울특별시,11,성동구,11200,3,31,47,5,20,3,5,0,84,52,8
20230321,서울특별시,11,관악구,11620,서울특별시,11,용산구,11170,3,13,16,16,17,0,5,0,22,8,5
20230321,서울특별시,11,관악구,11620,서울특별시,11,중구,11140,6,15,16,4,15,0,10,0,29,14,6
20230321,서울특별시,11,관악구,11620,서울특별시,11,종로구,11110,0,8,31,9,15,0,8,0,20,16,3
20230321,서울특별시,11,중랑구,11260,서울특별시,11,강동구,11740,9,38,8,16,36,5,36,10,87,25,28
20230321,서울특별시,11,중랑구,11260,서울특별시,11,송파구,11710,11,66,20,45,58,21,75,9,132,66,42
20230321,서울특별시,11,중랑구,11260,서울특별시,11,강남구,11680,12,78,12,35,77,28,89,8,147,48,52
20230321,서울특별시,11,중랑구,11260,서울특별시,11,서초구,11650,10,35,12,17,54,16,66,3,96,36,23
20230321,서울특별시,11,중랑구,11260,서울특별시,11,관악구,11620,8,49,6,18,34,13,68,7,120,48,32
20230321,서울특별시,11,중랑구,11260,서울특별시,11,동작구,11590,14,21,7,12,25,13,33,11,85,24,20
20230321,서울특별시,11,중랑구,11260,서울특별시,11,영등포구,11560,20,50,18,27,41,7,32,7,95,36,14
20230321,서울특별시,11,중랑구,11260,서울특별시,11,금천구,11545,3,16,9,7,20,5,29,4,67,28,12
20230321,서울특별시,11,중랑구,11260,서울특별시,11,구로구,11530,8,37,12,7,26,6,43,0,81,27,11
20230321,서울특별시,11,중랑구,11260,서울특별시,11,강서구,11500,6,59,11,12,54,9,54,11,123,54,33
20230321,서울특별시,11,중랑구,11260,서울특별시,11,양천구,11470,7,38,10,15,33,16,46,5,86,29,16
20230321,서울특별시,11,중랑구,11260,서울특별시,11,마포구,11440,11,49,7,10,33,16,44,6,105,48,23
20230321,서울특별시,11,중랑구,11260,서울특별시,11,서대문구,11410,8,34,9,9,23,8,36,0,71,37,20
20230321,서울특별시,11,중랑구,11260,서울특별시,11,은평구,11380,9,47,14,9,24,5,42,11,72,36,26
20230321,서울특별시,11,중랑구,11260,서울특별시,11,노원구,11350,6,38,10,11,39,6,46,8,108,34,22
20230321,서울특별시,11,중랑구,11260,서울특별시,11,도봉구,11320,4,31,10,6,23,9,28,4,52,23,14
20230321,서울특별시,11,중랑구,11260,서울특별시,11,강북구,11305,5,14,5,0,17,0,23,0,49,16,12
20230321,서울특별시,11,중랑구,11260,서울특별시,11,성북구,11290,14,47,12,13,27,15,43,9,116,41,24
20230321,서울특별시,11,중랑구,11260,서울특별시,11,중랑구,11260,6,33,9,9,30,11,57,3,86,31,11
20230321,서울특별시,11,중랑구,11260,서울특별시,11,동대문구,11230,11,38,7,7,21,6,33,0,100,31,17
20230321,서울특별시,11,중랑구,11260,서울특별시,11,광진구,11215,4,30,5,13,25,9,32,8,81,38,21
20230321,서울특별시,11,중랑구,11260,서울특별시,11,성동구,11200,4,50,30,11,25,10,42,0,113,59,18
20230321,서울특별시,11,중랑구,11260,서울특별시,11,용산구,11170,4,37,9,10,35,7,21,4,45,24,21
20230321,서울특별시,11,중랑구,11260,서울특별시,11,중구,11140,4,28,6,9,23,5,17,4,59,30,7
20230321,서울특별시,11,중랑구,11260,서울특별시,11,종로구,11110,4,23,6,7,15,8,26,0,45,9,11
20230321,서울특별시,11,서초구,11650,서울특별시,11,종로구,11110,0,29,24,9,32,10,54,9,29,11,9
20230321,서울특별시,11,서초구,11650,서울특별시,11,중구,11140,9,31,19,10,42,0,31,12,70,13,18
20230321,서울특별시,11,서초구,11650,서울특별시,11,용산구,11170,9,68,22,55,65,6,52,4,58,16,28
20230321,서울특별시,11,서초구,11650,서울특별시,11,성동구,11200,8,73,47,22,58,9,45,12,88,42,31
20230321,서울특별시,11,서초구,11650,서울특별시,11,광진구,11215,9,49,29,16,77,0,36,4,49,22,35
20230321,서울특별시,11,용산구,11170,서울특별시,11,강동구,11740,6,36,10,178,31,3,12,4,86,7,10
20230321,서울특별시,11,용산구,11170,서울특별시,11,송파구,11710,7,57,15,320,64,8,26,3,148,20,11
20230321,서울특별시,11,용산구,11170,서울특별시,11,강남구,11680,8,80,28,515,68,8,27,7,129,30,19
20230321,서울특별시,11,용산구,11170,서울특별시,11,서초구,11650,3,70,20,325,46,5,22,4,109,33,13
20230321,서울특별시,11,용산구,11170,서울특별시,11,관악구,11620,4,53,18,215,27,5,20,3,63,14,11
20230321,서울특별시,11,용산구,11170,서울특별시,11,동작구,11590,0,26,11,169,18,5,16,3,79,14,7
20230321,서울특별시,11,용산구,11170,서울특별시,11,영등포구,11560,6,48,9,274,40,0,14,6,89,17,10
20230321,서울특별시,11,용산구,11170,서울특별시,11,금천구,11545,4,37,10,215,27,0,7,0,61,14,5
20230321,서울특별시,11,용산구,11170,서울특별시,11,구로구,11530,3,26,11,239,24,5,13,0,61,9,7
20230321,서울특별시,11,용산구,11170,서울특별시,11,강서구,11500,7,65,14,334,38,4,26,3,126,25,12
20230321,서울특별시,11,용산구,11170,서울특별시,11,양천구,11470,0,31,7,135,34,4,20,0,78,10,5
20230321,서울특별시,11,용산구,11170,서울특별시,11,마포구,11440,6,41,16,248,38,6,19,8,104,26,11
20230321,서울특별시,11,용산구,11170,서울특별시,11,서대문구,11410,7,33,7,148,20,5,18,0,57,13,3
20230321,서울특별시,11,용산구,11170,서울특별시,11,은평구,11380,5,33,5,167,34,3,11,5,74,10,0
20230321,서울특별시,11,용산구,11170,서울특별시,11,노원구,11350,0,43,5,191,44,3,23,0,74,13,8
20230321,서울특별시,11,용산구,11170,서울특별시,11,도봉구,11320,0,12,6,122,26,0,10,0,51,5,7
20230321,서울특별시,11,용산구,11170,서울특별시,11,강북구,11305,0,23,0,81,20,0,6,0,49,4,0
20230321,서울특별시,11,용산구,11170,서울특별시,11,성북구,11290,5,39,16,165,20,5,20,6,90,8,4
20230321,서울특별시,11,용산구,11170,서울특별시,11,중랑구,11260,7,42,5,139,18,0,12,0,51,12,6
20230321,서울특별시,11,용산구,11170,서울특별시,11,동대문구,11230,0,30,11,171,18,3,10,0,78,10,3
20230321,서울특별시,11,용산구,11170,서울특별시,11,광진구,11215,6,36,11,198,27,0,23,3,89,12,0
20230321,서울특별시,11,용산구,11170,서울특별시,11,성동구,11200,6,53,14,219,32,0,13,0,100,19,7
20230321,서울특별시,11,용산구,11170,서울특별시,11,용산구,11170,8,68,17,246,32,6,36,0,78,16,6
20230321,서울특별시,11,용산구,11170,서울특별시,11,중구,11140,4,30,24,138,27,6,11,0,71,16,6
20230321,서울특별시,11,용산구,11170,서울특별시,11,종로구,11110,4,22,5,112,14,0,9,3,41,0,8
20230321,서울특별시,11,서초구,11650,서울특별시,11,동대문구,11230,7,36,22,17,63,0,39,8,41,13,28
20230321,서울특별시,11,서초구,11650,서울특별시,11,중랑구,11260,9,34,13,11,51,0,42,5,45,13,19
20230321,서울특별시,11,서초구,11650,서울특별시,11,성북구,11290,8,51,39,15,72,4,54,7,70,23,41
20230321,서울특별시,11,서초구,11650,서울특별시,11,강북구,11305,5,29,14,8,47,0,34,0,18,12,12
20230321,서울특별시,11,서초구,11650,서울특별시,11,도봉구,11320,6,41,14,9,30,0,45,3,27,10,14
20230321,서울특별시,11,서초구,11650,서울특별시,11,노원구,11350,13,61,37,7,73,9,85,6,30,19,33
20230321,서울특별시,11,서초구,11650,서울특별시,11,은평구,11380,9,45,24,19,69,5,58,13,45,17,15
20230321,서울특별시,11,서초구,11650,서울특별시,11,서대문구,11410,5,40,18,19,61,4,49,6,35,14,25
20230321,서울특별시,11,서초구,11650,서울특별시,11,마포구,11440,4,65,37,22,82,8,68,16,66,28,33
20230322,서울특별시,11,금천구,11545,서울특별시,11,중랑구,11260,10,22,20,30,36,23,48,11,126,60,61
20230322,서울특별시,11,금천구,11545,서울특별시,11,성북구,11290,19,40,28,36,52,25,49,8,172,76,66
20230322,서울특별시,11,금천구,11545,서울특별시,11,강북구,11305,8,21,8,31,23,6,23,7,82,43,45
20230322,서울특별시,11,금천구,11545,서울특별시,11,도봉구,11320,7,14,21,26,28,18,30,11,96,46,62
20230322,서울특별시,11,금천구,11545,서울특별시,11,노원구,11350,17,43,53,51,68,23,48,27,169,78,83
20230322,서울특별시,11,금천구,11545,서울특별시,11,은평구,11380,11,31,31,37,61,16,55,14,133,50,84
20230322,서울특별시,11,금천구,11545,서울특별시,11,서대문구,11410,8,33,25,43,34,11,45,19,120,57,66
20230322,서울특별시,11,금천구,11545,서울특별시,11,마포구,11440,14,50,26,61,92,22,70,22,192,176,110
20230322,서울특별시,11,금천구,11545,서울특별시,11,양천구,11470,13,34,32,46,44,26,46,20,166,71,97
20230322,서울특별시,11,금천구,11545,서울특별시,11,강서구,11500,28,42,51,70,104,33,72,30,205,145,132
20230322,서울특별시,11,영등포구,11560,서울특별시,11,서대문구,11410,5,51,19,16,36,0,24,0,45,41,29
20230322,서울특별시,11,영등포구,11560,서울특별시,11,마포구,11440,12,69,21,28,50,5,41,7,71,49,32
20230322,서울특별시,11,영등포구,11560,서울특별시,11,양천구,11470,8,56,19,13,48,4,15,3,54,33,35
20230322,서울특별시,11,영등포구,11560,서울특별시,11,강서구,11500,13,74,27,28,61,7,21,5,83,42,44
20230322,서울특별시,11,영등포구,11560,서울특별시,11,구로구,11530,11,70,28,17,45,5,22,5,49,29,35
20230322,서울특별시,11,영등포구,11560,서울특별시,11,금천구,11545,3,50,18,26,20,0,17,3,52,26,30
20230322,서울특별시,11,영등포구,11560,서울특별시,11,영등포구,11560,14,91,40,26,37,4,44,0,72,31,28
20230322,서울특별시,11,영등포구,11560,서울특별시,11,동작구,11590,11,50,12,9,41,3,13,4,50,24,26
20230322,서울특별시,11,영등포구,11560,서울특별시,11,관악구,11620,8,52,24,26,40,6,17,0,68,36,43
20230322,서울특별시,11,영등포구,11560,서울특별시,11,서초구,11650,9,66,19,24,55,8,31,6,68,25,21
20230322,서울특별시,11,영등포구,11560,서울특별시,11,강남구,11680,9,139,30,44,79,8,44,6,100,31,44
20230322,서울특별시,11,영등포구,11560,서울특별시,11,송파구,11710,8,108,30,32,89,6,51,3,85,45,45
20230322,서울특별시,11,영등포구,11560,서울특별시,11,강동구,11740,0,60,20,17,48,4,13,4,53,37,29
20230322,서울특별시,11,금천구,11545,서울특별시,11,구로구,11530,23,44,27,47,53,41,48,31,146,117,86
20230322,서울특별시,11,금천구,11545,서울특별시,11,금천구,11545,6,37,19,47,71,26,44,15,116,61,56
20230322,서울특별시,11,금천구,11545,서울특별시,11,영등포구,11560,14,60,36,46,63,40,71,19,149,77,110
20230322,서울특별시,11,금천구,11545,서울특별시,11,동작구,11590,17,33,24,44,49,19,43,18,152,80,89
20230322,서울특별시,11,금천구,11545,서울특별시,11,관악구,11620,21,46,29,65,87,21,77,19,168,92,108
20230322,서울특별시,11,금천구,11545,서울특별시,11,서초구,11650,20,56,41,66,86,56,65,26,179,126,114
20230322,서울특별시,11,금천구,11545,서울특별시,11,강남구,11680,31,104,77,100,137,59,121,19,277,112,209
20230322,서울특별시,11,금천구,11545,서울특별시,11,송파구,11710,22,83,41,97,124,56,91,35,282,155,156
20230322,서울특별시,11,금천구,11545,서울특별시,11,강동구,11740,15,50,28,50,51,17,50,24,170,124,96
20230322,서울특별시,11,은평구,11380,서울특별시,11,성동구,11200,0,13,14,0,19,0,37,0,56,23,26
20230322,서울특별시,11,은평구,11380,서울특별시,11,광진구,11215,0,7,4,5,15,0,33,0,17,7,24
20230322,서울특별시,11,은평구,11380,서울특별시,11,동대문구,11230,0,10,6,5,26,8,25,3,29,8,25
20230322,서울특별시,11,은평구,11380,서울특별시,11,중랑구,11260,3,10,4,3,15,7,30,3,14,8,32
20230322,서울특별시,11,은평구,11380,서울특별시,11,성북구,11290,0,8,4,0,13,3,35,0,39,10,31
20230322,서울특별시,11,은평구,11380,서울특별시,11,강북구,11305,0,4,0,0,11,0,34,0,8,6,17
20230322,서울특별시,11,은평구,11380,서울특별시,11,도봉구,11320,0,4,0,3,19,0,18,0,11,4,23
20230322,서울특별시,11,은평구,11380,서울특별시,11,노원구,11350,0,5,4,0,27,5,51,0,9,8,34
20230322,서울특별시,11,은평구,11380,서울특별시,11,은평구,11380,0,11,4,0,25,5,68,0,29,17,34
20230322,서울특별시,11,은평구,11380,서울특별시,11,서대문구,11410,0,3,8,3,14,4,60,0,21,8,28
20230322,서울특별시,11,강남구,11680,서울특별시,11,노원구,11350,11,99,21,18,53,12,90,10,281,52,58
20230322,서울특별시,11,강남구,11680,서울특별시,11,도봉구,11320,7,38,13,10,23,8,63,0,152,26,29
20230322,서울특별시,11,강남구,11680,서울특별시,11,강북구,11305,7,45,16,12,35,6,38,0,184,35,31
20230322,서울특별시,11,강남구,11680,서울특별시,11,성북구,11290,11,101,27,12,54,14,82,16,341,67,57
20230322,서울특별시,11,강남구,11680,서울특별시,11,중랑구,11260,8,69,19,11,47,13,63,7,223,40,45
20230322,서울특별시,11,강남구,11680,서울특별시,11,동대문구,11230,13,77,24,17,53,16,78,9,281,50,37
20230322,서울특별시,11,도봉구,11320,서울특별시,11,종로구,11110,3,10,3,12,10,0,9,0,16,6,0
20230322,서울특별시,11,도봉구,11320,서울특별시,11,중구,11140,0,9,3,9,21,3,10,3,29,9,5
20230322,서울특별시,11,도봉구,11320,서울특별시,11,용산구,11170,0,8,5,15,18,5,7,0,42,6,0
20230322,서울특별시,11,도봉구,11320,서울특별시,11,성동구,11200,0,13,13,18,16,7,11,0,70,11,4
20230322,서울특별시,11,도봉구,11320,서울특별시,11,광진구,11215,3,12,0,26,24,6,11,0,60,14,6
20230322,서울특별시,11,도봉구,11320,서울특별시,11,동대문구,11230,4,15,0,15,15,6,6,0,68,14,0
20230322,서울특별시,11,도봉구,11320,서울특별시,11,중랑구,11260,11,9,0,13,18,5,6,0,61,9,0
20230322,서울특별시,11,도봉구,11320,서울특별시,11,성북구,11290,0,16,4,19,19,7,12,0,70,19,7
20230322,서울특별시,11,도봉구,11320,서울특별시,11,강북구,11305,0,10,3,18,10,0,8,0,63,8,0
20230322,서울특별시,11,도봉구,11320,서울특별시,11,도봉구,11320,5,5,3,18,12,0,22,0,46,8,4
20230322,서울특별시,11,도봉구,11320,서울특별시,11,노원구,11350,13,17,3,28,16,7,9,4,81,21,7
20230322,서울특별시,11,도봉구,11320,서울특별시,11,은평구,11380,5,10,4,17,17,5,9,0,67,13,3
20230322,서울특별시,11,도봉구,11320,서울특별시,11,서대문구,11410,7,14,3,16,14,4,10,0,66,13,5
20230322,서울특별시,11,도봉구,11320,서울특별시,11,마포구,11440,4,12,0,26,27,6,16,0,57,12,3
20230322,서울특별시,11,도봉구,11320,서울특별시,11,양천구,11470,3,16,3,19,17,7,10,5,59,15,0
20230322,서울특별시,11,도봉구,11320,서울특별시,11,강서구,11500,7,16,5,26,33,4,22,0,84,20,13
20230322,서울특별시,11,도봉구,11320,서울특별시,11,구로구,11530,4,7,0,18,19,0,8,0,70,15,0
20230322,서울특별시,11,도봉구,11320,서울특별시,11,금천구,11545,0,6,0,13,15,0,7,3,36,14,5
20230322,서울특별시,11,도봉구,11320,서울특별시,11,영등포구,11560,5,13,7,22,27,7,18,0,45,21,3
20230322,서울특별시,11,도봉구,11320,서울특별시,11,동작구,11590,4,7,0,20,28,5,6,0,62,12,3
20230322,서울특별시,11,도봉구,11320,서울특별시,11,관악구,11620,5,11,3,27,25,8,17,5,67,14,4
20230322,서울특별시,11,은평구,11380,서울특별시,11,마포구,11440,0,14,9,4,16,12,35,0,32,9,30
20230322,서울특별시,11,은평구,11380,서울특별시,11,양천구,11470,0,9,7,0,23,6,39,0,26,12,31
20230322,서울특별시,11,은평구,11380,서울특별시,11,강서구,11500,8,16,7,11,29,4,45,7,39,12,45
20230322,서울특별시,11,은평구,11380,서울특별시,11,구로구,11530,0,8,7,5,19,8,41,0,33,6,40
20230322,서울특별시,11,서대문구,11410,서울특별시,11,종로구,11110,0,18,10,8,20,0,8,3,24,19,14
20230322,서울특별시,11,서대문구,11410,서울특별시,11,중구,11140,3,20,13,8,17,6,11,0,45,19,8
20230322,서울특별시,11,서대문구,11410,서울특별시,11,용산구,11170,4,20,10,17,27,8,11,0,36,18,25
20230322,서울특별시,11,서대문구,11410,서울특별시,11,성동구,11200,0,20,21,18,25,5,12,6,65,43,19
20230322,서울특별시,11,도봉구,11320,서울특별시,11,서초구,11650,6,16,8,19,26,3,16,0,41,12,6
20230322,서울특별시,11,도봉구,11320,서울특별시,11,강남구,11680,8,21,10,37,44,11,19,3,100,22,8
20230322,서울특별시,11,도봉구,11320,서울특별시,11,송파구,11710,5,29,6,34,48,8,18,0,106,26,7
20230322,서울특별시,11,도봉구,11320,서울특별시,11,강동구,11740,6,22,0,22,21,4,11,0,72,24,4
20230322,서울특별시,11,은평구,11380,서울특별시,11,금천구,11545,0,7,3,3,24,5,27,0,35,10,26
20230322,서울특별시,11,중구,11140,서울특별시,11,강동구,11740,7,53,22,9,61,7,20,0,194,66,9
20230322,서울특별시,11,중구,11140,서울특별시,11,송파구,11710,12,110,45,15,101,10,46,4,333,101,18
20230322,서울특별시,11,중구,11140,서울특별시,11,강남구,11680,22,124,65,21,225,12,38,6,347,86,23
20230322,서울특별시,11,중구,11140,서울특별시,11,서초구,11650,17,73,45,9,107,7,31,6,231,76,21
20230322,서울특별시,11,중랑구,11260,서울특별시,11,강동구,11740,16,45,5,7,31,6,41,7,76,44,18
20230322,서울특별시,11,중랑구,11260,서울특별시,11,송파구,11710,17,61,15,10,59,18,42,10,118,44,30
20230322,서울특별시,11,중랑구,11260,서울특별시,11,강남구,11680,9,91,20,22,63,28,76,9,133,43,44
20230322,서울특별시,11,중랑구,11260,서울특별시,11,서초구,11650,11,37,13,17,29,9,43,8,87,39,29
20230322,서울특별시,11,중랑구,11260,서울특별시,11,관악구,11620,15,48,5,17,40,12,42,4,113,39,30
20230322,서울특별시,11,중랑구,11260,서울특별시,11,동작구,11590,9,31,6,7,29,5,22,3,83,36,9
20230322,서울특별시,11,중랑구,11260,서울특별시,11,영등포구,11560,8,47,9,16,36,12,31,5,72,36,16
20230322,서울특별시,11,중랑구,11260,서울특별시,11,금천구,11545,4,19,4,10,19,8,14,3,59,32,7
20230322,서울특별시,11,중랑구,11260,서울특별시,11,구로구,11530,3,44,3,9,39,7,22,4,81,25,15
20230322,서울특별시,11,중랑구,11260,서울특별시,11,강서구,11500,9,40,24,25,40,21,56,6,114,36,24
20230322,서울특별시,11,중랑구,11260,서울특별시,11,양천구,11470,10,34,15,4,36,19,38,5,77,28,22
20230322,서울특별시,11,중랑구,11260,서울특별시,11,마포구,11440,15,52,7,15,49,12,44,9,103,46,19
20230322,서울특별시,11,중랑구,11260,서울특별시,11,서대문구,11410,7,28,0,3,30,0,25,3,53,32,8
20230322,서울특별시,11,중랑구,11260,서울특별시,11,은평구,11380,7,28,6,3,39,9,32,8,81,23,33
20230322,서울특별시,11,중랑구,11260,서울특별시,11,노원구,11350,5,32,8,7,33,15,37,7,107,26,18
20230322,서울특별시,11,중랑구,11260,서울특별시,11,도봉구,11320,0,15,5,8,18,5,16,4,51,24,12
20230322,서울특별시,11,중랑구,11260,서울특별시,11,강북구,11305,3,21,8,5,15,8,21,4,57,20,10
20230322,서울특별시,11,중랑구,11260,서울특별시,11,성북구,11290,11,49,8,8,33,7,29,3,105,36,25
20230322,서울특별시,11,중랑구,11260,서울특별시,11,중랑구,11260,8,36,9,18,32,8,46,0,87,28,14
20230322,서울특별시,11,중랑구,11260,서울특별시,11,동대문구,11230,8,33,5,8,30,3,15,3,73,18,18
20230322,서울특별시,11,관악구,11620,서울특별시,11,강동구,11740,3,28,16,12,20,0,4,4,34,22,9
20230322,서울특별시,11,관악구,11620,서울특별시,11,송파구,11710,4,37,32,12,34,6,9,0,43,34,13
20230322,서울특별시,11,관악구,11620,서울특별시,11,강남구,11680,14,45,33,10,41,0,14,0,59,36,21
20230322,서울특별시,11,관악구,11620,서울특별시,11,서초구,11650,3,26,35,11,20,0,11,0,44,20,8
20230322,서울특별시,11,관악구,11620,서울특별시,11,관악구,11620,4,34,40,14,37,0,44,3,49,34,115
20230322,서울특별시,11,관악구,11620,서울특별시,11,동작구,11590,0,17,34,7,27,0,13,0,43,23,86
20230322,서울특별시,11,관악구,11620,서울특별시,11,영등포구,11560,0,24,22,13,37,3,11,0,34,20,10
20230322,서울특별시,11,마포구,11440,서울특별시,11,강동구,11740,15,65,20,71,67,12,90,3,111,55,47
20230322,서울특별시,11,마포구,11440,서울특별시,11,송파구,11710,20,119,34,140,104,13,149,10,173,61,65
20230322,서울특별시,11,마포구,11440,서울특별시,11,강남구,11680,18,134,47,147,112,24,196,10,174,72,77
20230322,서울특별시,11,마포구,11440,서울특별시,11,서초구,11650,17,76,28,92,78,9,112,5,100,45,49
20230322,서울특별시,11,마포구,11440,서울특별시,11,관악구,11620,17,72,21,116,83,10,91,6,181,49,43
20230322,서울특별시,11,마포구,11440,서울특별시,11,동작구,11590,9,56,22,85,70,3,70,3,128,48,47
20230322,서울특별시,11,마포구,11440,서울특별시,11,영등포구,11560,17,63,48,104,77,13,128,5,125,63,36
20230322,서울특별시,11,마포구,11440,서울특별시,11,금천구,11545,13,51,16,57,43,6,47,4,96,50,18
20230322,서울특별시,11,마포구,11440,서울특별시,11,구로구,11530,8,50,18,95,62,6,89,7,121,43,34
20230322,서울특별시,11,마포구,11440,서울특별시,11,강서구,11500,16,96,37,136,87,16,133,10,170,60,59
20230322,서울특별시,11,마포구,11440,서울특별시,11,양천구,11470,17,100,19,66,64,5,89,4,93,30,41
20230322,서울특별시,11,마포구,11440,서울특별시,11,마포구,11440,8,128,35,113,114,6,147,18,184,68,46
20230322,서울특별시,11,마포구,11440,서울특별시,11,서대문구,11410,9,56,28,61,56,9,81,5,126,40,34
20230322,서울특별시,11,마포구,11440,서울특별시,11,은평구,11380,5,69,22,91,60,8,89,4,124,34,36
20230322,서울특별시,11,마포구,11440,서울특별시,11,노원구,11350,10,63,28,76,72,0,104,4,128,27,40
20230322,서울특별시,11,마포구,11440,서울특별시,11,도봉구,11320,0,34,13,59,41,0,45,0,73,17,12
20230322,서울특별시,11,마포구,11440,서울특별시,11,강북구,11305,4,39,10,36,41,3,59,3,74,30,12
20230322,서울특별시,11,마포구,11440,서울특별시,11,성북구,11290,8,45,29,83,62,5,97,5,146,53,49
20230322,서울특별시,11,마포구,11440,서울특별시,11,중랑구,11260,10,42,11,58,70,4,62,6,102,24,30
20230322,서울특별시,11,마포구,11440,서울특별시,11,동대문구,11230,9,51,24,59,64,4,74,3,149,38,31
20230322,서울특별시,11,마포구,11440,서울특별시,11,광진구,11215,9,59,21,78,71,7,69,6,113,38,32
20230322,서울특별시,11,마포구,11440,서울특별시,11,성동구,11200,11,91,25,59,62,6,74,12,191,73,42
20230322,서울특별시,11,마포구,11440,서울특별시,11,용산구,11170,6,50,25,67,50,4,75,8,91,41,13
20230322,서울특별시,11,마포구,11440,서울특별시,11,중구,11140,7,56,27,42,43,12,63,0,101,32,14
20230322,서울특별시,11,마포구,11440,서울특별시,11,종로구,11110,7,57,21,54,33,3,62,0,82,19,16
20230322,서울특별시,11,관악구,11620,서울특별시,11,금천구,11545,0,23,10,19,28,3,11,0,62,19,70
20230322,서울특별시,11,관악구,11620,서울특별시,11,구로구,11530,0,16,16,8,16,4,8,3,41,17,4
20230322,서울특별시,11,관악구,11620,서울특별시,11,강서구,11500,6,25,23,8,18,0,18,0,52,39,9
20230322,서울특별시,11,서대문구,11410,서울특별시,11,광진구,11215,5,12,0,13,27,8,8,3,43,35,23
20230322,서울특별시,11,서대문구,11410,서울특별시,11,동대문구,11230,7,15,10,16,40,8,11,4,51,26,14
20230322,서울특별시,11,서대문구,11410,서울특별시,11,중랑구,11260,0,14,10,16,27,7,10,8,55,41,21
20230322,서울특별시,11,서대문구,11410,서울특별시,11,성북구,11290,5,24,8,14,45,7,18,3,76,37,29
20230322,서울특별시,11,서대문구,11410,서울특별시,11,강북구,11305,5,7,0,24,15,8,3,0,30,30,16
20230322,서울특별시,11,서대문구,11410,서울특별시,11,도봉구,11320,5,7,3,14,26,3,11,6,45,30,11
20230322,서울특별시,11,서대문구,11410,서울특별시,11,노원구,11350,3,14,10,17,35,13,17,15,57,39,14
20230322,서울특별시,11,서대문구,11410,서울특별시,11,은평구,11380,5,12,13,24,45,10,15,9,52,29,25
20230322,서울특별시,11,서대문구,11410,서울특별시,11,서대문구,11410,0,29,17,13,26,4,28,3,49,27,16
20230322,서울특별시,11,서대문구,11410,서울특별시,11,마포구,11440,6,27,8,21,49,10,17,0,75,44,20
20230322,서울특별시,11,서대문구,11410,서울특별시,11,양천구,11470,8,14,6,18,39,8,7,15,63,40,20
20230322,서울특별시,11,서대문구,11410,서울특별시,11,강서구,11500,8,30,8,29,61,14,12,11,69,43,44
20230322,서울특별시,11,서대문구,11410,서울특별시,11,구로구,11530,16,13,3,25,37,7,8,20,59,46,21
20230322,서울특별시,11,서대문구,11410,서울특별시,11,금천구,11545,3,7,0,39,24,3,7,6,48,20,15
20230322,서울특별시,11,서대문구,11410,서울특별시,11,영등포구,11560,6,21,16,20,22,5,13,10,50,32,25
20230322,서울특별시,11,서대문구,11410,서울특별시,11,동작구,11590,6,13,7,13,40,8,8,4,48,28,13
20230322,서울특별시,11,서대문구,11410,서울특별시,11,관악구,11620,10,26,8,29,40,14,11,5,66,53,26
20230322,서울특별시,11,서대문구,11410,서울특별시,11,서초구,11650,11,28,8,21,38,8,23,10,63,34,34
20230322,서울특별시,11,서대문구,11410,서울특별시,11,강남구,11680,6,50,29,30,48,12,35,6,97,59,48
20230322,서울특별시,11,서대문구,11410,서울특별시,11,송파구,11710,12,33,9,29,48,14,17,14,103,58,36
20230322,서울특별시,11,관악구,11620,서울특별시,11,양천구,11470,4,16,9,7,13,0,6,0,37,17,10
20230322,서울특별시,11,관악구,11620,서울특별시,11,마포구,11440,0,20,30,11,39,0,17,3,42,15,7
20230322,서울특별시,11,관악구,11620,서울특별시,11,서대문구,11410,0,8,36,4,9,0,6,4,30,14,5
20230322,서울특별시,11,관악구,11620,서울특별시,11,은평구,11380,0,17,16,6,18,3,3,0,30,25,4
20230322,서울특별시,11,관악구,11620,서울특별시,11,노원구,11350,0,12,22,4,18,0,4,0,32,19,11
20230322,서울특별시,11,관악구,11620,서울특별시,11,도봉구,11320,0,7,11,4,9,0,4,0,23,14,5
20230322,서울특별시,11,관악구,11620,서울특별시,11,강북구,11305,0,15,4,5,3,0,5,0,34,16,6
20230322,서울특별시,11,관악구,11620,서울특별시,11,성북구,11290,0,19,33,5,17,0,5,0,63,23,5
20230322,서울특별시,11,관악구,11620,서울특별시,11,중랑구,11260,0,13,13,5,17,0,7,0,44,21,5
20230322,서울특별시,11,관악구,11620,서울특별시,11,동대문구,11230,0,10,30,4,13,0,9,5,48,16,0
20230322,서울특별시,11,관악구,11620,서울특별시,11,광진구,11215,7,16,14,6,16,0,10,0,41,22,7
20230322,서울특별시,11,관악구,11620,서울특별시,11,성동구,11200,0,29,33,6,23,0,10,0,65,25,5
20230322,서울특별시,11,관악구,11620,서울특별시,11,용산구,11170,6,8,10,10,10,0,8,4,29,11,6
20230322,서울특별시,11,관악구,11620,서울특별시,11,중구,11140,3,12,10,6,10,0,4,0,32,17,4
20230322,서울특별시,11,관악구,11620,서울특별시,11,종로구,11110,3,11,23,0,9,0,3,0,21,12,0
20230322,서울특별시,11,성동구,11200,서울특별시,11,강동구,11740,7,66,33,30,21,4,37,5,184,77,29
20230322,서울특별시,11,성동구,11200,서울특별시,11,송파구,11710,11,116,44,26,52,11,61,6,298,103,47
20230322,서울특별시,11,성동구,11200,서울특별시,11,강남구,11680,11,141,55,43,100,17,105,13,338,128,66
20230322,서울특별시,11,성동구,11200,서울특별시,11,서초구,11650,11,69,31,25,40,11,38,4,193,81,56
20230322,서울특별시,11,성동구,11200,서울특별시,11,관악구,11620,11,58,21,8,41,6,36,8,233,61,31
20230322,서울특별시,11,성동구,11200,서울특별시,11,동작구,11590,5,50,16,20,25,7,30,8,176,45,24
20230322,서울특별시,11,노원구,11350,서울특별시,11,종로구,11110,4,7,5,13,20,0,14,5,19,3,6
20230322,서울특별시,11,노원구,11350,서울특별시,11,중구,11140,0,15,5,8,22,0,6,3,31,4,5
20230322,서울특별시,11,노원구,11350,서울특별시,11,용산구,11170,0,12,5,13,18,3,18,5,25,7,3
20230322,서울특별시,11,노원구,11350,서울특별시,11,성동구,11200,4,16,13,9,24,0,18,6,56,18,8
20230322,서울특별시,11,노원구,11350,서울특별시,11,광진구,11215,3,11,4,13,32,3,18,6,29,11,8
20230322,서울특별시,11,노원구,11350,서울특별시,11,동대문구,11230,0,11,5,9,38,0,28,5,41,5,17
20230322,서울특별시,11,노원구,11350,서울특별시,11,중랑구,11260,0,9,5,12,23,0,27,8,36,11,17
20230322,서울특별시,11,노원구,11350,서울특별시,11,성북구,11290,0,16,10,19,33,4,15,9,53,17,6
20230322,서울특별시,11,노원구,11350,서울특별시,11,강북구,11305,7,7,10,8,15,4,15,6,34,9,4
20230322,서울특별시,11,노원구,11350,서울특별시,11,도봉구,11320,0,14,6,8,27,4,15,3,32,6,11
20230322,서울특별시,11,노원구,11350,서울특별시,11,노원구,11350,8,22,12,14,29,3,48,8,52,17,14
20230322,서울특별시,11,노원구,11350,서울특별시,11,은평구,11380,4,9,7,9,34,0,16,5,39,13,11
20230322,서울특별시,11,노원구,11350,서울특별시,11,서대문구,11410,0,5,3,11,19,3,10,6,30,3,10
20230322,서울특별시,11,노원구,11350,서울특별시,11,마포구,11440,7,16,5,14,30,4,14,4,33,13,10
20230322,서울특별시,11,노원구,11350,서울특별시,11,양천구,11470,3,17,9,11,20,4,22,5,35,6,11
20230322,서울특별시,11,노원구,11350,서울특별시,11,강서구,11500,7,15,8,30,52,8,37,7,68,14,14
20230322,서울특별시,11,노원구,11350,서울특별시,11,구로구,11530,4,15,19,9,42,3,15,7,36,13,6
20230322,서울특별시,11,노원구,11350,서울특별시,11,금천구,11545,3,73,7,10,22,3,13,5,33,16,10
20230322,서울특별시,11,노원구,11350,서울특별시,11,영등포구,11560,3,9,7,17,38,4,16,6,24,10,8
20230322,서울특별시,11,노원구,11350,서울특별시,11,동작구,11590,3,12,0,14,22,3,12,3,27,9,11
20230322,서울특별시,11,노원구,11350,서울특별시,11,관악구,11620,7,17,7,18,43,5,18,5,41,10,13
20230322,서울특별시,11,노원구,11350,서울특별시,11,서초구,11650,9,19,15,10,39,3,22,6,30,11,9
20230322,서울특별시,11,노원구,11350,서울특별시,11,강남구,11680,10,26,12,22,71,11,43,9,59,16,16
20230322,서울특별시,11,노원구,11350,서울특별시,11,송파구,11710,7,25,11,29,43,9,37,10,54,18,17
20230322,서울특별시,11,노원구,11350,서울특별시,11,강동구,11740,5,19,3,11,19,3,33,8,37,16,9
20230322,서울특별시,11,중랑구,11260,서울특별시,11,광진구,11215,3,47,8,11,33,10,25,7,83,26,15
20230322,서울특별시,11,중랑구,11260,서울특별시,11,성동구,11200,4,38,19,17,26,9,19,6,114,47,11
20230322,서울특별시,11,중랑구,11260,서울특별시,11,용산구,11170,6,31,7,20,25,6,19,6,36,25,11
20230322,서울특별시,11,중랑구,11260,서울특별시,11,중구,11140,7,33,8,4,21,6,11,4,44,20,15
20230322,서울특별시,11,중랑구,11260,서울특별시,11,종로구,11110,6,16,5,4,10,8,19,0,54,14,8
20230322,서울특별시,11,강남구,11680,서울특별시,11,광진구,11215,8,93,23,12,46,14,66,10,297,46,52
20230322,서울특별시,11,강남구,11680,서울특별시,11,성동구,11200,12,171,36,15,52,15,95,7,332,77,68
20230322,서울특별시,11,강남구,11680,서울특별시,11,용산구,11170,4,86,30,57,62,9,59,6,175,41,48
20230322,서울특별시,11,강남구,11680,서울특별시,11,중구,11140,3,80,26,14,70,15,50,3,171,36,26
20230322,서울특별시,11,강남구,11680,서울특별시,11,종로구,11110,10,56,24,18,32,8,55,4,139,25,22
20230322,서울특별시,11,용산구,11170,서울특별시,11,종로구,11110,0,25,5,106,27,0,13,5,42,10,4
20230322,서울특별시,11,용산구,11170,서울특별시,11,중구,11140,3,33,8,161,22,0,9,4,67,15,9
20230322,서울특별시,11,용산구,11170,서울특별시,11,용산구,11170,4,46,10,247,20,0,20,4,62,12,10
20230322,서울특별시,11,용산구,11170,서울특별시,11,성동구,11200,0,40,10,180,24,6,15,0,89,35,13
20230322,서울특별시,11,용산구,11170,서울특별시,11,광진구,11215,0,36,13,177,15,4,9,3,72,14,7
20230322,서울특별시,11,용산구,11170,서울특별시,11,동대문구,11230,5,23,4,138,16,0,14,0,69,11,0
20230322,서울특별시,11,용산구,11170,서울특별시,11,중랑구,11260,3,23,0,130,32,0,10,3,62,14,3
20230322,서울특별시,11,용산구,11170,서울특별시,11,성북구,11290,0,42,8,164,29,6,19,7,79,15,3
20230322,서울특별시,11,용산구,11170,서울특별시,11,강북구,11305,0,19,0,92,17,0,7,0,29,9,0
20230322,서울특별시,11,용산구,11170,서울특별시,11,도봉구,11320,0,13,0,124,11,0,9,0,34,10,6
20230322,서울특별시,11,용산구,11170,서울특별시,11,노원구,11350,3,44,0,140,23,5,18,0,77,11,0
20230322,서울특별시,11,용산구,11170,서울특별시,11,은평구,11380,3,34,5,158,18,0,17,0,48,6,6
20230322,서울특별시,11,용산구,11170,서울특별시,11,서대문구,11410,0,32,9,107,22,0,11,4,57,8,5
20230322,서울특별시,11,용산구,11170,서울특별시,11,마포구,11440,4,43,11,237,36,7,18,4,92,24,8
20230322,서울특별시,11,용산구,11170,서울특별시,11,양천구,11470,4,36,11,141,20,3,12,0,58,12,5
20230322,서울특별시,11,용산구,11170,서울특별시,11,강서구,11500,3,69,7,335,37,8,26,7,111,26,7
20230322,서울특별시,11,용산구,11170,서울특별시,11,구로구,11530,4,51,7,230,30,5,11,0,60,25,11
20230322,서울특별시,11,용산구,11170,서울특별시,11,금천구,11545,0,25,3,224,24,8,10,4,62,21,0
20230322,서울특별시,11,용산구,11170,서울특별시,11,영등포구,11560,6,42,10,289,44,4,15,3,55,22,10
20230322,서울특별시,11,용산구,11170,서울특별시,11,동작구,11590,4,31,4,139,15,4,8,0,67,16,8
20230322,서울특별시,11,용산구,11170,서울특별시,11,관악구,11620,6,32,10,212,35,3,15,0,75,21,6
20230322,서울특별시,11,용산구,11170,서울특별시,11,서초구,11650,5,56,16,314,38,3,23,5,84,27,11
20230322,서울특별시,11,용산구,11170,서울특별시,11,강남구,11680,8,75,9,487,60,10,43,7,126,40,10
20230322,서울특별시,11,용산구,11170,서울특별시,11,송파구,11710,8,77,15,321,48,3,24,19,105,41,11
20230322,서울특별시,11,용산구,11170,서울특별시,11,강동구,11740,8,46,4,158,28,3,15,5,70,22,8
20230322,서울특별시,11,성동구,11200,서울특별시,11,영등포구,11560,7,66,39,26,42,7,36,18,190,63,28
20230322,서울특별시,11,성동구,11200,서울특별시,11,금천구,11545,6,44,12,23,13,6,19,0,93,41,14
20230322,서울특별시,11,성동구,11200,서울특별시,11,구로구,11530,10,56,30,16,19,4,25,3,138,61,25
20230322,서울특별시,11,성동구,11200,서울특별시,11,강서구,11500,11,86,31,39,33,11,49,8,230,83,31
20230322,서울특별시,11,성동구,11200,서울특별시,11,양천구,11470,4,39,27,16,25,3,30,0,115,53,29
20230322,서울특별시,11,성동구,11200,서울특별시,11,마포구,11440,6,72,53,24,44,11,47,3,220,103,38
20230322,서울특별시,11,성동구,11200,서울특별시,11,서대문구,11410,10,53,25,14,21,5,19,5,142,41,20
20230322,서울특별시,11,성동구,11200,서울특별시,11,은평구,11380,5,52,20,19,27,5,28,0,144,56,29
20230322,서울특별시,11,성동구,11200,서울특별시,11,노원구,11350,4,50,21,23,31,5,28,6,164,59,15
20230322,서울특별시,11,성동구,11200,서울특별시,11,도봉구,11320,4,21,14,6,16,4,26,0,79,25,9
20230322,서울특별시,11,성동구,11200,서울특별시,11,강북구,11305,0,35,13,17,12,0,16,0,109,39,9
20230322,서울특별시,11,성동구,11200,서울특별시,11,성북구,11290,8,60,28,23,37,9,53,0,192,69,118
20230322,서울특별시,11,성동구,11200,서울특별시,11,중랑구,11260,5,41,20,8,29,5,23,0,141,48,22
20230322,서울특별시,11,성동구,11200,서울특별시,11,동대문구,11230,5,53,18,19,35,4,36,4,174,48,99
20230322,서울특별시,11,성동구,11200,서울특별시,11,광진구,11215,12,58,24,25,22,3,25,0,188,76,29
20230322,서울특별시,11,성동구,11200,서울특별시,11,성동구,11200,15,146,48,28,38,3,49,3,227,88,40
20230322,서울특별시,11,성동구,11200,서울특별시,11,용산구,11170,10,40,23,21,24,8,29,3,127,42,17
20230322,서울특별시,11,성동구,11200,서울특별시,11,중구,11140,9,74,22,14,36,9,38,3,124,67,71
20230322,서울특별시,11,성동구,11200,서울특별시,11,종로구,11110,3,38,20,15,20,4,46,0,75,26,59
20230322,서울특별시,11,강동구,11740,서울특별시,11,강동구,11740,5,33,11,12,39,6,85,4,34,31,6
20230322,서울특별시,11,강동구,11740,서울특별시,11,송파구,11710,15,63,8,21,74,15,72,5,37,33,18
20230322,서울특별시,11,강동구,11740,서울특별시,11,강남구,11680,17,60,10,20,63,7,79,6,69,40,13
20230322,서울특별시,11,강동구,11740,서울특별시,11,서초구,11650,11,38,10,25,52,8,58,0,33,26,8
20230322,서울특별시,11,강동구,11740,서울특별시,11,관악구,11620,16,16,11,8,32,4,47,4,29,13,7
20230322,서울특별시,11,강동구,11740,서울특별시,11,동작구,11590,13,22,0,6,26,8,32,4,16,17,0
20230322,서울특별시,11,강동구,11740,서울특별시,11,영등포구,11560,17,37,6,19,34,6,49,3,18,9,10
20230322,서울특별시,11,강동구,11740,서울특별시,11,금천구,11545,6,24,3,12,21,5,27,0,44,16,5
20230322,서울특별시,11,강동구,11740,서울특별시,11,구로구,11530,9,16,4,13,30,0,57,0,21,7,7
20230322,서울특별시,11,강동구,11740,서울특별시,11,강서구,11500,13,63,4,22,52,7,51,4,39,25,12
20230322,서울특별시,11,강동구,11740,서울특별시,11,양천구,11470,10,22,3,10,27,6,36,0,16,21,7
20230322,서울특별시,11,강동구,11740,서울특별시,11,마포구,11440,11,37,9,13,34,7,74,0,23,14,6
20230322,서울특별시,11,강동구,11740,서울특별시,11,서대문구,11410,11,19,8,3,11,5,56,0,17,19,0
20230322,서울특별시,11,강동구,11740,서울특별시,11,은평구,11380,8,19,0,11,28,3,48,4,18,12,10
20230322,서울특별시,11,강동구,11740,서울특별시,11,노원구,11350,5,16,4,10,34,4,39,0,21,20,9
20230322,서울특별시,11,강동구,11740,서울특별시,11,도봉구,11320,5,10,4,6,22,0,28,0,12,7,0
20230322,서울특별시,11,강동구,11740,서울특별시,11,강북구,11305,4,13,3,4,21,3,29,0,18,6,8
20230322,서울특별시,11,강동구,11740,서울특별시,11,성북구,11290,13,26,8,11,27,0,39,0,50,23,6
20230322,서울특별시,11,강동구,11740,서울특별시,11,중랑구,11260,9,19,5,0,26,4,31,3,19,10,4
20230322,서울특별시,11,강동구,11740,서울특별시,11,동대문구,11230,7,30,6,5,30,8,40,0,23,14,7
20230322,서울특별시,11,강동구,11740,서울특별시,11,광진구,11215,5,31,7,5,32,8,29,4,29,16,8
20230322,서울특별시,11,강동구,11740,서울특별시,11,성동구,11200,10,37,13,13,22,6,34,3,68,27,3
20230322,서울특별시,11,강동구,11740,서울특별시,11,용산구,11170,8,19,4,15,30,0,33,0,19,16,4
20230322,서울특별시,11,강동구,11740,서울특별시,11,중구,11140,4,18,5,7,18,3,25,0,32,11,3
20230322,서울특별시,11,강동구,11740,서울특별시,11,종로구,11110,7,12,3,3,18,5,37,3,18,13,3
20230322,서울특별시,11,강서구,11500,서울특별시,11,종로구,11110,7,33,13,32,66,14,44,3,96,34,40
20230322,서울특별시,11,강서구,11500,서울특별시,11,중구,11140,8,39,18,55,68,11,52,8,88,98,49
20230322,서울특별시,11,강서구,11500,서울특별시,11,용산구,11170,7,52,24,48,66,12,94,15,64,39,49
20230322,서울특별시,11,강서구,11500,서울특별시,11,성동구,11200,13,69,39,48,78,19,72,26,122,71,71
20230322,서울특별시,11,강서구,11500,서울특별시,11,광진구,11215,4,37,29,46,65,21,97,19,115,48,74
20230322,서울특별시,11,강서구,11500,서울특별시,11,동대문구,11230,17,38,28,54,43,12,72,16,122,143,67
20230322,서울특별시,11,강서구,11500,서울특별시,11,중랑구,11260,6,35,17,42,47,13,127,17,125,42,70
20230322,서울특별시,11,강서구,11500,서울특별시,11,성북구,11290,9,64,29,56,74,22,100,33,143,61,78
20230322,서울특별시,11,강서구,11500,서울특별시,11,강북구,11305,7,19,21,39,49,7,53,14,69,69,49
20230322,서울특별시,11,강서구,11500,서울특별시,11,도봉구,11320,5,34,19,16,43,13,74,12,80,28,55
20230322,서울특별시,11,강서구,11500,서울특별시,11,노원구,11350,12,42,43,59,83,18,112,15,121,56,98
20230322,서울특별시,11,강서구,11500,서울특별시,11,은평구,11380,24,38,31,48,77,19,87,28,100,40,89
20230322,서울특별시,11,강서구,11500,서울특별시,11,서대문구,11410,13,29,14,49,52,7,85,22,102,54,58
20230322,서울특별시,11,강서구,11500,서울특별시,11,마포구,11440,14,72,41,84,81,13,108,29,176,313,78
20230322,서울특별시,11,강서구,11500,서울특별시,11,양천구,11470,11,43,42,62,52,13,116,26,103,43,78
20230322,서울특별시,11,강서구,11500,서울특별시,11,강서구,11500,14,90,64,89,95,27,166,28,184,87,111
20230322,서울특별시,11,강서구,11500,서울특별시,11,구로구,11530,14,45,23,64,71,17,72,17,99,62,60
20230322,서울특별시,11,강서구,11500,서울특별시,11,금천구,11545,7,47,19,53,50,10,56,10,100,48,42
20230322,서울특별시,11,강서구,11500,서울특별시,11,영등포구,11560,17,56,35,66,77,17,95,19,120,99,98
20230322,서울특별시,11,강서구,11500,서울특별시,11,동작구,11590,11,36,22,55,48,23,93,24,91,220,66
20230322,서울특별시,11,강서구,11500,서울특별시,11,관악구,11620,20,77,48,77,93,19,97,18,138,65,88
20230322,서울특별시,11,강서구,11500,서울특별시,11,서초구,11650,13,69,38,100,117,23,138,24,112,64,121
20230322,서울특별시,11,강서구,11500,서울특별시,11,강남구,11680,23,119,78,123,141,33,179,33,181,105,143
20230322,서울특별시,11,강서구,11500,서울특별시,11,송파구,11710,15,88,37,101,179,29,180,49,203,91,168
20230322,서울특별시,11,강서구,11500,서울특별시,11,강동구,11740,11,42,28,68,82,22,95,28,92,68,126
20230322,서울특별시,11,중구,11140,서울특별시,11,관악구,11620,6,76,27,11,53,0,30,5,246,60,4
20230322,서울특별시,11,중구,11140,서울특별시,11,동작구,11590,6,55,16,4,37,6,31,4,208,63,9
20230322,서울특별시,11,중구,11140,서울특별시,11,영등포구,11560,8,90,67,9,73,5,25,3,207,48,16
20230322,서울특별시,11,중구,11140,서울특별시,11,금천구,11545,10,42,5,9,55,0,21,0,138,29,3
20230322,서울특별시,11,중구,11140,서울특별시,11,구로구,11530,9,54,10,9,46,6,23,4,160,51,18
20230322,서울특별시,11,중구,11140,서울특별시,11,강서구,11500,9,81,21,23,87,8,36,4,315,70,15
20230322,서울특별시,11,중구,11140,서울특별시,11,양천구,11470,7,71,21,9,29,4,21,0,176,55,5
20230322,서울특별시,11,중구,11140,서울특별시,11,마포구,11440,13,102,30,16,102,5,38,4,259,74,15
20230322,서울특별시,11,중구,11140,서울특별시,11,서대문구,11410,9,74,16,12,47,5,31,4,173,43,4
20230322,서울특별시,11,중구,11140,서울특별시,11,은평구,11380,4,63,7,7,53,9,29,4,181,66,6
20230322,서울특별시,11,중구,11140,서울특별시,11,노원구,11350,6,50,14,5,62,7,43,5,191,53,13
20230322,서울특별시,11,중구,11140,서울특별시,11,도봉구,11320,5,37,11,3,32,5,15,7,103,21,4
20230322,서울특별시,11,중구,11140,서울특별시,11,강북구,11305,3,27,6,7,27,0,23,0,136,25,5
20230322,서울특별시,11,중구,11140,서울특별시,11,성북구,11290,7,76,25,13,37,6,36,6,251,52,9
20230322,서울특별시,11,중구,11140,서울특별시,11,중랑구,11260,7,43,9,6,37,5,20,4,157,38,8
20230322,서울특별시,11,중구,11140,서울특별시,11,동대문구,11230,13,48,23,6,63,5,32,0,171,34,6
20230322,서울특별시,11,중구,11140,서울특별시,11,광진구,11215,9,49,14,4,49,4,25,0,198,48,9
20230322,서울특별시,11,중구,11140,서울특별시,11,성동구,11200,9,107,26,7,60,4,27,11,240,103,13
20230322,서울특별시,11,중구,11140,서울특별시,11,용산구,11170,7,65,24,15,48,0,28,0,141,32,12
20230322,서울특별시,11,중구,11140,서울특별시,11,중구,11140,5,86,18,11,86,3,28,6,128,39,12
20230322,서울특별시,11,중구,11140,서울특별시,11,종로구,11110,6,75,18,8,54,5,29,0,100,26,5
20230322,서울특별시,11,서초구,11650,서울특별시,11,종로구,11110,6,33,17,8,24,3,34,0,26,8,14
20230322,서울특별시,11,서초구,11650,서울특별시,11,중구,11140,6,55,12,16,39,3,30,0,52,14,9
20230322,서울특별시,11,서초구,11650,서울특별시,11,용산구,11170,6,45,22,31,46,6,57,5,47,12,17
20230322,서울특별시,11,서초구,11650,서울특별시,11,성동구,11200,0,70,35,7,41,4,30,5,82,35,20
20230322,서울특별시,11,서초구,11650,서울특별시,11,광진구,11215,7,43,36,11,48,3,31,5,58,12,16
20230322,서울특별시,11,서초구,11650,서울특별시,11,동대문구,11230,4,52,18,12,63,5,28,0,55,13,11
20230322,서울특별시,11,서초구,11650,서울특별시,11,중랑구,11260,0,36,20,14,39,6,34,4,39,14,20
20230322,서울특별시,11,서초구,11650,서울특별시,11,성북구,11290,5,51,31,20,83,8,39,8,88,27,12
20230322,서울특별시,11,서초구,11650,서울특별시,11,강북구,11305,0,27,13,10,30,0,32,0,32,10,10
20230322,서울특별시,11,서초구,11650,서울특별시,11,도봉구,11320,4,20,10,13,47,0,42,0,30,4,8
20230322,서울특별시,11,서초구,11650,서울특별시,11,노원구,11350,3,60,19,11,71,4,46,0,42,21,26
20230322,서울특별시,11,서초구,11650,서울특별시,11,은평구,11380,3,35,37,14,56,0,39,0,42,10,33
20230322,서울특별시,11,서초구,11650,서울특별시,11,서대문구,11410,0,39,29,17,50,0,37,0,37,9,15
20230322,서울특별시,11,서초구,11650,서울특별시,11,마포구,11440,9,62,22,17,65,8,51,7,58,18,26
20230322,서울특별시,11,서초구,11650,서울특별시,11,양천구,11470,5,47,22,12,70,4,37,4,37,15,19
20230322,서울특별시,11,서초구,11650,서울특별시,11,강서구,11500,8,85,33,27,67,4,74,7,80,31,27
20230322,서울특별시,11,서초구,11650,서울특별시,11,구로구,11530,6,41,24,15,53,0,40,3,49,11,19
20230322,서울특별시,11,서초구,11650,서울특별시,11,금천구,11545,3,38,22,20,32,7,31,0,56,23,11
20230322,서울특별시,11,서초구,11650,서울특별시,11,영등포구,11560,14,56,25,30,69,9,36,5,48,23,25
20230322,서울특별시,11,서초구,11650,서울특별시,11,동작구,11590,8,37,28,18,75,3,46,0,64,15,15
20230322,서울특별시,11,강북구,11305,서울특별시,11,강동구,11740,0,14,4,4,4,3,6,0,54,20,5
20230322,서울특별시,11,서초구,11650,서울특별시,11,관악구,11620,4,34,32,23,63,4,61,0,55,20,23
20230322,서울특별시,11,서초구,11650,서울특별시,11,서초구,11650,18,166,74,38,112,9,297,11,130,26,36
20230322,서울특별시,11,서초구,11650,서울특별시,11,강남구,11680,15,179,62,55,123,13,153,13,158,36,38
20230322,서울특별시,11,서초구,11650,서울특별시,11,송파구,11710,16,101,42,23,122,10,67,15,97,26,36
20230322,서울특별시,11,서초구,11650,서울특별시,11,강동구,11740,7,54,26,11,65,7,48,0,43,32,19
20230322,서울특별시,11,강북구,11305,서울특별시,11,송파구,11710,6,22,6,5,15,0,7,0,89,12,13
20230322,서울특별시,11,강북구,11305,서울특별시,11,강남구,11680,0,23,9,13,15,0,7,4,81,16,15
20230322,서울특별시,11,강북구,11305,서울특별시,11,서초구,11650,4,7,3,8,15,3,5,0,59,13,14
20230322,서울특별시,11,강북구,11305,서울특별시,11,관악구,11620,0,16,3,4,12,0,7,0,89,9,10
20230322,서울특별시,11,강북구,11305,서울특별시,11,동작구,11590,3,21,0,5,8,0,7,0,61,13,6
20230322,서울특별시,11,강북구,11305,서울특별시,11,영등포구,11560,0,11,0,7,12,0,3,0,55,0,7
20230322,서울특별시,11,강북구,11305,서울특별시,11,금천구,11545,0,6,4,4,7,3,0,4,52,5,9
20230322,서울특별시,11,강북구,11305,서울특별시,11,구로구,11530,0,18,3,7,11,0,5,0,62,9,6
20230322,서울특별시,11,강북구,11305,서울특별시,11,강서구,11500,0,24,6,15,16,0,8,4,82,12,11
20230322,서울특별시,11,강북구,11305,서울특별시,11,양천구,11470,0,12,0,6,8,0,5,0,63,7,5
20230322,서울특별시,11,강북구,11305,서울특별시,11,마포구,11440,0,13,6,5,9,0,6,0,50,11,8
20230322,서울특별시,11,강북구,11305,서울특별시,11,서대문구,11410,0,9,4,7,9,0,4,0,55,7,4
20230322,서울특별시,11,강북구,11305,서울특별시,11,은평구,11380,0,16,3,3,20,4,7,0,66,15,7
20230322,서울특별시,11,강북구,11305,서울특별시,11,노원구,11350,4,19,8,10,4,0,4,4,76,11,4
20230322,서울특별시,11,강북구,11305,서울특별시,11,도봉구,11320,0,27,4,6,8,0,0,0,51,9,4
20230322,서울특별시,11,강북구,11305,서울특별시,11,강북구,11305,0,17,7,4,8,0,11,0,47,6,5
20230322,서울특별시,11,강북구,11305,서울특별시,11,성북구,11290,0,24,6,4,8,0,6,4,95,12,9
20230322,서울특별시,11,강북구,11305,서울특별시,11,중랑구,11260,0,8,0,7,11,0,3,0,60,6,6
20230322,서울특별시,11,강북구,11305,서울특별시,11,동대문구,11230,0,16,0,6,10,0,3,0,56,12,6
20230322,서울특별시,11,강북구,11305,서울특별시,11,광진구,11215,0,12,3,6,7,0,0,0,60,10,5
20230322,서울특별시,11,강북구,11305,서울특별시,11,성동구,11200,0,19,6,4,10,0,11,0,69,28,11
20230322,서울특별시,11,강북구,11305,서울특별시,11,용산구,11170,0,11,0,7,6,0,0,4,30,6,4
20230322,서울특별시,11,강북구,11305,서울특별시,11,중구,11140,0,14,4,0,10,0,7,0,28,5,0
20230322,서울특별시,11,강북구,11305,서울특별시,11,종로구,11110,0,8,3,3,8,0,4,0,28,8,0
20230322,서울특별시,11,동작구,11590,서울특별시,11,금천구,11545,6,8,11,12,12,0,26,0,41,17,8
20230322,서울특별시,11,동작구,11590,서울특별시,11,영등포구,11560,5,8,17,17,36,5,21,4,47,14,10
20230322,서울특별시,11,동작구,11590,서울특별시,11,동작구,11590,0,13,24,15,27,0,61,3,43,5,16
20230322,서울특별시,11,동작구,11590,서울특별시,11,관악구,11620,7,17,33,8,38,5,46,0,52,13,9
20230322,서울특별시,11,동작구,11590,서울특별시,11,구로구,11530,4,4,9,9,25,4,21,0,44,10,11
20230322,서울특별시,11,동작구,11590,서울특별시,11,강서구,11500,0,22,20,15,57,6,36,8,75,18,14
20230322,서울특별시,11,동작구,11590,서울특별시,11,양천구,11470,4,14,13,5,23,4,21,3,52,8,12
20230322,서울특별시,11,동작구,11590,서울특별시,11,마포구,11440,10,26,26,9,34,0,24,3,48,17,11
20230322,서울특별시,11,동작구,11590,서울특별시,11,서대문구,11410,3,6,23,12,22,0,28,3,42,6,14
20230322,서울특별시,11,동작구,11590,서울특별시,11,은평구,11380,0,7,13,8,22,3,31,0,36,10,21
20230322,서울특별시,11,동작구,11590,서울특별시,11,노원구,11350,0,7,12,15,24,3,35,0,45,16,12
20230322,서울특별시,11,동작구,11590,서울특별시,11,도봉구,11320,0,7,0,11,10,3,21,0,29,5,0
20230322,서울특별시,11,동작구,11590,서울특별시,11,강북구,11305,0,5,9,4,13,0,13,5,22,5,13
20230322,서울특별시,11,동작구,11590,서울특별시,11,성북구,11290,3,11,19,11,29,3,35,6,56,8,13
20230322,서울특별시,11,동작구,11590,서울특별시,11,중랑구,11260,0,5,7,5,15,3,24,0,35,8,10
20230322,서울특별시,11,동작구,11590,서울특별시,11,동대문구,11230,0,5,20,11,24,5,26,3,48,13,11
20230322,서울특별시,11,동작구,11590,서울특별시,11,광진구,11215,0,5,15,8,24,3,24,3,50,0,13
20230322,서울특별시,11,동작구,11590,서울특별시,11,성동구,11200,3,28,33,17,30,6,29,5,79,31,13
20230322,서울특별시,11,동작구,11590,서울특별시,11,용산구,11170,4,4,17,10,15,0,23,0,28,4,18
20230322,서울특별시,11,동작구,11590,서울특별시,11,중구,11140,4,17,21,7,18,6,16,0,41,6,9
20230322,서울특별시,11,동작구,11590,서울특별시,11,종로구,11110,3,10,19,5,13,4,11,0,23,6,9
20230322,서울특별시,11,양천구,11470,서울특별시,11,강동구,11740,0,16,10,20,21,4,18,0,40,22,13
20230322,서울특별시,11,양천구,11470,서울특별시,11,송파구,11710,6,21,11,27,41,9,18,4,52,30,20
20230322,서울특별시,11,양천구,11470,서울특별시,11,강남구,11680,4,26,17,43,46,4,14,0,32,30,21
20230322,서울특별시,11,양천구,11470,서울특별시,11,서초구,11650,4,15,13,27,32,5,14,0,27,16,10
20230322,서울특별시,11,양천구,11470,서울특별시,11,관악구,11620,0,19,11,20,22,0,16,0,61,30,14
20230322,서울특별시,11,양천구,11470,서울특별시,11,동작구,11590,0,16,5,22,20,4,10,0,31,15,8
20230322,서울특별시,11,양천구,11470,서울특별시,11,영등포구,11560,0,23,9,29,30,4,16,0,48,39,16
20230322,서울특별시,11,양천구,11470,서울특별시,11,금천구,11545,0,13,9,16,16,0,11,0,47,20,8
20230322,서울특별시,11,양천구,11470,서울특별시,11,구로구,11530,0,11,14,20,20,3,15,0,45,9,9
20230322,서울특별시,11,양천구,11470,서울특별시,11,강서구,11500,5,23,26,26,32,20,25,0,74,32,15
20230322,서울특별시,11,양천구,11470,서울특별시,11,양천구,11470,0,28,11,14,26,3,43,0,43,15,22
20230322,서울특별시,11,양천구,11470,서울특별시,11,마포구,11440,0,16,11,29,25,7,12,0,45,41,14
20230322,서울특별시,11,양천구,11470,서울특별시,11,서대문구,11410,0,10,10,11,20,3,10,0,23,31,8
20230322,서울특별시,11,양천구,11470,서울특별시,11,은평구,11380,3,28,17,7,27,3,13,0,26,21,18
20230322,서울특별시,11,양천구,11470,서울특별시,11,노원구,11350,0,15,4,22,38,4,12,0,36,8,21
20230322,서울특별시,11,양천구,11470,서울특별시,11,도봉구,11320,0,9,6,6,17,0,4,0,22,14,7
20230322,서울특별시,11,양천구,11470,서울특별시,11,강북구,11305,0,4,3,7,16,0,8,0,19,9,5
20230322,서울특별시,11,양천구,11470,서울특별시,11,성북구,11290,0,24,10,13,26,0,6,0,58,23,12
20230322,서울특별시,11,양천구,11470,서울특별시,11,중랑구,11260,0,18,4,14,14,3,6,6,30,17,21
20230322,서울특별시,11,양천구,11470,서울특별시,11,동대문구,11230,0,11,5,13,21,6,13,0,29,35,13
20230322,서울특별시,11,양천구,11470,서울특별시,11,광진구,11215,0,11,0,13,25,0,12,0,36,23,14
20230322,서울특별시,11,양천구,11470,서울특별시,11,성동구,11200,0,13,25,10,27,9,8,3,67,69,15
20230322,서울특별시,11,양천구,11470,서울특별시,11,용산구,11170,0,7,10,26,28,7,9,0,37,12,6
20230322,서울특별시,11,양천구,11470,서울특별시,11,중구,11140,0,12,5,14,15,9,7,0,36,47,5
20230322,서울특별시,11,양천구,11470,서울특별시,11,종로구,11110,3,15,0,10,16,0,12,0,28,9,8
20230322,서울특별시,11,동작구,11590,서울특별시,11,서초구,11650,8,16,34,11,26,4,30,21,47,13,15
20230322,서울특별시,11,동작구,11590,서울특별시,11,강남구,11680,12,22,35,21,43,9,60,6,61,29,18
20230322,서울특별시,11,동작구,11590,서울특별시,11,송파구,11710,11,14,23,22,43,9,42,7,65,12,16
20230322,서울특별시,11,동작구,11590,서울특별시,11,강동구,11740,3,9,14,6,43,3,28,5,46,24,8
20230322,서울특별시,11,강남구,11680,서울특별시,11,강동구,11740,7,80,26,26,58,22,85,11,267,83,34
20230322,서울특별시,11,강남구,11680,서울특별시,11,송파구,11710,18,194,75,44,133,28,159,14,396,101,222
20230322,서울특별시,11,강남구,11680,서울특별시,11,강남구,11680,15,311,137,75,195,58,259,20,570,138,289
20230322,서울특별시,11,강남구,11680,서울특별시,11,서초구,11650,20,155,74,29,80,21,125,14,348,84,173
20230322,서울특별시,11,동대문구,11230,서울특별시,11,종로구,11110,5,23,3,7,18,0,31,3,45,15,8
20230322,서울특별시,11,동대문구,11230,서울특별시,11,중구,11140,4,18,12,7,26,3,29,0,73,31,7
20230322,서울특별시,11,동대문구,11230,서울특별시,11,용산구,11170,0,21,0,13,26,0,33,8,74,19,6
20230322,서울특별시,11,동대문구,11230,서울특별시,11,성동구,11200,7,70,16,8,35,0,38,6,128,111,8
20230322,서울특별시,11,동대문구,11230,서울특별시,11,광진구,11215,6,28,7,12,30,0,57,0,109,22,11
20230322,서울특별시,11,동대문구,11230,서울특별시,11,동대문구,11230,4,23,5,10,39,5,74,10,152,35,7
20230322,서울특별시,11,동대문구,11230,서울특별시,11,중랑구,11260,3,17,5,9,30,0,46,7,116,24,8
20230322,서울특별시,11,동대문구,11230,서울특별시,11,성북구,11290,3,41,6,13,29,7,81,10,164,41,16
20230322,서울특별시,11,동대문구,11230,서울특별시,11,강북구,11305,0,23,6,4,22,3,42,3,83,15,10
20230322,서울특별시,11,동대문구,11230,서울특별시,11,도봉구,11320,3,25,4,7,35,0,42,5,80,18,11
20230322,서울특별시,11,동대문구,11230,서울특별시,11,노원구,11350,0,34,7,14,36,7,76,4,149,37,14
20230322,서울특별시,11,동대문구,11230,서울특별시,11,은평구,11380,4,26,5,10,33,0,72,9,123,29,18
20230322,서울특별시,11,동대문구,11230,서울특별시,11,서대문구,11410,3,22,7,5,29,6,51,6,95,23,8
20230322,서울특별시,11,동대문구,11230,서울특별시,11,마포구,11440,4,37,13,19,44,3,51,5,140,25,13
20230322,서울특별시,11,동대문구,11230,서울특별시,11,양천구,11470,3,22,7,5,37,5,64,4,117,22,11
20230322,서울특별시,11,동대문구,11230,서울특별시,11,강서구,11500,12,43,4,11,50,4,90,16,172,40,28
20230322,서울특별시,11,동대문구,11230,서울특별시,11,구로구,11530,6,31,10,7,37,5,61,7,112,27,13
20230322,서울특별시,11,동대문구,11230,서울특별시,11,금천구,11545,7,19,6,10,26,4,38,7,85,19,11
20230322,서울특별시,11,동대문구,11230,서울특별시,11,영등포구,11560,10,29,10,6,36,0,61,3,118,39,17
20230322,서울특별시,11,동대문구,11230,서울특별시,11,동작구,11590,0,24,14,8,26,0,39,6,125,24,17
20230322,서울특별시,11,동대문구,11230,서울특별시,11,관악구,11620,13,45,0,9,38,0,74,12,133,31,16
20230322,서울특별시,11,동대문구,11230,서울특별시,11,서초구,11650,8,35,6,14,54,6,63,0,126,38,15
20230322,서울특별시,11,동대문구,11230,서울특별시,11,강남구,11680,11,65,18,23,64,9,100,6,224,62,17
20230322,서울특별시,11,동대문구,11230,서울특별시,11,송파구,11710,6,63,12,14,62,6,85,12,184,32,26
20230322,서울특별시,11,동대문구,11230,서울특별시,11,강동구,11740,4,33,8,19,21,3,62,7,103,30,17
20230322,서울특별시,11,종로구,11110,서울특별시,11,강동구,11740,6,33,25,9,16,0,18,5,92,57,12
20230322,서울특별시,11,종로구,11110,서울특별시,11,송파구,11710,8,63,24,12,40,4,18,12,151,60,18
20230322,서울특별시,11,종로구,11110,서울특별시,11,강남구,11680,17,99,23,25,66,6,28,4,185,58,34
20230322,서울특별시,11,종로구,11110,서울특별시,11,서초구,11650,17,49,17,15,29,5,15,6,117,41,19
20230322,서울특별시,11,종로구,11110,서울특별시,11,관악구,11620,7,39,16,14,23,0,10,3,124,33,14
20230322,서울특별시,11,종로구,11110,서울특별시,11,동작구,11590,4,27,11,6,20,7,12,4,100,32,9
20230322,서울특별시,11,종로구,11110,서울특별시,11,영등포구,11560,11,44,18,13,31,0,12,13,83,43,14
20230322,서울특별시,11,종로구,11110,서울특별시,11,금천구,11545,4,27,4,11,13,0,5,4,79,25,11
20230322,서울특별시,11,종로구,11110,서울특별시,11,구로구,11530,10,38,7,9,33,3,17,5,79,39,12
20230322,서울특별시,11,종로구,11110,서울특별시,11,강서구,11500,11,55,15,18,34,0,16,4,120,62,18
20230322,서울특별시,11,종로구,11110,서울특별시,11,양천구,11470,3,22,12,8,24,0,8,6,88,35,5
20230322,서울특별시,11,종로구,11110,서울특별시,11,마포구,11440,11,57,30,16,33,0,14,6,141,43,17
20230322,서울특별시,11,종로구,11110,서울특별시,11,서대문구,11410,8,32,17,7,22,5,16,8,77,24,4
20230322,서울특별시,11,종로구,11110,서울특별시,11,은평구,11380,8,32,17,13,26,3,15,0,92,30,12
20230322,서울특별시,11,종로구,11110,서울특별시,11,노원구,11350,9,46,11,10,32,5,19,0,103,41,14
20230322,서울특별시,11,종로구,11110,서울특별시,11,도봉구,11320,4,16,7,13,16,0,8,3,64,24,10
20230322,서울특별시,11,종로구,11110,서울특별시,11,강북구,11305,4,18,5,0,13,0,9,0,44,23,6
20230322,서울특별시,11,종로구,11110,서울특별시,11,성북구,11290,3,28,28,20,32,4,19,3,111,33,8
20230322,서울특별시,11,종로구,11110,서울특별시,11,중랑구,11260,7,23,8,8,13,0,12,5,83,43,3
20230322,서울특별시,11,종로구,11110,서울특별시,11,동대문구,11230,8,29,10,11,18,5,12,4,94,27,8
20230322,서울특별시,11,종로구,11110,서울특별시,11,광진구,11215,8,29,9,17,24,4,10,3,91,36,5
20230322,서울특별시,11,종로구,11110,서울특별시,11,성동구,11200,8,31,18,5,39,0,16,4,120,44,11
20230322,서울특별시,11,종로구,11110,서울특별시,11,용산구,11170,4,28,8,12,22,3,12,4,71,28,11
20230322,서울특별시,11,종로구,11110,서울특별시,11,중구,11140,8,41,14,10,22,0,17,0,67,41,6
20230322,서울특별시,11,종로구,11110,서울특별시,11,종로구,11110,9,18,20,4,35,0,27,0,53,21,4
20230322,서울특별시,11,은평구,11380,서울특별시,11,영등포구,11560,0,9,5,5,26,3,36,0,24,11,38
20230322,서울특별시,11,은평구,11380,서울특별시,11,동작구,11590,0,0,4,5,15,4,31,4,15,6,31
20230322,서울특별시,11,은평구,11380,서울특별시,11,관악구,11620,0,4,4,9,20,6,45,0,33,7,42
20230322,서울특별시,11,은평구,11380,서울특별시,11,서초구,11650,3,5,7,9,27,4,37,3,32,5,49
20230322,서울특별시,11,은평구,11380,서울특별시,11,강남구,11680,4,21,8,9,33,13,52,3,37,11,66
20230322,서울특별시,11,은평구,11380,서울특별시,11,송파구,11710,4,25,11,6,34,9,69,0,31,9,54
20230322,서울특별시,11,은평구,11380,서울특별시,11,강동구,11740,3,16,0,3,22,7,45,0,23,27,31
20230322,서울특별시,11,송파구,11710,서울특별시,11,강동구,11740,11,59,12,10,30,10,35,0,96,56,11
20230322,서울특별시,11,송파구,11710,서울특별시,11,송파구,11710,22,155,47,25,56,14,115,6,188,48,30
20230322,서울특별시,11,송파구,11710,서울특별시,11,강남구,11680,22,137,34,17,76,20,81,3,195,54,28
20230322,서울특별시,11,송파구,11710,서울특별시,11,서초구,11650,10,70,22,20,51,15,41,4,109,31,17
20230322,서울특별시,11,송파구,11710,서울특별시,11,관악구,11620,11,41,17,13,24,12,33,6,110,26,13
20230322,서울특별시,11,송파구,11710,서울특별시,11,동작구,11590,5,27,10,15,25,12,33,0,76,20,10
20230322,서울특별시,11,송파구,11710,서울특별시,11,영등포구,11560,12,51,16,19,63,14,32,3,77,25,13
20230322,서울특별시,11,송파구,11710,서울특별시,11,금천구,11545,4,29,12,12,19,7,20,0,78,22,3
20230322,서울특별시,11,송파구,11710,서울특별시,11,구로구,11530,12,46,13,8,40,10,27,0,79,15,7
20230322,서울특별시,11,송파구,11710,서울특별시,11,강서구,11500,18,55,22,11,51,12,41,7,131,31,11
20230322,서울특별시,11,송파구,11710,서울특별시,11,양천구,11470,9,42,5,14,32,11,25,3,80,21,19
20230322,서울특별시,11,송파구,11710,서울특별시,11,마포구,11440,13,55,22,18,39,8,33,10,88,30,21
20230322,서울특별시,11,송파구,11710,서울특별시,11,서대문구,11410,3,39,20,7,33,8,34,0,65,19,8
20230322,서울특별시,11,송파구,11710,서울특별시,11,은평구,11380,4,27,5,11,26,5,29,3,68,23,10
20230322,서울특별시,11,송파구,11710,서울특별시,11,노원구,11350,8,47,12,7,32,18,36,4,78,16,7
20230322,서울특별시,11,송파구,11710,서울특별시,11,도봉구,11320,4,21,5,9,10,5,28,0,43,8,0
20230322,서울특별시,11,송파구,11710,서울특별시,11,강북구,11305,4,24,3,5,14,6,28,0,55,12,6
20230322,서울특별시,11,송파구,11710,서울특별시,11,성북구,11290,4,52,11,8,37,7,50,3,100,15,9
20230322,서울특별시,11,송파구,11710,서울특별시,11,중랑구,11260,6,43,9,4,18,7,21,3,58,14,6
20230322,서울특별시,11,송파구,11710,서울특별시,11,동대문구,11230,10,35,12,8,20,9,26,0,108,14,7
20230322,서울특별시,11,송파구,11710,서울특별시,11,광진구,11215,7,45,22,16,28,11,34,0,88,23,7
20230322,서울특별시,11,송파구,11710,서울특별시,11,성동구,11200,5,60,33,19,23,16,29,3,145,58,10
20230322,서울특별시,11,송파구,11710,서울특별시,11,용산구,11170,5,41,9,22,27,5,22,0,58,16,8
20230322,서울특별시,11,송파구,11710,서울특별시,11,중구,11140,5,52,12,14,22,8,20,0,76,17,23
20230322,서울특별시,11,송파구,11710,서울특별시,11,종로구,11110,4,30,11,7,25,0,14,4,42,10,4
20230322,서울특별시,11,강남구,11680,서울특별시,11,관악구,11620,12,109,40,23,70,13,88,11,385,64,78
20230322,서울특별시,11,강남구,11680,서울특별시,11,동작구,11590,6,93,20,11,47,13,60,12,234,51,66
20230322,서울특별시,11,강남구,11680,서울특별시,11,영등포구,11560,21,141,27,24,85,11,89,16,248,66,50
20230322,서울특별시,11,강남구,11680,서울특별시,11,금천구,11545,7,82,25,19,48,8,43,10,206,39,38
20230322,서울특별시,11,강남구,11680,서울특별시,11,구로구,11530,12,68,22,19,50,7,67,9,225,36,38
20230322,서울특별시,11,강남구,11680,서울특별시,11,강서구,11500,19,160,47,25,94,18,108,17,364,68,74
20230322,서울특별시,11,서대문구,11410,서울특별시,11,강동구,11740,7,14,0,17,44,11,11,15,58,40,25
20230322,서울특별시,11,강남구,11680,서울특별시,11,양천구,11470,9,108,39,14,60,10,85,8,234,42,51
20230322,서울특별시,11,강남구,11680,서울특별시,11,마포구,11440,16,145,39,32,84,14,104,4,307,75,60
20230322,서울특별시,11,강남구,11680,서울특별시,11,서대문구,11410,9,74,18,16,41,8,53,5,239,54,37
20230322,서울특별시,11,강남구,11680,서울특별시,11,은평구,11380,7,67,26,19,53,10,74,11,265,40,58
20230322,서울특별시,11,성북구,11290,서울특별시,11,강동구,11740,12,58,13,22,25,14,60,25,279,91,7
20230322,서울특별시,11,성북구,11290,서울특별시,11,송파구,11710,7,81,17,21,55,20,100,28,424,140,17
20230322,서울특별시,11,성북구,11290,서울특별시,11,강남구,11680,16,112,24,26,60,25,86,22,388,164,20
20230322,서울특별시,11,성북구,11290,서울특별시,11,서초구,11650,7,80,20,16,32,16,80,20,285,88,4
20230322,서울특별시,11,성북구,11290,서울특별시,11,관악구,11620,3,62,10,15,24,14,47,15,350,106,9
20230322,서울특별시,11,성북구,11290,서울특별시,11,동작구,11590,6,33,6,7,18,8,43,9,201,70,7
20230322,서울특별시,11,성북구,11290,서울특별시,11,영등포구,11560,7,54,14,18,29,14,76,7,260,89,9
20230322,서울특별시,11,성북구,11290,서울특별시,11,금천구,11545,3,28,14,14,9,10,36,0,167,41,3
20230322,서울특별시,11,성북구,11290,서울특별시,11,구로구,11530,8,39,12,12,35,0,41,15,232,81,6
20230322,서울특별시,11,성북구,11290,서울특별시,11,강서구,11500,13,59,22,26,42,8,68,22,393,113,17
20230322,서울특별시,11,성북구,11290,서울특별시,11,양천구,11470,7,59,9,11,31,11,74,18,217,76,13
20230322,서울특별시,11,성북구,11290,서울특별시,11,마포구,11440,10,71,10,19,28,10,56,14,262,86,13
20230322,서울특별시,11,성북구,11290,서울특별시,11,서대문구,11410,13,44,10,17,23,8,44,10,199,60,6
20230322,서울특별시,11,성북구,11290,서울특별시,11,은평구,11380,6,45,9,21,28,6,63,7,229,70,6
20230322,서울특별시,11,구로구,11530,서울특별시,11,종로구,11110,6,20,7,17,37,4,7,5,34,16,14
20230322,서울특별시,11,구로구,11530,서울특별시,11,중구,11140,4,22,14,26,42,0,4,0,42,11,12
20230322,서울특별시,11,구로구,11530,서울특별시,11,용산구,11170,4,33,10,27,46,6,5,0,34,17,14
20230322,서울특별시,11,구로구,11530,서울특별시,11,성동구,11200,4,75,21,21,51,0,6,5,89,31,28
20230322,서울특별시,11,구로구,11530,서울특별시,11,광진구,11215,9,56,3,19,47,8,7,0,83,22,33
20230322,서울특별시,11,구로구,11530,서울특별시,11,동대문구,11230,11,49,10,14,44,15,9,5,98,16,31
20230322,서울특별시,11,구로구,11530,서울특별시,11,중랑구,11260,8,48,4,21,45,4,7,5,68,20,21
20230322,서울특별시,11,구로구,11530,서울특별시,11,성북구,11290,20,50,13,25,62,3,11,5,98,28,29
20230322,서울특별시,11,구로구,11530,서울특별시,11,강북구,11305,3,38,3,17,15,6,0,0,59,19,19
20230322,서울특별시,11,구로구,11530,서울특별시,11,도봉구,11320,11,26,7,13,29,0,14,5,61,18,17
20230322,서울특별시,11,구로구,11530,서울특별시,11,노원구,11350,13,55,4,21,57,5,10,8,89,24,26
20230322,서울특별시,11,구로구,11530,서울특별시,11,은평구,11380,15,42,11,26,49,9,15,4,84,26,25
20230322,서울특별시,11,구로구,11530,서울특별시,11,서대문구,11410,15,50,12,25,32,12,4,6,55,13,30
20230322,서울특별시,11,구로구,11530,서울특별시,11,마포구,11440,9,54,21,24,61,4,8,7,63,24,33
20230322,서울특별시,11,구로구,11530,서울특별시,11,양천구,11470,8,55,21,13,50,6,13,6,75,24,24
20230322,서울특별시,11,구로구,11530,서울특별시,11,강서구,11500,21,86,19,43,72,13,24,6,132,46,50
20230322,서울특별시,11,성북구,11290,서울특별시,11,노원구,11350,3,42,10,15,22,4,74,15,272,92,17
20230322,서울특별시,11,성북구,11290,서울특별시,11,도봉구,11320,3,30,5,11,15,0,39,16,150,53,7
20230322,서울특별시,11,성북구,11290,서울특별시,11,강북구,11305,3,30,6,9,12,4,30,7,159,43,10
20230322,서울특별시,11,성북구,11290,서울특별시,11,성북구,11290,9,59,17,26,23,9,67,18,313,85,26
20230322,서울특별시,11,성북구,11290,서울특별시,11,중랑구,11260,6,35,14,11,17,7,45,12,231,70,9
20230322,서울특별시,11,성북구,11290,서울특별시,11,동대문구,11230,6,43,12,9,18,6,25,6,243,73,6
20230322,서울특별시,11,성북구,11290,서울특별시,11,광진구,11215,5,44,8,11,15,10,32,9,245,84,10
20230322,서울특별시,11,성북구,11290,서울특별시,11,성동구,11200,6,55,21,16,31,8,37,14,244,89,4
20230322,서울특별시,11,성북구,11290,서울특별시,11,용산구,11170,3,44,8,13,23,3,38,10,154,49,7
20230322,서울특별시,11,성북구,11290,서울특별시,11,중구,11140,4,33,13,7,16,3,38,5,121,40,3
20230322,서울특별시,11,성북구,11290,서울특별시,11,종로구,11110,3,25,8,6,16,5,27,5,92,29,0
20230322,서울특별시,11,광진구,11215,서울특별시,11,강동구,11740,7,22,6,23,30,3,13,5,99,48,8
20230322,서울특별시,11,광진구,11215,서울특별시,11,송파구,11710,13,49,16,32,49,15,15,6,162,59,13
20230322,서울특별시,11,광진구,11215,서울특별시,11,강남구,11680,14,52,18,54,53,5,15,5,147,61,7
20230322,서울특별시,11,광진구,11215,서울특별시,11,서초구,11650,6,22,19,22,38,3,15,10,86,36,8
20230322,서울특별시,11,광진구,11215,서울특별시,11,관악구,11620,17,29,8,20,24,8,11,5,136,65,7
20230322,서울특별시,11,광진구,11215,서울특별시,11,동작구,11590,0,24,8,21,28,5,15,3,105,52,0
20230322,서울특별시,11,광진구,11215,서울특별시,11,영등포구,11560,7,22,11,26,33,0,21,0,87,41,7
20230322,서울특별시,11,광진구,11215,서울특별시,11,금천구,11545,0,15,6,32,26,5,12,3,76,23,3
20230322,서울특별시,11,광진구,11215,서울특별시,11,구로구,11530,4,26,17,25,29,5,10,7,90,41,9
20230322,서울특별시,11,광진구,11215,서울특별시,11,강서구,11500,7,31,6,34,34,16,11,5,123,58,11
20230322,서울특별시,11,광진구,11215,서울특별시,11,양천구,11470,6,18,8,14,23,3,14,4,74,36,9
20230322,서울특별시,11,광진구,11215,서울특별시,11,마포구,11440,7,19,8,28,37,4,10,8,82,41,5
20230322,서울특별시,11,광진구,11215,서울특별시,11,서대문구,11410,8,17,4,13,22,5,9,0,77,48,9
20230322,서울특별시,11,광진구,11215,서울특별시,11,은평구,11380,10,24,3,23,25,8,11,0,98,44,9
20230322,서울특별시,11,광진구,11215,서울특별시,11,노원구,11350,6,29,9,19,53,6,8,5,127,32,7
20230322,서울특별시,11,광진구,11215,서울특별시,11,도봉구,11320,5,9,4,14,11,3,12,0,73,23,3
20230322,서울특별시,11,광진구,11215,서울특별시,11,강북구,11305,8,16,7,16,18,3,11,0,50,28,0
20230322,서울특별시,11,광진구,11215,서울특별시,11,성북구,11290,7,25,6,22,25,5,15,5,105,45,10
20230322,서울특별시,11,광진구,11215,서울특별시,11,중랑구,11260,3,20,9,17,28,4,7,5,77,39,0
20230322,서울특별시,11,광진구,11215,서울특별시,11,동대문구,11230,8,22,13,26,20,6,7,0,107,33,5
20230322,서울특별시,11,구로구,11530,서울특별시,11,구로구,11530,9,60,15,37,67,13,49,0,109,35,35
20230322,서울특별시,11,구로구,11530,서울특별시,11,금천구,11545,4,52,10,24,48,6,9,6,69,22,16
20230322,서울특별시,11,구로구,11530,서울특별시,11,영등포구,11560,11,56,16,33,54,15,7,4,87,23,28
20230322,서울특별시,11,구로구,11530,서울특별시,11,동작구,11590,7,57,15,19,49,3,10,4,58,25,29
20230322,서울특별시,11,구로구,11530,서울특별시,11,관악구,11620,18,77,5,43,54,3,21,8,88,41,48
20230322,서울특별시,11,구로구,11530,서울특별시,11,서초구,11650,10,60,13,26,83,13,17,10,78,29,40
20230322,서울특별시,11,구로구,11530,서울특별시,11,강남구,11680,22,94,18,58,112,11,20,17,111,30,55
20230322,서울특별시,11,구로구,11530,서울특별시,11,송파구,11710,17,93,19,35,89,12,19,13,122,37,46
20230322,서울특별시,11,구로구,11530,서울특별시,11,강동구,11740,12,60,10,15,50,10,10,5,92,43,34
20230322,서울특별시,11,은평구,11380,서울특별시,11,종로구,11110,0,4,0,0,7,4,17,0,20,3,22
20230322,서울특별시,11,은평구,11380,서울특별시,11,중구,11140,0,12,5,3,19,0,14,0,25,7,8
20230322,서울특별시,11,은평구,11380,서울특별시,11,용산구,11170,0,4,4,15,9,0,35,0,16,4,13
20230322,서울특별시,11,영등포구,11560,서울특별시,11,종로구,11110,4,45,14,8,27,3,31,0,29,23,19
20230322,서울특별시,11,영등포구,11560,서울특별시,11,중구,11140,0,71,18,19,19,5,52,0,40,48,35
20230322,서울특별시,11,영등포구,11560,서울특별시,11,용산구,11170,6,38,7,18,25,3,34,0,40,30,27
20230322,서울특별시,11,영등포구,11560,서울특별시,11,성동구,11200,4,58,24,21,29,3,25,3,101,63,17
20230322,서울특별시,11,영등포구,11560,서울특별시,11,광진구,11215,4,47,16,24,43,4,16,3,61,24,28
20230322,서울특별시,11,영등포구,11560,서울특별시,11,동대문구,11230,3,68,15,14,38,0,19,3,70,16,12
20230322,서울특별시,11,영등포구,11560,서울특별시,11,중랑구,11260,4,40,15,14,25,0,17,5,35,21,15
20230322,서울특별시,11,영등포구,11560,서울특별시,11,성북구,11290,6,56,16,17,30,0,29,5,61,35,27
20230322,서울특별시,11,영등포구,11560,서울특별시,11,강북구,11305,4,34,5,15,17,0,7,5,29,23,24
20230322,서울특별시,11,영등포구,11560,서울특별시,11,도봉구,11320,4,28,19,14,21,0,11,0,32,18,25
20230322,서울특별시,11,영등포구,11560,서울특별시,11,노원구,11350,3,43,15,8,39,6,20,3,52,24,33
20230322,서울특별시,11,영등포구,11560,서울특별시,11,은평구,11380,8,48,21,17,26,0,26,4,49,40,54
20230322,서울특별시,11,광진구,11215,서울특별시,11,광진구,11215,9,32,8,21,33,8,35,5,94,38,9
20230322,서울특별시,11,금천구,11545,서울특별시,11,종로구,11110,11,32,16,25,41,14,36,9,64,45,27
20230322,서울특별시,11,금천구,11545,서울특별시,11,중구,11140,5,29,31,35,29,21,40,10,84,61,44
20230322,서울특별시,11,금천구,11545,서울특별시,11,용산구,11170,7,41,18,60,45,14,43,9,121,52,38
20230322,서울특별시,11,금천구,11545,서울특별시,11,성동구,11200,10,227,28,54,57,21,49,28,142,82,66
20230322,서울특별시,11,금천구,11545,서울특별시,11,광진구,11215,11,37,15,43,54,11,40,16,144,59,77
20230322,서울특별시,11,금천구,11545,서울특별시,11,동대문구,11230,8,33,17,62,81,19,47,20,140,128,60
20230322,서울특별시,11,광진구,11215,서울특별시,11,성동구,11200,5,106,17,27,30,3,9,4,124,81,10
20230322,서울특별시,11,광진구,11215,서울특별시,11,용산구,11170,4,17,0,27,29,6,3,3,58,22,4
20230322,서울특별시,11,광진구,11215,서울특별시,11,중구,11140,5,28,8,10,17,0,7,0,59,28,0
20230322,서울특별시,11,광진구,11215,서울특별시,11,종로구,11110,0,15,0,9,15,0,6,0,42,30,4
20230323,서울특별시,11,양천구,11470,서울특별시,11,관악구,11620,0,19,9,17,27,3,15,0,36,29,11
20230323,서울특별시,11,강동구,11740,서울특별시,11,종로구,11110,0,16,3,7,10,0,33,0,19,9,0
20230323,서울특별시,11,강동구,11740,서울특별시,11,중구,11140,10,23,6,8,27,0,29,0,41,12,3
20230323,서울특별시,11,강동구,11740,서울특별시,11,용산구,11170,7,26,7,20,25,0,39,0,24,15,3
20230323,서울특별시,11,강동구,11740,서울특별시,11,성동구,11200,8,47,14,3,21,5,38,0,57,28,9
20230323,서울특별시,11,강동구,11740,서울특별시,11,광진구,11215,9,29,7,11,34,4,37,0,24,14,10
20230323,서울특별시,11,강동구,11740,서울특별시,11,동대문구,11230,6,30,6,5,26,4,36,0,19,18,6
20230323,서울특별시,11,강동구,11740,서울특별시,11,중랑구,11260,13,25,4,0,14,4,27,0,15,8,4
20230323,서울특별시,11,강동구,11740,서울특별시,11,성북구,11290,6,27,8,9,45,0,42,4,33,22,4
20230323,서울특별시,11,강동구,11740,서울특별시,11,강북구,11305,5,8,4,5,16,0,24,0,19,10,4
20230323,서울특별시,11,강동구,11740,서울특별시,11,도봉구,11320,7,8,4,5,14,6,26,0,17,14,0
20230323,서울특별시,11,강동구,11740,서울특별시,11,노원구,11350,20,23,0,10,37,4,40,5,23,17,4
20230323,서울특별시,11,강동구,11740,서울특별시,11,은평구,11380,13,27,5,3,28,5,38,5,19,16,5
20230323,서울특별시,11,강동구,11740,서울특별시,11,서대문구,11410,4,21,8,13,14,4,33,0,14,12,8
20230323,서울특별시,11,강동구,11740,서울특별시,11,마포구,11440,10,36,6,9,36,3,73,8,29,26,5
20230323,서울특별시,11,강동구,11740,서울특별시,11,양천구,11470,11,37,5,10,33,5,36,3,19,19,6
20230323,서울특별시,11,강동구,11740,서울특별시,11,강서구,11500,14,28,3,13,50,10,49,3,28,36,9
20230323,서울특별시,11,강동구,11740,서울특별시,11,구로구,11530,5,30,9,13,19,4,49,6,22,13,6
20230323,서울특별시,11,강동구,11740,서울특별시,11,금천구,11545,9,14,5,7,14,3,21,4,49,17,8
20230323,서울특별시,11,강동구,11740,서울특별시,11,영등포구,11560,12,35,8,6,26,7,43,4,22,14,9
20230323,서울특별시,11,강동구,11740,서울특별시,11,동작구,11590,14,21,0,11,23,0,46,3,9,9,7
20230323,서울특별시,11,강동구,11740,서울특별시,11,관악구,11620,8,29,8,5,38,5,37,7,21,26,0
20230323,서울특별시,11,강동구,11740,서울특별시,11,서초구,11650,7,33,9,9,33,9,48,0,32,24,4
20230323,서울특별시,11,강동구,11740,서울특별시,11,강남구,11680,15,90,12,17,74,8,83,5,54,35,22
20230323,서울특별시,11,강동구,11740,서울특별시,11,송파구,11710,13,56,11,28,44,14,63,8,46,32,16
20230323,서울특별시,11,강동구,11740,서울특별시,11,강동구,11740,11,33,10,13,32,0,71,0,37,27,6
20230323,서울특별시,11,강남구,11680,서울특별시,11,구로구,11530,5,77,19,24,56,10,62,6,193,64,47
20230323,서울특별시,11,강남구,11680,서울특별시,11,강서구,11500,9,131,36,45,63,16,76,11,333,91,76
20230323,서울특별시,11,강남구,11680,서울특별시,11,양천구,11470,7,93,17,26,41,10,69,9,205,61,47
20230323,서울특별시,11,강남구,11680,서울특별시,11,마포구,11440,13,112,44,34,87,23,95,3,263,60,71
20230323,서울특별시,11,강남구,11680,서울특별시,11,서대문구,11410,3,69,16,24,58,9,70,5,191,53,53
20230323,서울특별시,11,강남구,11680,서울특별시,11,은평구,11380,10,76,23,23,54,13,58,6,239,69,46
20230323,서울특별시,11,강남구,11680,서울특별시,11,노원구,11350,9,74,24,32,58,10,71,8,220,62,55
20230323,서울특별시,11,강남구,11680,서울특별시,11,도봉구,11320,4,46,22,12,27,11,37,6,152,49,39
20230323,서울특별시,11,강남구,11680,서울특별시,11,강북구,11305,3,63,8,16,18,6,30,7,160,51,24
20230323,서울특별시,11,강남구,11680,서울특별시,11,성북구,11290,6,78,22,26,54,18,55,8,308,78,47
20230323,서울특별시,11,강남구,11680,서울특별시,11,중랑구,11260,4,76,22,17,34,7,56,6,191,42,51
20230323,서울특별시,11,강남구,11680,서울특별시,11,동대문구,11230,6,60,20,35,42,10,50,10,235,73,51
20230323,서울특별시,11,강남구,11680,서울특별시,11,광진구,11215,10,86,22,45,53,10,56,8,214,47,53
20230323,서울특별시,11,강남구,11680,서울특별시,11,성동구,11200,10,115,42,35,45,9,64,7,264,101,56
20230323,서울특별시,11,강남구,11680,서울특별시,11,용산구,11170,9,62,24,49,59,8,53,8,157,39,52
20230323,서울특별시,11,강남구,11680,서울특별시,11,중구,11140,7,88,24,23,56,10,34,3,170,45,35
20230323,서울특별시,11,강남구,11680,서울특별시,11,종로구,11110,4,68,25,16,40,3,52,8,117,37,14
20230323,서울특별시,11,성동구,11200,서울특별시,11,강동구,11740,5,52,27,27,26,0,24,4,155,60,16
20230323,서울특별시,11,성동구,11200,서울특별시,11,송파구,11710,15,71,58,32,56,14,56,13,296,84,48
20230323,서울특별시,11,성동구,11200,서울특별시,11,강남구,11680,18,122,67,25,80,8,66,15,348,100,51
20230323,서울특별시,11,성동구,11200,서울특별시,11,서초구,11650,11,70,39,21,44,14,32,6,186,73,26
20230323,서울특별시,11,성동구,11200,서울특별시,11,관악구,11620,18,58,32,21,28,7,30,5,195,49,25
20230323,서울특별시,11,성동구,11200,서울특별시,11,동작구,11590,8,44,21,19,20,3,15,5,147,48,15
20230323,서울특별시,11,성동구,11200,서울특별시,11,영등포구,11560,9,75,25,22,38,4,49,11,145,65,30
20230323,서울특별시,11,성동구,11200,서울특별시,11,금천구,11545,7,42,13,23,11,6,16,3,105,28,14
20230323,서울특별시,11,성동구,11200,서울특별시,11,구로구,11530,5,44,24,19,34,4,12,0,116,46,17
20230323,서울특별시,11,성동구,11200,서울특별시,11,강서구,11500,15,85,39,25,45,7,43,8,251,83,28
20230323,서울특별시,11,성동구,11200,서울특별시,11,양천구,11470,3,42,21,13,23,4,27,3,133,43,18
20230323,서울특별시,11,성동구,11200,서울특별시,11,마포구,11440,8,75,46,22,40,10,25,8,194,68,20
20230323,서울특별시,11,성동구,11200,서울특별시,11,서대문구,11410,6,41,28,15,13,0,22,0,115,45,18
20230323,서울특별시,11,성동구,11200,서울특별시,11,은평구,11380,0,50,18,21,18,4,27,4,152,62,20
20230323,서울특별시,11,성동구,11200,서울특별시,11,노원구,11350,9,51,29,18,27,10,21,0,166,45,15
20230323,서울특별시,11,성동구,11200,서울특별시,11,도봉구,11320,10,35,19,15,24,0,18,0,99,21,20
20230323,서울특별시,11,성동구,11200,서울특별시,11,강북구,11305,6,39,11,12,11,0,17,0,80,34,9
20230323,서울특별시,11,성동구,11200,서울특별시,11,성북구,11290,6,58,35,18,29,3,28,8,172,57,131
20230323,서울특별시,11,성동구,11200,서울특별시,11,중랑구,11260,6,37,17,10,29,6,19,6,133,30,14
20230323,서울특별시,11,성동구,11200,서울특별시,11,동대문구,11230,3,49,22,24,32,5,32,9,156,62,82
20230323,서울특별시,11,성동구,11200,서울특별시,11,광진구,11215,8,65,19,19,24,3,32,0,157,38,18
20230323,서울특별시,11,성동구,11200,서울특별시,11,성동구,11200,9,134,38,31,35,4,44,13,213,56,19
20230323,서울특별시,11,성동구,11200,서울특별시,11,용산구,11170,7,38,28,30,31,3,17,4,130,33,25
20230323,서울특별시,11,성동구,11200,서울특별시,11,중구,11140,7,42,24,14,33,4,29,0,128,51,53
20230323,서울특별시,11,성동구,11200,서울특별시,11,종로구,11110,0,31,22,10,26,0,25,0,90,36,70
20230323,서울특별시,11,중랑구,11260,서울특별시,11,강서구,11500,8,50,10,15,61,13,26,7,103,55,28
20230323,서울특별시,11,중랑구,11260,서울특별시,11,양천구,11470,4,36,7,7,39,13,16,3,71,30,17
20230323,서울특별시,11,중랑구,11260,서울특별시,11,마포구,11440,11,53,8,23,34,10,41,5,87,41,26
20230323,서울특별시,11,중랑구,11260,서울특별시,11,서대문구,11410,5,33,4,9,19,10,23,7,71,19,10
20230323,서울특별시,11,중랑구,11260,서울특별시,11,은평구,11380,6,25,3,14,29,10,32,0,63,25,17
20230323,서울특별시,11,중랑구,11260,서울특별시,11,노원구,11350,7,32,11,9,33,9,28,5,79,41,17
20230323,서울특별시,11,중랑구,11260,서울특별시,11,도봉구,11320,5,27,7,6,27,4,19,4,50,18,17
20230323,서울특별시,11,중랑구,11260,서울특별시,11,강북구,11305,0,23,3,4,18,7,21,5,53,21,19
20230323,서울특별시,11,중랑구,11260,서울특별시,11,성북구,11290,5,47,9,15,28,8,28,4,123,29,13
20230323,서울특별시,11,중랑구,11260,서울특별시,11,중랑구,11260,7,27,9,14,35,5,46,6,74,33,14
20230323,서울특별시,11,구로구,11530,서울특별시,11,강동구,11740,8,54,16,28,30,6,10,0,78,31,34
20230323,서울특별시,11,구로구,11530,서울특별시,11,송파구,11710,10,102,8,59,69,10,14,16,152,49,55
20230323,서울특별시,11,구로구,11530,서울특별시,11,강남구,11680,12,122,20,45,76,13,26,10,106,46,57
20230323,서울특별시,11,구로구,11530,서울특별시,11,서초구,11650,3,59,14,31,47,6,16,9,80,33,32
20230323,서울특별시,11,종로구,11110,서울특별시,11,종로구,11110,9,20,21,8,14,3,21,0,68,25,8
20230323,서울특별시,11,종로구,11110,서울특별시,11,중구,11140,4,33,29,7,13,0,12,0,79,27,0
20230323,서울특별시,11,종로구,11110,서울특별시,11,용산구,11170,5,25,14,14,15,0,15,0,102,28,11
20230323,서울특별시,11,종로구,11110,서울특별시,11,성동구,11200,3,53,22,16,33,0,12,10,135,43,12
20230323,서울특별시,11,종로구,11110,서울특별시,11,광진구,11215,3,38,11,13,20,0,10,0,116,45,5
20230323,서울특별시,11,종로구,11110,서울특별시,11,동대문구,11230,8,36,24,11,10,0,15,3,103,34,4
20230323,서울특별시,11,종로구,11110,서울특별시,11,중랑구,11260,11,37,6,6,13,0,8,5,82,32,13
20230323,서울특별시,11,종로구,11110,서울특별시,11,성북구,11290,12,39,22,10,26,0,17,0,111,38,10
20230323,서울특별시,11,종로구,11110,서울특별시,11,강북구,11305,6,25,5,7,8,0,9,4,82,19,7
20230323,서울특별시,11,종로구,11110,서울특별시,11,도봉구,11320,6,19,0,4,12,0,9,0,58,32,6
20230323,서울특별시,11,종로구,11110,서울특별시,11,노원구,11350,13,45,9,20,21,5,15,10,108,37,11
20230323,서울특별시,11,종로구,11110,서울특별시,11,은평구,11380,7,34,11,12,16,0,10,8,102,30,12
20230323,서울특별시,11,종로구,11110,서울특별시,11,서대문구,11410,8,21,17,10,28,0,15,3,104,30,7
20230323,서울특별시,11,종로구,11110,서울특별시,11,마포구,11440,9,37,29,11,26,0,13,9,151,44,14
20230323,서울특별시,11,종로구,11110,서울특별시,11,양천구,11470,5,27,13,4,27,0,20,7,75,39,13
20230323,서울특별시,11,종로구,11110,서울특별시,11,강서구,11500,9,43,6,17,29,7,15,11,128,56,20
20230323,서울특별시,11,종로구,11110,서울특별시,11,구로구,11530,4,40,6,14,34,0,9,6,89,37,7
20230323,서울특별시,11,종로구,11110,서울특별시,11,금천구,11545,4,49,5,7,11,0,6,0,80,27,10
20230323,서울특별시,11,종로구,11110,서울특별시,11,영등포구,11560,9,51,26,16,34,0,17,9,106,35,12
20230323,서울특별시,11,종로구,11110,서울특별시,11,동작구,11590,12,20,20,6,17,7,9,3,107,37,16
20230323,서울특별시,11,종로구,11110,서울특별시,11,관악구,11620,10,38,19,12,25,0,16,3,138,37,14
20230323,서울특별시,11,종로구,11110,서울특별시,11,서초구,11650,12,43,21,15,31,5,14,6,123,38,19
20230323,서울특별시,11,종로구,11110,서울특별시,11,강남구,11680,23,85,23,34,54,8,23,3,194,86,21
20230323,서울특별시,11,종로구,11110,서울특별시,11,송파구,11710,9,79,26,14,34,3,14,10,201,45,22
20230323,서울특별시,11,종로구,11110,서울특별시,11,강동구,11740,3,42,7,10,27,0,15,9,91,39,11
20230323,서울특별시,11,강북구,11305,서울특별시,11,동작구,11590,0,10,4,4,6,0,10,0,74,12,0
20230323,서울특별시,11,강북구,11305,서울특별시,11,영등포구,11560,3,18,7,5,4,0,4,0,47,9,3
20230323,서울특별시,11,강북구,11305,서울특별시,11,금천구,11545,0,12,3,6,5,0,4,0,49,6,4
20230323,서울특별시,11,강북구,11305,서울특별시,11,구로구,11530,0,9,3,5,8,0,5,0,52,8,8
20230323,서울특별시,11,강북구,11305,서울특별시,11,강서구,11500,0,12,3,5,16,3,6,4,103,10,4
20230323,서울특별시,11,강북구,11305,서울특별시,11,양천구,11470,0,13,3,6,6,0,6,0,51,7,0
20230323,서울특별시,11,강북구,11305,서울특별시,11,마포구,11440,0,11,5,5,13,8,3,0,55,10,4
20230323,서울특별시,11,도봉구,11320,서울특별시,11,종로구,11110,3,8,0,7,12,0,10,0,32,8,7
20230323,서울특별시,11,도봉구,11320,서울특별시,11,중구,11140,0,13,7,15,11,0,11,0,47,8,0
20230323,서울특별시,11,도봉구,11320,서울특별시,11,용산구,11170,0,3,0,12,10,0,16,0,31,10,4
20230323,서울특별시,11,도봉구,11320,서울특별시,11,성동구,11200,3,23,12,12,19,7,16,3,62,31,7
20230323,서울특별시,11,도봉구,11320,서울특별시,11,광진구,11215,0,6,6,18,17,3,23,0,54,11,3
20230323,서울특별시,11,도봉구,11320,서울특별시,11,동대문구,11230,0,10,0,12,22,0,11,4,61,11,7
20230323,서울특별시,11,도봉구,11320,서울특별시,11,중랑구,11260,4,12,0,16,14,0,10,0,68,22,3
20230323,서울특별시,11,도봉구,11320,서울특별시,11,성북구,11290,6,13,5,17,23,7,22,3,76,25,6
20230323,서울특별시,11,도봉구,11320,서울특별시,11,강북구,11305,0,10,6,10,6,4,8,0,53,11,0
20230323,서울특별시,11,도봉구,11320,서울특별시,11,도봉구,11320,6,7,0,26,17,7,10,0,61,15,0
20230323,서울특별시,11,도봉구,11320,서울특별시,11,노원구,11350,0,16,4,14,21,5,17,4,62,18,11
20230323,서울특별시,11,도봉구,11320,서울특별시,11,은평구,11380,7,5,0,24,24,6,11,0,57,11,0
20230323,서울특별시,11,도봉구,11320,서울특별시,11,서대문구,11410,3,11,3,15,23,4,13,0,60,7,3
20230323,서울특별시,11,도봉구,11320,서울특별시,11,마포구,11440,5,16,7,27,28,0,32,3,50,16,3
20230323,서울특별시,11,도봉구,11320,서울특별시,11,양천구,11470,3,7,3,18,13,0,18,3,63,19,8
20230323,서울특별시,11,도봉구,11320,서울특별시,11,강서구,11500,7,16,3,37,28,8,21,3,72,21,7
20230323,서울특별시,11,도봉구,11320,서울특별시,11,구로구,11530,4,12,0,21,17,4,14,4,56,16,7
20230323,서울특별시,11,도봉구,11320,서울특별시,11,금천구,11545,4,9,0,17,11,6,3,0,50,16,7
20230323,서울특별시,11,구로구,11530,서울특별시,11,관악구,11620,15,100,11,31,41,6,14,10,144,29,40
20230323,서울특별시,11,중랑구,11260,서울특별시,11,동대문구,11230,7,29,3,8,28,3,26,0,58,16,24
20230323,서울특별시,11,은평구,11380,서울특별시,11,영등포구,11560,3,12,4,4,47,4,36,3,10,11,32
20230323,서울특별시,11,은평구,11380,서울특별시,11,동작구,11590,0,5,6,6,40,4,47,0,19,3,26
20230323,서울특별시,11,은평구,11380,서울특별시,11,관악구,11620,0,9,3,3,48,8,43,0,30,7,25
20230323,서울특별시,11,은평구,11380,서울특별시,11,서초구,11650,0,11,0,0,48,5,40,0,17,10,38
20230323,서울특별시,11,은평구,11380,서울특별시,11,강남구,11680,3,19,9,5,86,9,43,0,33,14,42
20230323,서울특별시,11,은평구,11380,서울특별시,11,송파구,11710,5,7,11,10,66,10,65,3,35,11,53
20230323,서울특별시,11,은평구,11380,서울특별시,11,강동구,11740,0,9,7,4,50,0,51,8,16,17,36
20230323,서울특별시,11,중랑구,11260,서울특별시,11,광진구,11215,3,22,6,12,30,9,25,5,86,26,12
20230323,서울특별시,11,중랑구,11260,서울특별시,11,성동구,11200,6,41,11,0,29,5,19,4,64,43,11
20230323,서울특별시,11,중랑구,11260,서울특별시,11,용산구,11170,3,21,3,19,29,5,20,3,47,19,18
20230323,서울특별시,11,중랑구,11260,서울특별시,11,중구,11140,6,25,5,8,20,5,20,9,38,24,8
20230323,서울특별시,11,중랑구,11260,서울특별시,11,종로구,11110,0,18,0,9,11,5,7,0,49,13,5
20230323,서울특별시,11,구로구,11530,서울특별시,11,동작구,11590,12,66,5,29,34,12,11,5,80,24,29
20230323,서울특별시,11,구로구,11530,서울특별시,11,영등포구,11560,14,81,10,44,47,0,18,10,99,34,28
20230323,서울특별시,11,구로구,11530,서울특별시,11,금천구,11545,7,52,7,32,36,4,11,12,78,15,23
20230323,서울특별시,11,구로구,11530,서울특별시,11,구로구,11530,14,84,16,26,44,4,49,3,109,32,22
20230323,서울특별시,11,구로구,11530,서울특별시,11,강서구,11500,17,106,10,25,45,5,12,9,127,41,31
20230323,서울특별시,11,구로구,11530,서울특별시,11,양천구,11470,7,65,17,13,39,8,18,6,74,24,23
20230323,서울특별시,11,구로구,11530,서울특별시,11,마포구,11440,15,80,18,20,64,5,15,7,86,23,29
20230323,서울특별시,11,구로구,11530,서울특별시,11,서대문구,11410,15,49,15,21,33,5,14,7,54,21,25
20230323,서울특별시,11,구로구,11530,서울특별시,11,은평구,11380,11,65,11,21,34,5,11,7,78,21,32
20230323,서울특별시,11,구로구,11530,서울특별시,11,노원구,11350,20,57,8,24,33,7,13,9,84,23,36
20230323,서울특별시,11,구로구,11530,서울특별시,11,도봉구,11320,0,32,5,12,23,4,6,4,58,19,24
20230323,서울특별시,11,구로구,11530,서울특별시,11,강북구,11305,6,29,5,10,18,0,6,0,40,14,17
20230323,서울특별시,11,구로구,11530,서울특별시,11,성북구,11290,8,66,16,27,36,7,16,9,95,25,32
20230323,서울특별시,11,구로구,11530,서울특별시,11,중랑구,11260,7,60,5,13,26,3,10,4,83,19,25
20230323,서울특별시,11,구로구,11530,서울특별시,11,동대문구,11230,5,61,11,13,24,0,9,9,87,17,22
20230323,서울특별시,11,구로구,11530,서울특별시,11,광진구,11215,11,72,12,22,27,7,9,7,72,21,24
20230323,서울특별시,11,중구,11140,서울특별시,11,종로구,11110,5,49,13,5,74,0,10,3,98,24,3
20230323,서울특별시,11,중구,11140,서울특별시,11,중구,11140,7,84,25,15,86,0,29,0,147,22,10
20230323,서울특별시,11,중구,11140,서울특별시,11,용산구,11170,12,71,8,14,65,4,37,5,145,30,5
20230323,서울특별시,11,중구,11140,서울특별시,11,성동구,11200,20,88,20,13,71,5,30,7,230,97,10
20230323,서울특별시,11,중구,11140,서울특별시,11,광진구,11215,0,33,8,8,49,0,19,0,178,20,10
20230323,서울특별시,11,중구,11140,서울특별시,11,동대문구,11230,7,36,5,7,49,6,33,0,207,51,10
20230323,서울특별시,11,중구,11140,서울특별시,11,중랑구,11260,5,40,11,0,35,4,31,0,157,42,5
20230323,서울특별시,11,중구,11140,서울특별시,11,성북구,11290,11,50,8,6,56,7,28,3,233,54,13
20230323,서울특별시,11,중구,11140,서울특별시,11,강북구,11305,6,27,7,7,39,5,22,0,121,26,5
20230323,서울특별시,11,중구,11140,서울특별시,11,도봉구,11320,7,27,7,3,29,3,22,0,104,27,4
20230323,서울특별시,11,중구,11140,서울특별시,11,노원구,11350,5,45,7,7,63,5,21,12,188,50,6
20230323,서울특별시,11,중구,11140,서울특별시,11,은평구,11380,6,48,10,3,63,5,30,0,181,43,12
20230323,서울특별시,11,중구,11140,서울특별시,11,서대문구,11410,3,46,7,6,56,6,18,0,176,33,12
20230323,서울특별시,11,중구,11140,서울특별시,11,마포구,11440,15,71,20,11,108,6,32,5,293,58,13
20230323,서울특별시,11,중구,11140,서울특별시,11,양천구,11470,6,56,9,5,61,3,7,12,182,35,10
20230323,서울특별시,11,중구,11140,서울특별시,11,강서구,11500,14,59,21,11,116,12,32,5,273,66,19
20230323,서울특별시,11,중구,11140,서울특별시,11,구로구,11530,6,56,8,6,82,7,15,8,154,50,9
20230323,서울특별시,11,중구,11140,서울특별시,11,금천구,11545,3,32,6,6,69,3,14,0,102,17,3
20230323,서울특별시,11,중구,11140,서울특별시,11,영등포구,11560,13,57,19,8,81,7,27,0,214,42,9
20230323,서울특별시,11,구로구,11530,서울특별시,11,성동구,11200,9,65,22,26,33,4,8,9,92,42,23
20230323,서울특별시,11,구로구,11530,서울특별시,11,용산구,11170,5,44,14,20,22,0,7,7,41,17,19
20230323,서울특별시,11,구로구,11530,서울특별시,11,중구,11140,8,33,9,14,24,3,4,5,48,18,9
20230323,서울특별시,11,구로구,11530,서울특별시,11,종로구,11110,3,39,12,15,25,0,4,5,36,7,8
20230323,서울특별시,11,동대문구,11230,서울특별시,11,종로구,11110,0,18,8,6,21,0,16,0,61,7,5
20230323,서울특별시,11,동대문구,11230,서울특별시,11,중구,11140,3,33,11,3,21,0,26,0,82,23,9
20230323,서울특별시,11,동대문구,11230,서울특별시,11,용산구,11170,0,14,4,15,32,0,29,3,83,17,5
20230323,서울특별시,11,동대문구,11230,서울특별시,11,성동구,11200,8,65,22,9,35,14,41,5,176,53,8
20230323,서울특별시,11,강서구,11500,서울특별시,11,노원구,11350,18,47,25,40,60,11,98,10,100,50,84
20230323,서울특별시,11,강서구,11500,서울특별시,11,도봉구,11320,8,29,9,28,30,4,64,9,66,34,46
20230323,서울특별시,11,강서구,11500,서울특별시,11,강북구,11305,10,27,8,33,29,10,67,10,55,49,36
20230323,서울특별시,11,강서구,11500,서울특별시,11,성북구,11290,12,56,23,46,38,10,113,10,157,54,78
20230323,서울특별시,11,강서구,11500,서울특별시,11,중랑구,11260,10,49,13,40,48,8,168,11,87,38,65
20230323,서울특별시,11,강서구,11500,서울특별시,11,동대문구,11230,13,34,17,35,49,15,65,12,87,62,59
20230323,서울특별시,11,강서구,11500,서울특별시,11,광진구,11215,11,46,21,43,53,13,82,14,97,40,58
20230323,서울특별시,11,강서구,11500,서울특별시,11,성동구,11200,14,71,27,32,55,13,79,13,128,72,61
20230323,서울특별시,11,강서구,11500,서울특별시,11,용산구,11170,12,38,19,38,45,6,64,8,66,27,33
20230323,서울특별시,11,강서구,11500,서울특별시,11,중구,11140,7,43,9,27,56,6,53,0,70,85,56
20230323,서울특별시,11,강서구,11500,서울특별시,11,종로구,11110,13,23,17,30,36,8,74,4,75,27,33
20230323,서울특별시,11,동대문구,11230,서울특별시,11,광진구,11215,3,29,8,12,36,3,36,0,126,16,12
20230323,서울특별시,11,동대문구,11230,서울특별시,11,동대문구,11230,4,36,10,9,52,0,75,7,125,23,19
20230323,서울특별시,11,동대문구,11230,서울특별시,11,중랑구,11260,0,23,10,6,31,0,60,11,119,25,12
20230323,서울특별시,11,동대문구,11230,서울특별시,11,성북구,11290,5,40,4,9,43,5,43,5,163,26,17
20230323,서울특별시,11,동대문구,11230,서울특별시,11,강북구,11305,0,18,4,5,16,3,33,5,86,15,8
20230323,서울특별시,11,동대문구,11230,서울특별시,11,도봉구,11320,0,18,6,9,20,0,40,4,85,15,8
20230323,서울특별시,11,강북구,11305,서울특별시,11,서대문구,11410,0,17,9,5,7,0,4,0,37,8,7
20230323,서울특별시,11,강북구,11305,서울특별시,11,은평구,11380,0,14,4,7,8,0,6,0,62,8,4
20230323,서울특별시,11,강북구,11305,서울특별시,11,노원구,11350,0,17,7,17,9,0,11,0,69,11,4
20230323,서울특별시,11,강북구,11305,서울특별시,11,도봉구,11320,0,12,3,7,6,0,0,0,41,5,0
20230323,서울특별시,11,강북구,11305,서울특별시,11,강북구,11305,0,14,5,0,6,4,14,3,40,5,5
20230323,서울특별시,11,강북구,11305,서울특별시,11,성북구,11290,3,21,6,7,11,0,6,3,94,13,5
20230323,서울특별시,11,강북구,11305,서울특별시,11,중랑구,11260,0,7,0,6,5,0,4,0,59,18,3
20230323,서울특별시,11,강북구,11305,서울특별시,11,동대문구,11230,4,15,0,8,6,0,4,3,59,4,7
20230323,서울특별시,11,중구,11140,서울특별시,11,동작구,11590,6,52,13,3,42,6,10,6,211,33,6
20230323,서울특별시,11,중구,11140,서울특별시,11,관악구,11620,11,47,14,8,84,5,25,0,268,65,10
20230323,서울특별시,11,중구,11140,서울특별시,11,서초구,11650,6,82,24,15,133,3,21,6,250,59,17
20230323,서울특별시,11,중구,11140,서울특별시,11,강남구,11680,24,120,39,22,235,13,43,13,335,79,11
20230323,서울특별시,11,중구,11140,서울특별시,11,송파구,11710,10,87,20,8,125,8,39,9,324,71,15
20230323,서울특별시,11,중구,11140,서울특별시,11,강동구,11740,6,57,3,6,52,4,15,6,187,52,7
20230323,서울특별시,11,강북구,11305,서울특별시,11,광진구,11215,3,9,3,4,7,0,3,0,50,6,5
20230323,서울특별시,11,금천구,11545,서울특별시,11,종로구,11110,8,46,16,29,37,13,20,11,77,29,40
20230323,서울특별시,11,금천구,11545,서울특별시,11,중구,11140,6,30,26,38,32,7,35,5,85,47,39
20230323,서울특별시,11,금천구,11545,서울특별시,11,용산구,11170,5,37,17,49,33,15,22,10,70,55,42
20230323,서울특별시,11,금천구,11545,서울특별시,11,성동구,11200,12,50,21,43,42,20,28,11,156,78,89
20230323,서울특별시,11,금천구,11545,서울특별시,11,광진구,11215,13,34,39,41,44,19,33,8,130,68,87
20230323,서울특별시,11,금천구,11545,서울특별시,11,동대문구,11230,6,37,23,33,42,19,28,11,136,108,85
20230323,서울특별시,11,금천구,11545,서울특별시,11,중랑구,11260,3,30,17,33,34,12,24,11,103,56,73
20230323,서울특별시,11,금천구,11545,서울특별시,11,성북구,11290,7,30,34,44,50,14,28,11,155,93,94
20230323,서울특별시,11,금천구,11545,서울특별시,11,강북구,11305,9,28,13,24,37,3,19,8,86,52,53
20230323,서울특별시,11,금천구,11545,서울특별시,11,도봉구,11320,5,23,18,19,29,11,20,10,79,50,51
20230323,서울특별시,11,금천구,11545,서울특별시,11,노원구,11350,11,40,23,39,41,21,39,16,176,83,101
20230323,서울특별시,11,금천구,11545,서울특별시,11,은평구,11380,15,32,14,46,51,18,40,7,141,79,94
20230323,서울특별시,11,금천구,11545,서울특별시,11,서대문구,11410,3,46,15,38,30,18,24,11,93,76,79
20230323,서울특별시,11,금천구,11545,서울특별시,11,마포구,11440,21,56,25,49,49,23,31,18,171,159,113
20230323,서울특별시,11,금천구,11545,서울특별시,11,양천구,11470,10,30,15,31,45,27,36,8,155,78,106
20230323,서울특별시,11,금천구,11545,서울특별시,11,강서구,11500,21,50,32,67,70,40,63,24,205,152,145
20230323,서울특별시,11,금천구,11545,서울특별시,11,구로구,11530,17,45,34,32,49,10,25,17,136,101,103
20230323,서울특별시,11,강북구,11305,서울특별시,11,성동구,11200,0,26,9,3,8,0,0,0,59,13,0
20230323,서울특별시,11,강북구,11305,서울특별시,11,용산구,11170,0,0,0,10,12,3,4,0,29,4,3
20230323,서울특별시,11,강북구,11305,서울특별시,11,중구,11140,0,13,0,0,7,0,0,0,27,4,0
20230323,서울특별시,11,강북구,11305,서울특별시,11,종로구,11110,0,9,0,0,5,4,3,0,31,0,0
20230323,서울특별시,11,동대문구,11230,서울특별시,11,노원구,11350,3,35,0,8,50,6,63,7,139,30,25
20230323,서울특별시,11,동대문구,11230,서울특별시,11,은평구,11380,0,26,4,8,40,4,61,9,122,22,13
20230323,서울특별시,11,동대문구,11230,서울특별시,11,서대문구,11410,0,22,4,9,29,4,31,3,95,18,10
20230323,서울특별시,11,동대문구,11230,서울특별시,11,마포구,11440,8,40,6,14,41,5,51,7,127,36,11
20230323,서울특별시,11,동대문구,11230,서울특별시,11,양천구,11470,5,26,0,8,29,0,49,10,115,23,19
20230323,서울특별시,11,동대문구,11230,서울특별시,11,강서구,11500,5,40,7,6,41,8,65,18,191,38,26
20230323,서울특별시,11,동대문구,11230,서울특별시,11,구로구,11530,5,32,4,13,40,10,44,4,134,20,8
20230323,서울특별시,11,동대문구,11230,서울특별시,11,금천구,11545,0,28,5,12,29,0,41,3,102,30,16
20230323,서울특별시,11,동대문구,11230,서울특별시,11,영등포구,11560,9,47,10,13,48,5,62,6,125,19,13
20230323,서울특별시,11,동대문구,11230,서울특별시,11,동작구,11590,11,29,11,12,42,3,49,7,119,26,6
20230323,서울특별시,11,동대문구,11230,서울특별시,11,관악구,11620,8,32,10,6,49,4,51,6,187,30,20
20230323,서울특별시,11,동대문구,11230,서울특별시,11,서초구,11650,9,32,10,7,53,5,59,10,124,32,15
20230323,서울특별시,11,동대문구,11230,서울특별시,11,강남구,11680,18,95,15,19,53,8,81,8,193,38,32
20230323,서울특별시,11,동대문구,11230,서울특별시,11,송파구,11710,6,49,19,14,63,6,84,8,210,43,25
20230323,서울특별시,11,동대문구,11230,서울특별시,11,강동구,11740,0,23,7,8,37,4,48,9,138,25,15
20230323,서울특별시,11,성북구,11290,서울특별시,11,종로구,11110,7,36,5,6,15,5,36,11,134,27,0
20230323,서울특별시,11,성북구,11290,서울특별시,11,중구,11140,4,33,7,17,25,5,33,7,132,46,5
20230323,서울특별시,11,성북구,11290,서울특별시,11,용산구,11170,3,53,7,22,33,6,27,7,139,38,5
20230323,서울특별시,11,성북구,11290,서울특별시,11,성동구,11200,6,72,24,10,22,15,47,13,281,108,4
20230323,서울특별시,11,성북구,11290,서울특별시,11,광진구,11215,6,42,10,15,19,13,61,14,240,77,5
20230323,서울특별시,11,성북구,11290,서울특별시,11,동대문구,11230,9,32,16,15,19,13,56,14,261,56,9
20230323,서울특별시,11,금천구,11545,서울특별시,11,금천구,11545,10,35,17,31,59,11,37,8,124,63,51
20230323,서울특별시,11,성북구,11290,서울특별시,11,중랑구,11260,5,49,12,19,22,12,61,24,221,57,6
20230323,서울특별시,11,성북구,11290,서울특별시,11,성북구,11290,4,78,12,13,35,9,83,19,342,73,7
20230323,서울특별시,11,성북구,11290,서울특별시,11,강북구,11305,9,27,6,11,12,5,43,9,177,41,6
20230323,서울특별시,11,성북구,11290,서울특별시,11,도봉구,11320,6,33,6,5,10,10,39,9,162,48,7
20230323,서울특별시,11,성북구,11290,서울특별시,11,노원구,11350,5,39,12,17,29,8,74,17,289,73,12
20230323,서울특별시,11,성북구,11290,서울특별시,11,은평구,11380,9,57,12,22,21,10,73,14,255,73,17
20230323,서울특별시,11,성북구,11290,서울특별시,11,서대문구,11410,6,41,15,13,21,6,50,16,205,56,12
20230323,서울특별시,11,성북구,11290,서울특별시,11,마포구,11440,15,68,5,27,45,9,56,19,268,89,6
20230323,서울특별시,11,성북구,11290,서울특별시,11,양천구,11470,0,42,10,14,26,10,47,17,248,59,13
20230323,서울특별시,11,성북구,11290,서울특별시,11,강서구,11500,13,72,12,23,38,19,92,33,367,125,12
20230323,서울특별시,11,성북구,11290,서울특별시,11,구로구,11530,8,40,11,17,22,9,61,15,249,59,5
20230323,서울특별시,11,성북구,11290,서울특별시,11,금천구,11545,3,33,10,8,19,4,30,14,178,54,3
20230323,서울특별시,11,성북구,11290,서울특별시,11,영등포구,11560,12,60,5,20,24,17,61,31,241,91,13
20230323,서울특별시,11,성북구,11290,서울특별시,11,동작구,11590,8,37,10,17,22,12,51,18,277,81,4
20230323,서울특별시,11,성북구,11290,서울특별시,11,관악구,11620,12,80,18,15,15,12,72,13,390,86,14
20230323,서울특별시,11,성북구,11290,서울특별시,11,서초구,11650,10,63,14,22,25,7,79,20,265,90,12
20230323,서울특별시,11,성북구,11290,서울특별시,11,강남구,11680,10,116,10,19,40,20,121,17,373,127,18
20230323,서울특별시,11,성북구,11290,서울특별시,11,송파구,11710,10,86,7,18,51,21,96,26,461,121,5
20230323,서울특별시,11,성북구,11290,서울특별시,11,강동구,11740,11,51,9,25,28,10,56,23,260,98,11
20230323,서울특별시,11,동작구,11590,서울특별시,11,강동구,11740,0,14,12,16,28,6,39,0,32,17,18
20230323,서울특별시,11,동작구,11590,서울특별시,11,송파구,11710,7,13,32,15,46,6,64,6,66,16,36
20230323,서울특별시,11,동작구,11590,서울특별시,11,강남구,11680,12,27,21,19,36,10,38,6,62,14,41
20230323,서울특별시,11,동작구,11590,서울특별시,11,서초구,11650,6,21,22,10,26,4,36,6,43,18,20
20230323,서울특별시,11,동작구,11590,서울특별시,11,관악구,11620,7,22,30,16,25,0,60,4,52,9,23
20230323,서울특별시,11,동작구,11590,서울특별시,11,동작구,11590,3,5,26,10,16,6,59,0,61,8,16
20230323,서울특별시,11,동작구,11590,서울특별시,11,영등포구,11560,5,16,19,19,23,0,40,6,38,11,29
20230323,서울특별시,11,동작구,11590,서울특별시,11,금천구,11545,4,5,9,9,10,4,22,3,34,17,17
20230323,서울특별시,11,동작구,11590,서울특별시,11,구로구,11530,10,7,17,10,19,0,44,6,35,9,22
20230323,서울특별시,11,동작구,11590,서울특별시,11,강서구,11500,5,13,15,23,31,10,83,6,51,8,26
20230323,서울특별시,11,동작구,11590,서울특별시,11,양천구,11470,5,6,11,10,15,0,40,5,11,11,11
20230323,서울특별시,11,동작구,11590,서울특별시,11,마포구,11440,6,16,18,12,32,7,43,5,50,13,17
20230323,서울특별시,11,동작구,11590,서울특별시,11,서대문구,11410,7,0,11,4,7,4,32,3,34,9,16
20230323,서울특별시,11,동작구,11590,서울특별시,11,은평구,11380,0,15,8,16,24,5,46,3,31,6,16
20230323,서울특별시,11,동작구,11590,서울특별시,11,노원구,11350,4,8,9,11,26,4,58,4,48,12,11
20230323,서울특별시,11,금천구,11545,서울특별시,11,영등포구,11560,18,49,31,60,56,33,44,20,174,91,107
20230323,서울특별시,11,금천구,11545,서울특별시,11,동작구,11590,5,37,35,38,56,20,38,14,162,88,87
20230323,서울특별시,11,금천구,11545,서울특별시,11,관악구,11620,12,56,16,53,54,21,51,17,199,81,129
20230323,서울특별시,11,금천구,11545,서울특별시,11,서초구,11650,15,56,27,53,82,20,53,20,158,104,145
20230323,서울특별시,11,금천구,11545,서울특별시,11,강남구,11680,34,96,49,84,101,40,57,22,259,133,214
20230323,서울특별시,11,금천구,11545,서울특별시,11,송파구,11710,24,83,78,60,83,46,63,29,239,164,185
20230323,서울특별시,11,금천구,11545,서울특별시,11,강동구,11740,19,44,65,42,48,27,24,22,170,104,127
20230323,서울특별시,11,송파구,11710,서울특별시,11,종로구,11110,4,28,12,19,23,6,18,0,48,27,10
20230323,서울특별시,11,송파구,11710,서울특별시,11,중구,11140,3,43,10,7,18,9,36,0,76,39,10
20230323,서울특별시,11,송파구,11710,서울특별시,11,용산구,11170,3,28,8,22,25,7,27,0,59,22,20
20230323,서울특별시,11,송파구,11710,서울특별시,11,성동구,11200,0,60,38,13,23,6,26,0,145,71,12
20230323,서울특별시,11,송파구,11710,서울특별시,11,광진구,11215,4,42,15,14,24,4,34,0,90,30,15
20230323,서울특별시,11,송파구,11710,서울특별시,11,동대문구,11230,4,48,13,7,27,0,28,3,104,26,22
20230323,서울특별시,11,송파구,11710,서울특별시,11,중랑구,11260,0,48,12,11,17,6,32,3,75,26,14
20230323,서울특별시,11,송파구,11710,서울특별시,11,성북구,11290,0,52,20,13,38,3,29,5,117,34,24
20230323,서울특별시,11,송파구,11710,서울특별시,11,강북구,11305,3,26,5,4,17,5,24,0,58,15,8
20230323,서울특별시,11,송파구,11710,서울특별시,11,도봉구,11320,3,23,0,5,12,7,14,0,53,17,8
20230323,서울특별시,11,송파구,11710,서울특별시,11,노원구,11350,5,44,13,14,32,10,30,3,91,25,15
20230323,서울특별시,11,송파구,11710,서울특별시,11,은평구,11380,0,28,15,4,32,12,32,4,85,25,13
20230323,서울특별시,11,송파구,11710,서울특별시,11,서대문구,11410,5,20,14,6,22,8,36,0,71,20,28
20230323,서울특별시,11,송파구,11710,서울특별시,11,마포구,11440,6,52,18,14,34,13,48,9,112,25,23
20230323,서울특별시,11,송파구,11710,서울특별시,11,양천구,11470,0,50,17,15,23,14,23,0,60,22,13
20230323,서울특별시,11,송파구,11710,서울특별시,11,강서구,11500,0,63,24,18,48,20,48,4,132,34,28
20230323,서울특별시,11,송파구,11710,서울특별시,11,구로구,11530,0,28,7,9,28,8,31,3,92,30,15
20230323,서울특별시,11,송파구,11710,서울특별시,11,금천구,11545,5,31,17,12,20,3,17,0,100,21,12
20230323,서울특별시,11,동작구,11590,서울특별시,11,도봉구,11320,4,7,9,9,13,0,33,0,24,4,9
20230323,서울특별시,11,동작구,11590,서울특별시,11,강북구,11305,4,6,0,6,12,4,21,0,24,9,7
20230323,서울특별시,11,동작구,11590,서울특별시,11,성북구,11290,5,9,19,12,15,5,39,6,59,13,23
20230323,서울특별시,11,동작구,11590,서울특별시,11,중랑구,11260,0,8,8,5,16,0,31,3,33,13,11
20230323,서울특별시,11,동작구,11590,서울특별시,11,동대문구,11230,4,9,13,5,27,5,37,6,52,5,13
20230323,서울특별시,11,동작구,11590,서울특별시,11,광진구,11215,4,9,12,9,21,4,25,4,31,14,18
20230323,서울특별시,11,동작구,11590,서울특별시,11,성동구,11200,0,33,23,10,26,0,29,7,83,40,14
20230323,서울특별시,11,송파구,11710,서울특별시,11,영등포구,11560,5,52,12,17,41,11,63,0,96,31,19
20230323,서울특별시,11,송파구,11710,서울특별시,11,동작구,11590,3,36,18,17,17,13,43,0,79,20,14
20230323,서울특별시,11,송파구,11710,서울특별시,11,관악구,11620,4,40,25,13,38,13,37,0,98,27,32
20230323,서울특별시,11,송파구,11710,서울특별시,11,서초구,11650,6,67,15,18,52,17,47,3,97,20,37
20230323,서울특별시,11,송파구,11710,서울특별시,11,강남구,11680,4,116,36,25,71,21,69,6,170,44,34
20230323,서울특별시,11,송파구,11710,서울특별시,11,송파구,11710,3,108,48,20,61,21,114,0,167,53,38
20230323,서울특별시,11,송파구,11710,서울특별시,11,강동구,11740,5,58,9,15,28,14,40,5,63,39,27
20230323,서울특별시,11,도봉구,11320,서울특별시,11,영등포구,11560,3,5,5,27,21,9,14,0,57,9,0
20230323,서울특별시,11,도봉구,11320,서울특별시,11,동작구,11590,4,7,3,19,22,6,14,0,48,14,0
20230323,서울특별시,11,도봉구,11320,서울특별시,11,관악구,11620,6,9,3,27,23,0,23,0,70,12,6
20230323,서울특별시,11,도봉구,11320,서울특별시,11,서초구,11650,0,7,4,15,24,6,21,3,59,21,4
20230323,서울특별시,11,도봉구,11320,서울특별시,11,강남구,11680,8,31,6,32,40,14,33,3,78,19,7
20230323,서울특별시,11,도봉구,11320,서울특별시,11,송파구,11710,13,20,0,28,36,10,21,4,93,22,11
20230323,서울특별시,11,도봉구,11320,서울특별시,11,강동구,11740,6,10,4,19,13,8,13,0,62,13,0
20230323,서울특별시,11,은평구,11380,서울특별시,11,종로구,11110,0,5,3,4,19,0,15,0,21,4,12
20230323,서울특별시,11,은평구,11380,서울특별시,11,중구,11140,0,16,7,4,15,4,13,0,27,9,13
20230323,서울특별시,11,은평구,11380,서울특별시,11,용산구,11170,6,0,4,8,27,3,22,0,15,0,11
20230323,서울특별시,11,은평구,11380,서울특별시,11,성동구,11200,0,27,18,3,21,5,26,0,54,27,24
20230323,서울특별시,11,은평구,11380,서울특별시,11,광진구,11215,0,10,4,0,30,6,34,0,18,4,30
20230323,서울특별시,11,은평구,11380,서울특별시,11,동대문구,11230,0,14,7,4,44,3,34,3,27,10,26
20230323,서울특별시,11,은평구,11380,서울특별시,11,중랑구,11260,0,8,0,3,40,7,45,0,24,16,27
20230323,서울특별시,11,은평구,11380,서울특별시,11,성북구,11290,0,11,5,5,47,7,37,3,44,12,36
20230323,서울특별시,11,은평구,11380,서울특별시,11,강북구,11305,0,6,0,0,29,0,27,0,19,5,17
20230323,서울특별시,11,은평구,11380,서울특별시,11,도봉구,11320,0,8,0,3,23,3,33,0,21,12,18
20230323,서울특별시,11,은평구,11380,서울특별시,11,노원구,11350,3,11,7,0,48,5,46,0,17,3,54
20230323,서울특별시,11,광진구,11215,서울특별시,11,종로구,11110,11,15,8,14,18,0,7,0,39,24,3
20230323,서울특별시,11,광진구,11215,서울특별시,11,중구,11140,0,15,13,13,20,3,9,0,78,21,0
20230323,서울특별시,11,광진구,11215,서울특별시,11,용산구,11170,0,14,11,28,25,0,8,0,44,32,7
20230323,서울특별시,11,광진구,11215,서울특별시,11,성동구,11200,0,33,17,30,22,6,11,4,129,86,0
20230323,서울특별시,11,은평구,11380,서울특별시,11,은평구,11380,4,12,13,4,57,7,51,5,28,11,48
20230323,서울특별시,11,은평구,11380,서울특별시,11,서대문구,11410,0,4,6,6,34,4,51,0,21,5,32
20230323,서울특별시,11,은평구,11380,서울특별시,11,마포구,11440,0,16,10,4,40,9,34,0,20,6,23
20230323,서울특별시,11,은평구,11380,서울특별시,11,양천구,11470,0,19,4,3,50,5,33,0,25,10,24
20230323,서울특별시,11,은평구,11380,서울특별시,11,강서구,11500,5,11,5,11,62,6,51,4,30,12,45
20230323,서울특별시,11,은평구,11380,서울특별시,11,구로구,11530,0,10,3,4,40,4,31,3,28,12,21
20230323,서울특별시,11,은평구,11380,서울특별시,11,금천구,11545,0,5,4,11,16,0,21,0,37,21,20
20230323,서울특별시,11,마포구,11440,서울특별시,11,종로구,11110,7,57,18,63,54,6,43,0,69,23,11
20230323,서울특별시,11,마포구,11440,서울특별시,11,중구,11140,9,48,22,48,42,4,41,5,95,36,10
20230323,서울특별시,11,마포구,11440,서울특별시,11,용산구,11170,10,68,34,83,41,4,45,9,85,21,23
20230323,서울특별시,11,마포구,11440,서울특별시,11,성동구,11200,7,78,33,80,42,4,59,6,189,66,27
20230323,서울특별시,11,마포구,11440,서울특별시,11,광진구,11215,5,42,10,106,41,8,59,4,94,42,27
20230323,서울특별시,11,마포구,11440,서울특별시,11,동대문구,11230,11,48,25,95,44,5,100,0,122,41,33
20230323,서울특별시,11,마포구,11440,서울특별시,11,중랑구,11260,5,54,13,94,44,5,56,0,87,30,34
20230323,서울특별시,11,마포구,11440,서울특별시,11,성북구,11290,7,70,26,103,58,5,64,5,152,38,32
20230323,서울특별시,11,마포구,11440,서울특별시,11,강북구,11305,8,39,9,61,33,5,48,3,67,25,12
20230323,서울특별시,11,마포구,11440,서울특별시,11,도봉구,11320,4,41,18,55,25,9,51,0,57,21,19
20230323,서울특별시,11,마포구,11440,서울특별시,11,노원구,11350,7,55,22,93,53,4,89,5,106,30,29
20230323,서울특별시,11,마포구,11440,서울특별시,11,은평구,11380,9,80,23,103,64,11,96,9,108,45,44
20230323,서울특별시,11,서초구,11650,서울특별시,11,종로구,11110,7,26,13,14,42,7,33,3,40,5,5
20230323,서울특별시,11,서초구,11650,서울특별시,11,중구,11140,6,40,19,13,38,5,49,3,63,17,5
20230323,서울특별시,11,서초구,11650,서울특별시,11,용산구,11170,5,46,12,26,49,5,74,7,54,18,17
20230323,서울특별시,11,서초구,11650,서울특별시,11,성동구,11200,3,56,22,18,43,9,34,8,78,47,19
20230323,서울특별시,11,서초구,11650,서울특별시,11,광진구,11215,12,43,22,16,51,5,27,4,54,12,13
20230323,서울특별시,11,서초구,11650,서울특별시,11,동대문구,11230,4,40,11,12,58,6,53,4,50,16,25
20230323,서울특별시,11,서초구,11650,서울특별시,11,중랑구,11260,6,24,20,17,49,8,41,9,42,9,20
20230323,서울특별시,11,서초구,11650,서울특별시,11,성북구,11290,5,46,24,18,70,9,42,8,57,22,17
20230323,서울특별시,11,서초구,11650,서울특별시,11,강북구,11305,10,22,8,6,33,4,33,3,24,11,10
20230323,서울특별시,11,서초구,11650,서울특별시,11,도봉구,11320,3,26,8,9,29,3,36,3,18,13,13
20230323,서울특별시,11,서초구,11650,서울특별시,11,노원구,11350,5,47,18,14,84,11,51,14,48,12,19
20230323,서울특별시,11,서초구,11650,서울특별시,11,은평구,11380,11,41,29,8,53,5,49,11,31,9,24
20230323,서울특별시,11,서초구,11650,서울특별시,11,서대문구,11410,5,39,19,16,46,3,34,5,35,19,11
20230323,서울특별시,11,서초구,11650,서울특별시,11,마포구,11440,8,61,30,30,85,12,57,8,44,27,34
20230323,서울특별시,11,서초구,11650,서울특별시,11,양천구,11470,6,41,19,13,66,10,52,6,37,16,27
20230323,서울특별시,11,서초구,11650,서울특별시,11,강서구,11500,14,51,20,30,81,14,68,9,48,25,29
20230323,서울특별시,11,서초구,11650,서울특별시,11,구로구,11530,4,36,21,14,67,5,53,8,45,14,11
20230323,서울특별시,11,서초구,11650,서울특별시,11,금천구,11545,6,36,19,7,51,5,25,0,65,12,15
20230323,서울특별시,11,서초구,11650,서울특별시,11,영등포구,11560,8,55,23,23,65,5,77,16,45,18,31
20230323,서울특별시,11,서초구,11650,서울특별시,11,동작구,11590,9,30,29,16,57,4,62,14,46,16,27
20230323,서울특별시,11,서초구,11650,서울특별시,11,관악구,11620,12,34,24,32,68,12,61,16,56,25,30
20230323,서울특별시,11,서초구,11650,서울특별시,11,서초구,11650,16,124,76,39,130,12,362,21,115,30,35
20230323,서울특별시,11,서초구,11650,서울특별시,11,강남구,11680,28,153,72,47,118,27,187,14,149,52,43
20230323,서울특별시,11,서초구,11650,서울특별시,11,송파구,11710,10,71,43,37,115,24,103,15,108,35,32
20230323,서울특별시,11,서초구,11650,서울특별시,11,강동구,11740,11,58,14,19,69,10,68,9,45,24,30
20230323,서울특별시,11,마포구,11440,서울특별시,11,서대문구,11410,5,50,30,93,46,5,53,6,91,24,25
20230323,서울특별시,11,마포구,11440,서울특별시,11,마포구,11440,11,99,37,132,79,8,124,3,184,46,46
20230323,서울특별시,11,마포구,11440,서울특별시,11,양천구,11470,9,74,28,88,49,5,62,6,88,33,37
20230323,서울특별시,11,마포구,11440,서울특별시,11,강서구,11500,17,85,41,148,75,11,115,9,149,48,46
20230323,서울특별시,11,마포구,11440,서울특별시,11,구로구,11530,12,62,15,75,43,0,66,4,101,21,37
20230323,서울특별시,11,마포구,11440,서울특별시,11,금천구,11545,6,28,18,75,40,0,51,3,77,44,20
20230323,서울특별시,11,마포구,11440,서울특별시,11,영등포구,11560,6,84,38,120,40,8,62,11,111,42,35
20230323,서울특별시,11,마포구,11440,서울특별시,11,동작구,11590,11,61,24,105,53,12,74,4,105,32,31
20230323,서울특별시,11,마포구,11440,서울특별시,11,관악구,11620,8,74,25,149,62,13,82,6,163,38,43
20230323,서울특별시,11,마포구,11440,서울특별시,11,서초구,11650,12,73,38,127,72,5,93,8,85,40,40
20230323,서울특별시,11,마포구,11440,서울특별시,11,강남구,11680,23,147,70,179,98,14,116,19,173,76,71
20230323,서울특별시,11,마포구,11440,서울특별시,11,송파구,11710,6,79,32,174,112,15,111,13,165,64,59
20230323,서울특별시,11,마포구,11440,서울특별시,11,강동구,11740,13,59,17,124,50,7,80,4,85,38,42
20230323,서울특별시,11,광진구,11215,서울특별시,11,광진구,11215,9,27,12,24,27,3,25,6,85,35,4
20230323,서울특별시,11,광진구,11215,서울특별시,11,동대문구,11230,8,19,6,27,24,6,0,5,90,45,6
20230323,서울특별시,11,광진구,11215,서울특별시,11,중랑구,11260,7,25,5,14,29,0,10,9,64,31,6
20230323,서울특별시,11,광진구,11215,서울특별시,11,성북구,11290,7,23,6,15,37,5,9,3,101,42,7
20230323,서울특별시,11,광진구,11215,서울특별시,11,강북구,11305,0,10,4,17,29,0,6,4,59,25,5
20230323,서울특별시,11,광진구,11215,서울특별시,11,도봉구,11320,5,7,0,12,29,5,6,0,60,37,4
20230323,서울특별시,11,광진구,11215,서울특별시,11,노원구,11350,0,24,10,26,29,6,10,3,104,52,6
20230323,서울특별시,11,광진구,11215,서울특별시,11,은평구,11380,6,13,8,27,38,5,10,3,80,43,7
20230323,서울특별시,11,광진구,11215,서울특별시,11,서대문구,11410,5,9,5,15,27,4,6,0,68,34,3
20230323,서울특별시,11,광진구,11215,서울특별시,11,마포구,11440,5,32,12,24,38,6,7,13,72,49,5
20230323,서울특별시,11,광진구,11215,서울특별시,11,양천구,11470,4,22,5,19,23,4,16,4,92,39,0
20230323,서울특별시,11,광진구,11215,서울특별시,11,강서구,11500,16,39,14,28,52,7,20,7,123,63,10
20230323,서울특별시,11,광진구,11215,서울특별시,11,구로구,11530,6,23,8,30,30,0,6,6,75,51,4
20230323,서울특별시,11,노원구,11350,서울특별시,11,강동구,11740,0,18,5,12,31,5,33,4,36,11,14
20230323,서울특별시,11,노원구,11350,서울특별시,11,송파구,11710,9,23,9,27,40,5,47,4,50,14,26
20230323,서울특별시,11,노원구,11350,서울특별시,11,강남구,11680,4,34,9,26,51,5,30,11,51,23,19
20230323,서울특별시,11,노원구,11350,서울특별시,11,서초구,11650,3,12,5,19,38,9,21,8,28,11,18
20230323,서울특별시,11,노원구,11350,서울특별시,11,관악구,11620,5,9,11,20,37,9,19,5,34,13,16
20230323,서울특별시,11,노원구,11350,서울특별시,11,동작구,11590,9,6,4,6,24,3,8,0,33,9,12
20230323,서울특별시,11,노원구,11350,서울특별시,11,영등포구,11560,5,23,11,20,34,3,28,3,30,5,11
20230323,서울특별시,11,노원구,11350,서울특별시,11,금천구,11545,5,42,0,20,25,5,9,5,49,10,9
20230323,서울특별시,11,노원구,11350,서울특별시,11,구로구,11530,5,9,9,12,33,0,17,3,37,20,12
20230323,서울특별시,11,노원구,11350,서울특별시,11,강서구,11500,7,12,7,20,46,0,27,5,53,23,16
20230323,서울특별시,11,노원구,11350,서울특별시,11,양천구,11470,0,16,4,11,12,4,20,5,33,12,13
20230323,서울특별시,11,노원구,11350,서울특별시,11,마포구,11440,0,14,6,15,26,4,16,4,32,14,18
20230323,서울특별시,11,노원구,11350,서울특별시,11,서대문구,11410,0,5,6,13,20,3,14,0,25,7,6
20230323,서울특별시,11,노원구,11350,서울특별시,11,은평구,11380,0,19,4,9,27,5,26,7,41,7,14
20230323,서울특별시,11,노원구,11350,서울특별시,11,노원구,11350,4,35,10,20,32,4,43,10,51,29,19
20230323,서울특별시,11,노원구,11350,서울특별시,11,도봉구,11320,3,7,8,17,18,0,16,3,26,7,12
20230323,서울특별시,11,노원구,11350,서울특별시,11,강북구,11305,0,10,8,4,18,3,22,0,24,5,11
20230323,서울특별시,11,노원구,11350,서울특별시,11,성북구,11290,0,20,10,7,38,5,30,5,59,12,11
20230323,서울특별시,11,노원구,11350,서울특별시,11,중랑구,11260,3,10,4,15,20,4,17,7,34,17,11
20230323,서울특별시,11,노원구,11350,서울특별시,11,동대문구,11230,5,9,0,8,30,0,30,3,31,10,8
20230323,서울특별시,11,노원구,11350,서울특별시,11,광진구,11215,3,9,0,11,15,4,25,3,32,12,6
20230323,서울특별시,11,노원구,11350,서울특별시,11,성동구,11200,5,21,15,16,22,6,17,9,59,31,11
20230323,서울특별시,11,노원구,11350,서울특별시,11,용산구,11170,0,8,0,16,10,0,12,0,26,11,4
20230323,서울특별시,11,노원구,11350,서울특별시,11,중구,11140,0,15,3,6,10,3,10,3,35,13,10
20230323,서울특별시,11,노원구,11350,서울특별시,11,종로구,11110,0,7,7,9,19,0,11,11,25,5,5
20230323,서울특별시,11,광진구,11215,서울특별시,11,금천구,11545,0,16,9,23,16,4,3,0,70,39,5
20230323,서울특별시,11,광진구,11215,서울특별시,11,영등포구,11560,10,29,15,33,47,6,13,4,74,44,5
20230323,서울특별시,11,광진구,11215,서울특별시,11,동작구,11590,11,24,6,19,26,8,12,0,89,40,0
20230323,서울특별시,11,광진구,11215,서울특별시,11,관악구,11620,12,26,15,33,33,0,15,7,128,48,7
20230323,서울특별시,11,광진구,11215,서울특별시,11,서초구,11650,7,27,15,20,42,8,14,5,80,38,12
20230323,서울특별시,11,광진구,11215,서울특별시,11,강남구,11680,11,53,11,39,102,7,21,11,132,67,10
20230323,서울특별시,11,광진구,11215,서울특별시,11,송파구,11710,7,34,15,45,49,7,13,10,130,60,12
20230323,서울특별시,11,광진구,11215,서울특별시,11,강동구,11740,3,34,11,24,27,5,10,3,89,57,6
20230323,서울특별시,11,용산구,11170,서울특별시,11,종로구,11110,0,22,23,160,14,6,11,0,32,9,0
20230323,서울특별시,11,용산구,11170,서울특별시,11,중구,11140,7,40,10,142,22,0,10,4,72,13,8
20230323,서울특별시,11,용산구,11170,서울특별시,11,용산구,11170,10,68,9,221,14,0,22,0,74,11,4
20230323,서울특별시,11,용산구,11170,서울특별시,11,성동구,11200,5,46,12,172,25,3,17,6,81,33,8
20230323,서울특별시,11,용산구,11170,서울특별시,11,광진구,11215,8,38,3,177,28,7,15,0,45,11,8
20230323,서울특별시,11,용산구,11170,서울특별시,11,동대문구,11230,8,30,7,132,20,4,7,4,49,14,6
20230323,서울특별시,11,용산구,11170,서울특별시,11,중랑구,11260,5,23,6,140,18,0,12,0,31,13,5
20230323,서울특별시,11,용산구,11170,서울특별시,11,성북구,11290,7,39,7,165,22,3,10,5,80,14,11
20230323,서울특별시,11,용산구,11170,서울특별시,11,강북구,11305,11,27,7,103,10,3,5,0,23,4,4
20230323,서울특별시,11,용산구,11170,서울특별시,11,도봉구,11320,5,17,4,109,8,0,9,0,25,4,5
20230323,서울특별시,11,용산구,11170,서울특별시,11,노원구,11350,12,34,9,163,27,3,23,3,44,11,7
20230323,서울특별시,11,용산구,11170,서울특별시,11,은평구,11380,15,35,10,170,18,3,9,3,44,7,6
20230323,서울특별시,11,용산구,11170,서울특별시,11,서대문구,11410,5,21,12,128,15,7,12,4,33,10,3
20230323,서울특별시,11,용산구,11170,서울특별시,11,마포구,11440,11,47,20,248,34,3,11,0,78,12,3
20230323,서울특별시,11,용산구,11170,서울특별시,11,양천구,11470,8,30,8,150,31,3,14,0,42,11,6
20230323,서울특별시,11,용산구,11170,서울특별시,11,강서구,11500,7,74,12,264,23,6,22,7,98,25,4
20230323,서울특별시,11,용산구,11170,서울특별시,11,구로구,11530,9,31,5,242,27,4,9,4,60,9,8
20230323,서울특별시,11,용산구,11170,서울특별시,11,금천구,11545,5,36,7,244,14,0,7,0,40,13,7
20230323,서울특별시,11,용산구,11170,서울특별시,11,영등포구,11560,6,50,13,285,16,3,11,4,56,19,6
20230323,서울특별시,11,용산구,11170,서울특별시,11,동작구,11590,8,38,17,154,19,0,17,0,48,14,5
20230323,서울특별시,11,용산구,11170,서울특별시,11,관악구,11620,8,29,6,234,27,0,16,0,73,11,6
20230323,서울특별시,11,용산구,11170,서울특별시,11,서초구,11650,6,56,20,318,33,0,19,0,77,20,6
20230323,서울특별시,11,용산구,11170,서울특별시,11,강남구,11680,5,71,26,528,57,6,24,7,96,33,12
20230323,서울특별시,11,용산구,11170,서울특별시,11,송파구,11710,5,63,12,319,37,4,29,7,115,24,17
20230323,서울특별시,11,용산구,11170,서울특별시,11,강동구,11740,5,29,5,164,10,0,14,7,59,11,11
20230323,서울특별시,11,양천구,11470,서울특별시,11,강동구,11740,0,24,7,16,28,0,9,0,46,31,5
20230323,서울특별시,11,양천구,11470,서울특별시,11,송파구,11710,4,27,10,24,44,10,18,0,43,32,8
20230323,서울특별시,11,양천구,11470,서울특별시,11,강남구,11680,3,41,20,13,44,7,22,0,54,24,13
20230323,서울특별시,11,양천구,11470,서울특별시,11,서초구,11650,4,25,12,24,32,4,20,0,35,23,7
20230323,서울특별시,11,양천구,11470,서울특별시,11,동작구,11590,0,17,5,21,25,7,10,0,27,14,6
20230323,서울특별시,11,양천구,11470,서울특별시,11,영등포구,11560,6,32,9,25,21,5,20,0,41,31,14
20230323,서울특별시,11,양천구,11470,서울특별시,11,금천구,11545,0,19,3,18,15,10,12,3,56,35,9
20230323,서울특별시,11,양천구,11470,서울특별시,11,구로구,11530,0,7,8,16,22,4,18,0,45,17,8
20230323,서울특별시,11,양천구,11470,서울특별시,11,강서구,11500,0,17,13,18,45,9,39,0,82,27,23
20230323,서울특별시,11,양천구,11470,서울특별시,11,양천구,11470,0,21,23,9,25,3,44,0,46,19,11
20230323,서울특별시,11,양천구,11470,서울특별시,11,마포구,11440,3,16,18,21,35,4,18,3,30,36,10
20230323,서울특별시,11,양천구,11470,서울특별시,11,서대문구,11410,0,16,3,10,17,3,8,0,25,35,10
20230323,서울특별시,11,양천구,11470,서울특별시,11,은평구,11380,0,8,5,18,14,6,13,0,36,15,14
20230323,서울특별시,11,양천구,11470,서울특별시,11,노원구,11350,0,9,10,22,25,0,16,3,39,20,12
20230323,서울특별시,11,양천구,11470,서울특별시,11,도봉구,11320,0,10,5,12,14,0,9,0,19,8,8
20230323,서울특별시,11,양천구,11470,서울특별시,11,강북구,11305,0,3,0,7,18,5,5,0,21,9,9
20230323,서울특별시,11,양천구,11470,서울특별시,11,성북구,11290,0,34,6,18,25,4,23,3,45,25,14
20230323,서울특별시,11,양천구,11470,서울특별시,11,중랑구,11260,0,11,4,16,14,0,9,0,41,12,9
20230323,서울특별시,11,양천구,11470,서울특별시,11,동대문구,11230,3,8,6,10,12,15,5,0,34,41,7
20230323,서울특별시,11,양천구,11470,서울특별시,11,광진구,11215,0,16,3,17,23,4,15,0,29,15,10
20230323,서울특별시,11,양천구,11470,서울특별시,11,성동구,11200,0,34,19,21,18,19,9,0,73,79,11
20230323,서울특별시,11,양천구,11470,서울특별시,11,용산구,11170,0,16,5,30,16,0,6,0,33,13,9
20230323,서울특별시,11,양천구,11470,서울특별시,11,중구,11140,0,15,0,15,19,8,6,0,28,51,0
20230323,서울특별시,11,양천구,11470,서울특별시,11,종로구,11110,0,9,0,12,12,4,7,0,26,9,4
20230323,서울특별시,11,동작구,11590,서울특별시,11,용산구,11170,4,5,8,15,13,3,22,0,32,6,12
20230323,서울특별시,11,동작구,11590,서울특별시,11,중구,11140,4,8,8,14,11,4,17,0,40,6,5
20230323,서울특별시,11,동작구,11590,서울특별시,11,종로구,11110,3,7,17,9,15,0,18,0,24,8,6
20230323,서울특별시,11,서대문구,11410,서울특별시,11,강동구,11740,4,21,10,9,35,3,5,0,74,26,11
20230323,서울특별시,11,서대문구,11410,서울특별시,11,송파구,11710,3,31,16,19,38,9,13,8,76,41,11
20230323,서울특별시,11,서대문구,11410,서울특별시,11,강남구,11680,11,43,27,16,42,14,10,3,81,32,17
20230323,서울특별시,11,서대문구,11410,서울특별시,11,서초구,11650,6,23,12,9,25,8,8,3,43,31,16
20230323,서울특별시,11,서대문구,11410,서울특별시,11,관악구,11620,11,26,8,12,32,12,8,0,74,28,61
20230323,서울특별시,11,서대문구,11410,서울특별시,11,동작구,11590,7,18,3,6,23,6,7,10,53,15,7
20230323,서울특별시,11,서대문구,11410,서울특별시,11,영등포구,11560,7,26,14,11,49,9,10,6,58,24,8
20230323,서울특별시,11,서대문구,11410,서울특별시,11,금천구,11545,9,17,9,7,21,0,4,3,53,24,7
20230323,서울특별시,11,서대문구,11410,서울특별시,11,구로구,11530,8,19,17,5,27,0,6,12,58,17,7
20230323,서울특별시,11,서대문구,11410,서울특별시,11,강서구,11500,10,43,14,17,54,5,14,10,80,31,16
20230323,서울특별시,11,서대문구,11410,서울특별시,11,양천구,11470,7,22,6,11,19,5,4,7,62,23,6
20230323,서울특별시,11,서대문구,11410,서울특별시,11,마포구,11440,3,35,21,12,35,6,7,6,89,26,8
20230323,서울특별시,11,서대문구,11410,서울특별시,11,서대문구,11410,6,23,20,10,20,4,21,5,57,16,57
20230323,서울특별시,11,서대문구,11410,서울특별시,11,은평구,11380,8,20,5,9,31,7,7,8,47,23,41
20230323,서울특별시,11,서대문구,11410,서울특별시,11,노원구,11350,4,25,5,7,31,8,10,3,53,24,7
20230323,서울특별시,11,서대문구,11410,서울특별시,11,도봉구,11320,3,13,3,5,14,0,5,5,35,22,3
20230323,서울특별시,11,서대문구,11410,서울특별시,11,강북구,11305,0,7,4,8,13,6,10,3,29,16,6
20230323,서울특별시,11,서대문구,11410,서울특별시,11,성북구,11290,6,28,9,10,25,4,10,4,101,31,10
20230323,서울특별시,11,서대문구,11410,서울특별시,11,중랑구,11260,3,20,5,8,23,8,8,0,52,24,3
20230323,서울특별시,11,서대문구,11410,서울특별시,11,동대문구,11230,5,12,6,9,17,4,0,4,57,22,22
20230323,서울특별시,11,서대문구,11410,서울특별시,11,광진구,11215,3,9,8,10,32,4,6,0,47,28,17
20230323,서울특별시,11,서대문구,11410,서울특별시,11,성동구,11200,6,17,17,8,17,0,6,4,78,30,13
20230323,서울특별시,11,서대문구,11410,서울특별시,11,용산구,11170,5,16,7,13,18,6,5,0,32,13,4
20230323,서울특별시,11,서대문구,11410,서울특별시,11,중구,11140,4,33,14,11,19,0,4,3,51,19,3
20230323,서울특별시,11,서대문구,11410,서울특별시,11,종로구,11110,4,16,12,6,13,3,5,0,42,15,5
20230323,서울특별시,11,강서구,11500,서울특별시,11,강동구,11740,10,46,24,42,55,7,104,17,106,63,90
20230323,서울특별시,11,강서구,11500,서울특별시,11,송파구,11710,25,92,41,88,109,19,178,21,127,79,131
20230323,서울특별시,11,강서구,11500,서울특별시,11,강남구,11680,28,136,46,80,205,16,214,23,152,70,146
20230323,서울특별시,11,강서구,11500,서울특별시,11,서초구,11650,20,73,34,47,91,18,140,14,102,40,100
20230323,서울특별시,11,강서구,11500,서울특별시,11,관악구,11620,18,62,28,61,70,9,103,5,125,57,78
20230323,서울특별시,11,강서구,11500,서울특별시,11,동작구,11590,10,43,19,37,54,16,78,6,87,75,62
20230323,서울특별시,11,강서구,11500,서울특별시,11,영등포구,11560,16,82,26,49,70,7,78,23,79,48,79
20230323,서울특별시,11,관악구,11620,서울특별시,11,종로구,11110,0,8,20,3,14,0,9,0,20,8,0
20230323,서울특별시,11,관악구,11620,서울특별시,11,중구,11140,15,27,14,6,8,0,8,0,47,11,4
20230323,서울특별시,11,관악구,11620,서울특별시,11,용산구,11170,0,5,10,11,10,4,17,0,32,13,5
20230323,서울특별시,11,관악구,11620,서울특별시,11,성동구,11200,4,29,24,8,29,0,22,3,74,37,0
20230323,서울특별시,11,관악구,11620,서울특별시,11,광진구,11215,0,8,17,6,20,0,7,0,29,14,7
20230323,서울특별시,11,관악구,11620,서울특별시,11,동대문구,11230,0,10,32,5,22,0,16,0,37,22,6
20230323,서울특별시,11,관악구,11620,서울특별시,11,중랑구,11260,0,14,11,10,14,0,13,6,36,18,5
20230323,서울특별시,11,관악구,11620,서울특별시,11,성북구,11290,5,22,9,9,15,0,20,0,49,19,5
20230323,서울특별시,11,관악구,11620,서울특별시,11,강북구,11305,0,8,6,5,9,0,16,0,21,6,3
20230323,서울특별시,11,관악구,11620,서울특별시,11,도봉구,11320,3,4,4,4,17,0,9,0,28,11,6
20230323,서울특별시,11,관악구,11620,서울특별시,11,노원구,11350,0,13,13,8,23,0,16,0,35,16,7
20230323,서울특별시,11,관악구,11620,서울특별시,11,은평구,11380,0,11,16,4,15,0,21,5,24,24,6
20230323,서울특별시,11,관악구,11620,서울특별시,11,서대문구,11410,0,9,23,6,17,0,22,0,28,18,7
20230323,서울특별시,11,관악구,11620,서울특별시,11,마포구,11440,3,14,24,14,23,3,22,3,40,10,7
20230323,서울특별시,11,관악구,11620,서울특별시,11,양천구,11470,0,15,14,10,20,0,17,5,30,18,7
20230323,서울특별시,11,관악구,11620,서울특별시,11,강서구,11500,6,18,23,16,27,0,29,4,49,23,18
20230323,서울특별시,11,관악구,11620,서울특별시,11,구로구,11530,0,9,16,9,20,0,14,7,41,17,4
20230323,서울특별시,11,관악구,11620,서울특별시,11,금천구,11545,4,9,6,6,17,0,18,0,42,23,62
20230323,서울특별시,11,관악구,11620,서울특별시,11,영등포구,11560,3,23,26,5,27,0,17,0,34,13,7
20230323,서울특별시,11,관악구,11620,서울특별시,11,동작구,11590,3,9,24,10,22,0,29,4,28,23,91
20230323,서울특별시,11,관악구,11620,서울특별시,11,관악구,11620,3,24,50,13,43,3,51,6,53,20,185
20230323,서울특별시,11,관악구,11620,서울특별시,11,서초구,11650,5,15,38,9,20,3,22,5,22,20,3
20230323,서울특별시,11,관악구,11620,서울특별시,11,강남구,11680,6,36,47,14,28,3,45,0,48,31,20
20230323,서울특별시,11,관악구,11620,서울특별시,11,송파구,11710,5,20,26,6,33,3,26,6,38,32,14
20230323,서울특별시,11,관악구,11620,서울특별시,11,강동구,11740,0,11,13,3,19,3,17,3,22,29,0
20230323,서울특별시,11,중랑구,11260,서울특별시,11,강동구,11740,8,36,4,10,33,14,19,4,78,44,9
20230323,서울특별시,11,중랑구,11260,서울특별시,11,송파구,11710,10,55,11,20,75,9,69,8,113,54,27
20230323,서울특별시,11,중랑구,11260,서울특별시,11,강남구,11680,10,48,10,30,50,15,40,6,108,46,42
20230323,서울특별시,11,중랑구,11260,서울특별시,11,서초구,11650,8,41,8,16,42,10,30,5,61,49,22
20230323,서울특별시,11,중랑구,11260,서울특별시,11,관악구,11620,10,38,7,12,39,19,27,5,103,43,24
20230323,서울특별시,11,중랑구,11260,서울특별시,11,동작구,11590,9,36,4,13,23,6,34,0,71,33,15
20230323,서울특별시,11,중랑구,11260,서울특별시,11,영등포구,11560,8,36,5,12,43,4,34,5,63,31,27
20230323,서울특별시,11,중랑구,11260,서울특별시,11,금천구,11545,5,28,5,9,20,6,11,3,57,26,16
20230323,서울특별시,11,중랑구,11260,서울특별시,11,구로구,11530,9,28,0,14,37,5,32,11,75,34,11
20230323,서울특별시,11,영등포구,11560,서울특별시,11,종로구,11110,5,64,16,15,34,0,23,42,28,24,16
20230323,서울특별시,11,영등포구,11560,서울특별시,11,중구,11140,0,74,152,14,77,0,24,12,51,29,17
20230323,서울특별시,11,영등포구,11560,서울특별시,11,용산구,11170,3,40,20,32,40,3,34,0,37,9,17
20230323,서울특별시,11,영등포구,11560,서울특별시,11,성동구,11200,5,76,64,22,43,3,26,7,96,85,21
20230323,서울특별시,11,영등포구,11560,서울특별시,11,광진구,11215,11,61,15,16,72,0,31,3,50,45,17
20230323,서울특별시,11,영등포구,11560,서울특별시,11,동대문구,11230,0,50,19,12,58,0,17,5,42,42,24
20230323,서울특별시,11,영등포구,11560,서울특별시,11,중랑구,11260,0,49,15,10,47,0,11,0,42,23,44
20230323,서울특별시,11,영등포구,11560,서울특별시,11,성북구,11290,0,43,16,21,59,0,18,5,72,26,18
20230323,서울특별시,11,영등포구,11560,서울특별시,11,강북구,11305,0,53,8,5,20,0,12,0,34,12,17
20230323,서울특별시,11,영등포구,11560,서울특별시,11,도봉구,11320,0,32,11,13,33,0,10,0,27,11,11
20230323,서울특별시,11,영등포구,11560,서울특별시,11,노원구,11350,0,73,15,14,44,3,18,7,32,26,26
20230323,서울특별시,11,영등포구,11560,서울특별시,11,은평구,11380,6,54,17,11,52,5,17,4,34,11,6
20230323,서울특별시,11,영등포구,11560,서울특별시,11,서대문구,11410,0,52,19,18,64,3,18,3,43,13,5
20230323,서울특별시,11,영등포구,11560,서울특별시,11,마포구,11440,10,60,20,33,89,4,23,0,57,32,24
20230323,서울특별시,11,영등포구,11560,서울특별시,11,양천구,11470,5,50,24,22,65,0,12,0,41,21,17
20230323,서울특별시,11,영등포구,11560,서울특별시,11,강서구,11500,4,100,40,37,67,7,22,4,59,24,26
20230323,서울특별시,11,영등포구,11560,서울특별시,11,구로구,11530,4,68,31,18,82,3,28,0,47,32,28
20230323,서울특별시,11,영등포구,11560,서울특별시,11,금천구,11545,6,53,15,29,52,0,19,0,36,26,20
20230323,서울특별시,11,영등포구,11560,서울특별시,11,영등포구,11560,6,110,49,38,90,3,58,0,60,31,46
20230323,서울특별시,11,영등포구,11560,서울특별시,11,동작구,11590,6,75,24,16,55,3,25,0,34,30,22
20230323,서울특별시,11,영등포구,11560,서울특별시,11,관악구,11620,4,87,23,17,98,0,36,9,52,45,38
20230323,서울특별시,11,영등포구,11560,서울특별시,11,서초구,11650,6,87,30,22,60,0,36,4,56,26,15
20230323,서울특별시,11,영등포구,11560,서울특별시,11,강남구,11680,9,144,53,35,105,5,53,4,87,50,38
20230323,서울특별시,11,영등포구,11560,서울특별시,11,송파구,11710,9,80,25,31,113,12,34,9,75,45,32
20230323,서울특별시,11,영등포구,11560,서울특별시,11,강동구,11740,8,79,16,19,55,0,34,0,37,37,36
20230323,서울특별시,11,강북구,11305,서울특별시,11,강동구,11740,0,8,6,6,3,0,6,3,60,12,5
20230323,서울특별시,11,강북구,11305,서울특별시,11,송파구,11710,3,23,7,7,20,0,11,4,88,14,4
20230323,서울특별시,11,강북구,11305,서울특별시,11,강남구,11680,5,31,11,13,19,4,17,4,57,8,15
20230323,서울특별시,11,강북구,11305,서울특별시,11,서초구,11650,0,14,4,3,12,0,5,0,43,8,11
20230323,서울특별시,11,강북구,11305,서울특별시,11,관악구,11620,5,23,5,6,15,0,7,0,78,9,0
20230323,서울특별시,11,강남구,11680,서울특별시,11,강동구,11740,9,123,21,25,64,16,72,8,245,83,45
20230323,서울특별시,11,강남구,11680,서울특별시,11,송파구,11710,10,199,61,61,132,29,114,15,361,115,252
20230323,서울특별시,11,강남구,11680,서울특별시,11,강남구,11680,27,317,143,78,185,23,219,15,488,165,283
20230323,서울특별시,11,강남구,11680,서울특별시,11,서초구,11650,12,173,70,46,98,20,93,10,271,105,184
20230323,서울특별시,11,강남구,11680,서울특별시,11,관악구,11620,6,117,37,20,49,10,72,6,280,73,69
20230323,서울특별시,11,강남구,11680,서울특별시,11,동작구,11590,6,95,25,29,48,6,50,6,226,58,42
20230323,서울특별시,11,강남구,11680,서울특별시,11,영등포구,11560,16,131,53,35,58,13,78,6,225,64,52
20230323,서울특별시,11,강남구,11680,서울특별시,11,금천구,11545,3,82,16,29,35,11,26,4,189,45,26
20230323,서울특별시,11,강서구,11500,서울특별시,11,금천구,11545,4,62,13,38,35,9,44,7,80,41,31
20230323,서울특별시,11,강서구,11500,서울특별시,11,구로구,11530,10,53,35,49,73,14,98,15,78,41,69
20230323,서울특별시,11,강서구,11500,서울특별시,11,강서구,11500,19,100,52,77,112,16,149,28,158,70,107
20230323,서울특별시,11,강서구,11500,서울특별시,11,양천구,11470,7,42,44,46,51,8,91,13,97,43,82
20230323,서울특별시,11,강서구,11500,서울특별시,11,마포구,11440,19,56,35,68,100,14,116,10,100,54,81
20230323,서울특별시,11,강서구,11500,서울특별시,11,서대문구,11410,7,41,19,42,53,9,79,7,76,41,53
20230323,서울특별시,11,강서구,11500,서울특별시,11,은평구,11380,9,46,24,41,61,11,90,8,85,45,75
20230324,서울특별시,11,강남구,11680,서울특별시,11,도봉구,11320,9,34,11,7,40,7,50,13,150,38,20
20230324,서울특별시,11,양천구,11470,서울특별시,11,마포구,11440,0,16,8,19,29,14,17,0,28,36,7
20230324,서울특별시,11,양천구,11470,서울특별시,11,서대문구,11410,0,8,4,14,16,5,6,0,18,33,3
20230324,서울특별시,11,양천구,11470,서울특별시,11,은평구,11380,3,11,8,12,22,0,15,0,23,24,9
20230324,서울특별시,11,종로구,11110,서울특별시,11,중랑구,11260,4,22,0,7,19,4,6,6,106,29,6
20230324,서울특별시,11,종로구,11110,서울특별시,11,성북구,11290,6,27,10,9,24,4,13,7,120,30,10
20230324,서울특별시,11,강동구,11740,서울특별시,11,금천구,11545,7,34,8,9,29,3,19,0,40,16,0
20230324,서울특별시,11,강동구,11740,서울특별시,11,구로구,11530,9,31,0,15,41,0,26,5,24,18,0
20230324,서울특별시,11,강동구,11740,서울특별시,11,강서구,11500,8,76,8,21,65,4,49,5,38,14,14
20230324,서울특별시,11,강동구,11740,서울특별시,11,양천구,11470,10,21,5,5,26,5,31,3,15,24,4
20230324,서울특별시,11,강동구,11740,서울특별시,11,마포구,11440,8,30,5,13,35,7,52,6,21,16,9
20230324,서울특별시,11,강남구,11680,서울특별시,11,노원구,11350,13,76,14,21,56,12,55,22,201,55,40
20230324,서울특별시,11,노원구,11350,서울특별시,11,종로구,11110,0,5,0,6,31,3,17,0,17,9,0
20230324,서울특별시,11,노원구,11350,서울특별시,11,중구,11140,0,9,6,4,13,0,10,3,24,10,5
20230324,서울특별시,11,노원구,11350,서울특별시,11,용산구,11170,4,14,4,14,23,0,9,4,34,7,3
20230324,서울특별시,11,영등포구,11560,서울특별시,11,광진구,11215,4,47,11,19,32,3,25,0,32,21,22
20230324,서울특별시,11,영등포구,11560,서울특별시,11,동대문구,11230,4,52,13,9,26,5,18,0,51,31,32
20230324,서울특별시,11,영등포구,11560,서울특별시,11,중랑구,11260,7,46,7,12,37,0,21,0,32,38,43
20230324,서울특별시,11,영등포구,11560,서울특별시,11,성북구,11290,6,40,12,17,29,3,21,0,72,30,23
20230324,서울특별시,11,영등포구,11560,서울특별시,11,강북구,11305,3,31,5,10,15,0,11,0,34,18,15
20230324,서울특별시,11,영등포구,11560,서울특별시,11,도봉구,11320,0,21,5,8,13,0,6,0,25,10,23
20230324,서울특별시,11,영등포구,11560,서울특별시,11,노원구,11350,3,48,19,20,37,4,17,0,38,23,17
20230324,서울특별시,11,영등포구,11560,서울특별시,11,은평구,11380,6,51,16,15,38,0,17,0,30,22,27
20230324,서울특별시,11,영등포구,11560,서울특별시,11,서대문구,11410,7,45,8,13,24,4,11,0,34,23,20
20230324,서울특별시,11,영등포구,11560,서울특별시,11,마포구,11440,8,49,19,22,46,4,37,0,57,30,18
20230324,서울특별시,11,영등포구,11560,서울특별시,11,양천구,11470,7,51,14,13,29,0,15,0,39,24,32
20230324,서울특별시,11,영등포구,11560,서울특별시,11,강서구,11500,10,79,23,21,30,4,29,3,56,32,45
20230324,서울특별시,11,영등포구,11560,서울특별시,11,구로구,11530,4,52,12,15,30,0,14,0,43,23,29
20230324,서울특별시,11,영등포구,11560,서울특별시,11,금천구,11545,7,46,8,16,32,3,9,0,34,20,21
20230324,서울특별시,11,영등포구,11560,서울특별시,11,영등포구,11560,12,99,49,29,34,4,45,6,53,37,27
20230324,서울특별시,11,영등포구,11560,서울특별시,11,동작구,11590,4,42,19,13,25,3,15,0,34,26,22
20230324,서울특별시,11,관악구,11620,서울특별시,11,종로구,11110,5,4,27,4,8,0,6,0,18,8,4
20230324,서울특별시,11,관악구,11620,서울특별시,11,중구,11140,4,17,9,10,10,0,11,0,37,10,0
20230324,서울특별시,11,관악구,11620,서울특별시,11,용산구,11170,3,9,14,14,11,0,7,5,17,12,4
20230324,서울특별시,11,관악구,11620,서울특별시,11,성동구,11200,0,26,23,10,7,0,10,0,60,38,5
20230324,서울특별시,11,관악구,11620,서울특별시,11,광진구,11215,0,9,17,3,17,0,7,0,31,8,3
20230324,서울특별시,11,관악구,11620,서울특별시,11,동대문구,11230,0,18,20,11,9,0,10,0,44,17,5
20230324,서울특별시,11,관악구,11620,서울특별시,11,중랑구,11260,0,7,6,7,15,0,6,0,25,16,10
20230324,서울특별시,11,관악구,11620,서울특별시,11,성북구,11290,3,14,19,5,22,0,13,0,55,19,5
20230324,서울특별시,11,관악구,11620,서울특별시,11,강북구,11305,0,13,5,7,20,0,6,0,16,14,6
20230324,서울특별시,11,관악구,11620,서울특별시,11,도봉구,11320,0,9,7,9,10,0,4,0,20,4,5
20230324,서울특별시,11,영등포구,11560,서울특별시,11,관악구,11620,10,66,24,16,32,0,22,0,53,32,32
20230324,서울특별시,11,영등포구,11560,서울특별시,11,서초구,11650,7,59,16,26,44,5,24,0,44,30,36
20230324,서울특별시,11,영등포구,11560,서울특별시,11,강남구,11680,9,157,30,32,54,7,35,0,84,33,38
20230324,서울특별시,11,영등포구,11560,서울특별시,11,송파구,11710,10,89,16,29,49,12,26,0,66,20,39
20230324,서울특별시,11,영등포구,11560,서울특별시,11,강동구,11740,4,48,11,21,25,0,12,24,32,23,15
20230324,서울특별시,11,중랑구,11260,서울특별시,11,마포구,11440,11,34,17,18,37,7,22,8,85,30,20
20230324,서울특별시,11,중랑구,11260,서울특별시,11,서대문구,11410,4,24,4,9,19,7,24,6,64,32,16
20230324,서울특별시,11,중랑구,11260,서울특별시,11,은평구,11380,7,31,7,10,34,11,30,7,73,39,16
20230324,서울특별시,11,중랑구,11260,서울특별시,11,노원구,11350,3,35,10,14,33,7,22,7,76,36,15
20230324,서울특별시,11,중랑구,11260,서울특별시,11,도봉구,11320,3,13,3,3,18,5,9,3,42,29,16
20230324,서울특별시,11,중랑구,11260,서울특별시,11,강북구,11305,0,11,5,0,19,3,15,6,60,26,13
20230324,서울특별시,11,중랑구,11260,서울특별시,11,성북구,11290,3,28,5,7,33,8,34,11,77,51,20
20230324,서울특별시,11,중랑구,11260,서울특별시,11,중랑구,11260,11,26,16,3,26,9,36,4,65,25,10
20230324,서울특별시,11,중랑구,11260,서울특별시,11,동대문구,11230,3,33,11,12,27,3,29,7,84,27,17
20230324,서울특별시,11,중랑구,11260,서울특별시,11,광진구,11215,9,36,7,8,17,7,21,10,76,30,15
20230324,서울특별시,11,서초구,11650,서울특별시,11,종로구,11110,4,24,17,8,35,4,23,0,32,7,10
20230324,서울특별시,11,용산구,11170,서울특별시,11,강동구,11740,6,38,7,171,16,0,21,5,44,16,4
20230324,서울특별시,11,종로구,11110,서울특별시,11,강북구,11305,4,14,6,9,15,0,11,0,58,14,0
20230324,서울특별시,11,종로구,11110,서울특별시,11,도봉구,11320,5,17,0,8,6,0,10,0,53,17,6
20230324,서울특별시,11,종로구,11110,서울특별시,11,노원구,11350,6,31,7,13,15,0,20,7,102,32,9
20230324,서울특별시,11,종로구,11110,서울특별시,11,은평구,11380,9,25,8,11,19,0,19,0,95,32,12
20230324,서울특별시,11,종로구,11110,서울특별시,11,서대문구,11410,9,29,11,13,14,0,9,0,67,15,6
20230324,서울특별시,11,종로구,11110,서울특별시,11,마포구,11440,9,40,18,16,28,0,14,4,137,35,5
20230324,서울특별시,11,종로구,11110,서울특별시,11,양천구,11470,0,27,10,9,23,0,14,6,73,21,12
20230324,서울특별시,11,종로구,11110,서울특별시,11,강서구,11500,9,47,19,15,39,3,30,4,122,47,13
20230324,서울특별시,11,종로구,11110,서울특별시,11,구로구,11530,4,32,13,12,21,6,18,4,77,23,8
20230324,서울특별시,11,종로구,11110,서울특별시,11,금천구,11545,3,19,4,8,15,0,8,0,89,26,4
20230324,서울특별시,11,은평구,11380,서울특별시,11,종로구,11110,0,10,5,0,16,4,14,0,17,5,11
20230324,서울특별시,11,송파구,11710,서울특별시,11,관악구,11620,3,54,11,13,30,13,20,0,93,24,14
20230324,서울특별시,11,송파구,11710,서울특별시,11,동작구,11590,4,36,17,12,19,4,30,0,80,26,6
20230324,서울특별시,11,송파구,11710,서울특별시,11,영등포구,11560,4,48,19,13,38,16,31,0,79,23,8
20230324,서울특별시,11,송파구,11710,서울특별시,11,금천구,11545,6,27,14,10,15,13,14,0,72,22,5
20230324,서울특별시,11,송파구,11710,서울특별시,11,구로구,11530,4,37,28,14,28,7,25,0,65,22,15
20230324,서울특별시,11,송파구,11710,서울특별시,11,강서구,11500,4,73,20,19,41,21,47,3,107,53,10
20230324,서울특별시,11,송파구,11710,서울특별시,11,양천구,11470,6,38,15,11,24,13,60,3,64,27,10
20230324,서울특별시,11,송파구,11710,서울특별시,11,마포구,11440,4,61,35,17,35,6,41,5,104,29,13
20230324,서울특별시,11,송파구,11710,서울특별시,11,서대문구,11410,0,40,12,10,25,8,24,0,59,24,4
20230324,서울특별시,11,송파구,11710,서울특별시,11,은평구,11380,6,33,13,12,25,9,28,0,74,19,3
20230324,서울특별시,11,양천구,11470,서울특별시,11,강동구,11740,0,20,7,7,26,3,11,0,24,22,6
20230324,서울특별시,11,양천구,11470,서울특별시,11,송파구,11710,0,18,9,32,44,6,21,0,30,28,20
20230324,서울특별시,11,양천구,11470,서울특별시,11,강남구,11680,3,33,11,26,52,9,20,0,42,32,23
20230324,서울특별시,11,양천구,11470,서울특별시,11,서초구,11650,0,12,12,19,17,0,10,0,28,12,10
20230324,서울특별시,11,중랑구,11260,서울특별시,11,용산구,11170,8,20,0,17,19,12,14,5,45,11,12
20230324,서울특별시,11,중랑구,11260,서울특별시,11,중구,11140,7,21,3,3,14,3,13,7,40,28,8
20230324,서울특별시,11,중랑구,11260,서울특별시,11,종로구,11110,0,22,5,5,14,0,15,7,48,13,10
20230324,서울특별시,11,동대문구,11230,서울특별시,11,강동구,11740,4,41,7,6,26,0,45,8,142,29,18
20230324,서울특별시,11,동대문구,11230,서울특별시,11,송파구,11710,10,48,16,12,70,4,81,9,230,41,29
20230324,서울특별시,11,동대문구,11230,서울특별시,11,강남구,11680,5,71,9,19,73,6,81,14,170,47,20
20230324,서울특별시,11,동대문구,11230,서울특별시,11,서초구,11650,0,36,10,15,29,8,49,8,116,18,21
20230324,서울특별시,11,동대문구,11230,서울특별시,11,관악구,11620,9,42,0,13,42,6,64,7,155,32,11
20230324,서울특별시,11,관악구,11620,서울특별시,11,노원구,11350,4,13,18,9,20,0,9,3,31,16,9
20230324,서울특별시,11,관악구,11620,서울특별시,11,은평구,11380,0,7,17,6,24,3,10,3,32,13,5
20230324,서울특별시,11,관악구,11620,서울특별시,11,서대문구,11410,4,10,21,0,18,0,6,3,18,9,6
20230324,서울특별시,11,관악구,11620,서울특별시,11,마포구,11440,3,11,29,9,29,5,8,0,32,17,5
20230324,서울특별시,11,관악구,11620,서울특별시,11,양천구,11470,3,22,16,6,14,0,10,7,24,18,4
20230324,서울특별시,11,관악구,11620,서울특별시,11,강서구,11500,3,19,22,12,27,3,7,3,33,18,10
20230324,서울특별시,11,관악구,11620,서울특별시,11,구로구,11530,0,17,9,11,17,0,11,0,42,14,5
20230324,서울특별시,11,관악구,11620,서울특별시,11,금천구,11545,3,9,10,14,14,0,11,0,39,14,58
20230324,서울특별시,11,관악구,11620,서울특별시,11,영등포구,11560,0,18,19,4,17,0,8,4,32,15,9
20230324,서울특별시,11,관악구,11620,서울특별시,11,동작구,11590,0,18,17,10,15,0,12,0,32,10,103
20230324,서울특별시,11,관악구,11620,서울특별시,11,관악구,11620,4,39,29,11,30,0,37,0,38,21,108
20230324,서울특별시,11,관악구,11620,서울특별시,11,서초구,11650,8,13,14,7,21,3,21,6,23,18,12
20230324,서울특별시,11,관악구,11620,서울특별시,11,강남구,11680,13,29,30,14,29,5,25,4,36,16,18
20230324,서울특별시,11,관악구,11620,서울특별시,11,송파구,11710,3,19,22,19,20,6,15,0,39,22,8
20230324,서울특별시,11,관악구,11620,서울특별시,11,강동구,11740,0,8,11,0,20,0,7,3,24,16,8
20230324,서울특별시,11,용산구,11170,서울특별시,11,송파구,11710,5,88,11,297,40,9,21,0,124,33,14
20230324,서울특별시,11,용산구,11170,서울특별시,11,강남구,11680,5,73,20,462,46,12,20,0,124,33,10
20230324,서울특별시,11,용산구,11170,서울특별시,11,서초구,11650,9,50,11,309,36,7,21,0,87,14,9
20230324,서울특별시,11,용산구,11170,서울특별시,11,관악구,11620,0,39,12,172,35,6,22,0,63,16,9
20230324,서울특별시,11,용산구,11170,서울특별시,11,동작구,11590,3,24,5,148,11,0,10,0,51,20,6
20230324,서울특별시,11,중랑구,11260,서울특별시,11,성동구,11200,10,38,12,11,30,5,11,6,81,43,12
20230324,서울특별시,11,서초구,11650,서울특별시,11,강남구,11680,15,127,75,38,121,24,134,7,136,40,51
20230324,서울특별시,11,서초구,11650,서울특별시,11,송파구,11710,7,72,36,28,130,12,102,11,76,41,30
20230324,서울특별시,11,서초구,11650,서울특별시,11,강동구,11740,6,51,19,18,85,5,43,10,37,25,20
20230324,서울특별시,11,은평구,11380,서울특별시,11,양천구,11470,0,13,12,0,29,4,27,0,24,7,21
20230324,서울특별시,11,동대문구,11230,서울특별시,11,동작구,11590,3,26,4,9,39,0,31,0,126,30,10
20230324,서울특별시,11,동대문구,11230,서울특별시,11,영등포구,11560,4,27,7,9,41,0,53,7,142,26,12
20230324,서울특별시,11,동대문구,11230,서울특별시,11,금천구,11545,0,22,4,5,33,0,36,6,97,26,4
20230324,서울특별시,11,동대문구,11230,서울특별시,11,구로구,11530,3,39,0,5,31,0,51,5,113,18,9
20230324,서울특별시,11,동대문구,11230,서울특별시,11,강서구,11500,5,51,10,12,49,3,76,10,182,32,21
20230324,서울특별시,11,동대문구,11230,서울특별시,11,양천구,11470,0,33,11,7,30,0,51,6,123,33,13
20230324,서울특별시,11,동대문구,11230,서울특별시,11,마포구,11440,9,42,13,13,59,5,41,4,121,30,13
20230324,서울특별시,11,동대문구,11230,서울특별시,11,서대문구,11410,0,35,6,4,25,3,42,8,104,16,13
20230324,서울특별시,11,동대문구,11230,서울특별시,11,은평구,11380,4,51,6,8,31,0,44,13,157,34,13
20230324,서울특별시,11,동대문구,11230,서울특별시,11,노원구,11350,5,51,5,8,34,5,56,12,143,23,12
20230324,서울특별시,11,동대문구,11230,서울특별시,11,도봉구,11320,4,21,0,0,22,0,32,9,112,13,6
20230324,서울특별시,11,동대문구,11230,서울특별시,11,강북구,11305,0,20,4,6,30,0,24,3,90,10,8
20230324,서울특별시,11,동대문구,11230,서울특별시,11,성북구,11290,0,41,7,15,47,4,47,9,170,25,9
20230324,서울특별시,11,동대문구,11230,서울특별시,11,중랑구,11260,0,30,3,9,31,5,30,5,131,22,21
20230324,서울특별시,11,동대문구,11230,서울특별시,11,동대문구,11230,3,27,9,7,26,0,52,6,138,32,17
20230324,서울특별시,11,동대문구,11230,서울특별시,11,광진구,11215,7,24,8,7,34,0,38,5,121,22,12
20230324,서울특별시,11,동대문구,11230,서울특별시,11,성동구,11200,4,49,23,9,24,0,37,4,180,69,14
20230324,서울특별시,11,성동구,11200,서울특별시,11,강동구,11740,3,52,38,14,170,0,17,6,156,45,18
20230324,서울특별시,11,성동구,11200,서울특별시,11,송파구,11710,23,94,72,35,233,3,40,23,270,92,35
20230324,서울특별시,11,성동구,11200,서울특별시,11,강남구,11680,15,153,84,38,330,8,66,12,333,94,36
20230324,서울특별시,11,성동구,11200,서울특별시,11,서초구,11650,6,80,58,15,230,10,38,11,204,65,31
20230324,서울특별시,11,성동구,11200,서울특별시,11,관악구,11620,15,66,34,19,103,4,29,3,225,72,28
20230324,서울특별시,11,성동구,11200,서울특별시,11,동작구,11590,11,53,25,18,145,4,18,5,145,49,21
20230324,서울특별시,11,성동구,11200,서울특별시,11,영등포구,11560,8,53,40,23,153,6,29,13,144,58,27
20230324,서울특별시,11,성북구,11290,서울특별시,11,강동구,11740,12,42,7,13,29,5,45,14,261,66,6
20230324,서울특별시,11,성북구,11290,서울특별시,11,송파구,11710,7,81,14,24,50,22,70,29,399,133,15
20230324,서울특별시,11,성북구,11290,서울특별시,11,강남구,11680,21,107,21,23,48,12,98,15,412,118,12
20230324,서울특별시,11,성북구,11290,서울특별시,11,서초구,11650,4,63,8,13,30,12,42,13,292,61,10
20230324,서울특별시,11,성북구,11290,서울특별시,11,관악구,11620,10,37,10,22,20,3,51,10,370,89,10
20230324,서울특별시,11,성북구,11290,서울특별시,11,동작구,11590,7,38,9,11,14,8,35,10,235,51,7
20230324,서울특별시,11,성북구,11290,서울특별시,11,영등포구,11560,4,54,4,17,28,8,48,8,274,72,10
20230324,서울특별시,11,성북구,11290,서울특별시,11,금천구,11545,0,27,8,16,18,5,21,6,146,34,4
20230324,서울특별시,11,강서구,11500,서울특별시,11,강동구,11740,14,41,32,35,63,6,66,14,97,38,74
20230324,서울특별시,11,강서구,11500,서울특별시,11,송파구,11710,15,69,52,55,107,27,123,15,138,74,164
20230324,서울특별시,11,강서구,11500,서울특별시,11,강남구,11680,25,108,58,76,133,14,133,16,152,79,157
20230324,서울특별시,11,강서구,11500,서울특별시,11,서초구,11650,14,52,38,46,82,14,85,10,99,57,124
20230324,서울특별시,11,강서구,11500,서울특별시,11,관악구,11620,12,49,26,41,52,12,63,9,121,39,72
20230324,서울특별시,11,강서구,11500,서울특별시,11,동작구,11590,14,50,28,44,52,9,70,3,104,84,71
20230324,서울특별시,11,강서구,11500,서울특별시,11,영등포구,11560,18,59,24,49,100,7,56,5,108,44,96
20230324,서울특별시,11,강서구,11500,서울특별시,11,금천구,11545,6,59,17,21,40,6,26,0,80,40,50
20230324,서울특별시,11,강서구,11500,서울특별시,11,구로구,11530,15,47,25,50,37,8,61,13,99,19,61
20230324,서울특별시,11,강서구,11500,서울특별시,11,강서구,11500,28,92,52,68,98,11,127,14,188,63,126
20230324,서울특별시,11,강서구,11500,서울특별시,11,양천구,11470,14,59,21,39,55,10,67,5,96,44,77
20230324,서울특별시,11,강서구,11500,서울특별시,11,마포구,11440,14,64,33,41,79,12,69,10,110,67,102
20230324,서울특별시,11,강서구,11500,서울특별시,11,서대문구,11410,8,38,18,22,58,3,53,4,96,37,49
20230324,서울특별시,11,강서구,11500,서울특별시,11,은평구,11380,8,38,29,27,53,6,72,18,93,36,75
20230324,서울특별시,11,강서구,11500,서울특별시,11,노원구,11350,5,33,28,35,55,9,74,15,104,49,81
20230324,서울특별시,11,강서구,11500,서울특별시,11,도봉구,11320,6,24,15,32,39,6,37,6,65,21,51
20230324,서울특별시,11,강서구,11500,서울특별시,11,강북구,11305,12,18,13,28,35,6,50,3,52,47,43
20230324,서울특별시,11,강서구,11500,서울특별시,11,성북구,11290,11,56,32,40,43,7,68,11,145,51,79
20230324,서울특별시,11,강서구,11500,서울특별시,11,중랑구,11260,11,38,26,31,37,6,51,9,94,25,76
20230324,서울특별시,11,강서구,11500,서울특별시,11,동대문구,11230,8,53,22,21,47,6,66,12,112,41,54
20230324,서울특별시,11,강서구,11500,서울특별시,11,광진구,11215,15,58,21,41,55,7,43,7,102,37,51
20230324,서울특별시,11,강서구,11500,서울특별시,11,성동구,11200,4,64,25,25,44,11,43,8,135,66,64
20230324,서울특별시,11,강서구,11500,서울특별시,11,용산구,11170,6,38,13,37,37,7,49,5,54,26,72
20230324,서울특별시,11,강서구,11500,서울특별시,11,중구,11140,4,44,19,20,71,6,26,9,72,49,38
20230324,서울특별시,11,강서구,11500,서울특별시,11,종로구,11110,10,38,14,29,42,8,39,3,107,26,48
20230324,서울특별시,11,종로구,11110,서울특별시,11,영등포구,11560,15,32,27,10,19,0,9,0,96,35,8
20230324,서울특별시,11,종로구,11110,서울특별시,11,동작구,11590,11,33,11,9,18,0,10,3,88,21,8
20230324,서울특별시,11,성북구,11290,서울특별시,11,구로구,11530,8,41,6,12,18,8,43,13,241,68,4
20230324,서울특별시,11,성북구,11290,서울특별시,11,강서구,11500,7,63,14,25,34,10,54,21,395,102,16
20230324,서울특별시,11,성북구,11290,서울특별시,11,양천구,11470,3,37,11,10,21,10,29,20,214,50,6
20230324,서울특별시,11,성동구,11200,서울특별시,11,금천구,11545,7,59,21,24,71,0,18,0,107,42,10
20230324,서울특별시,11,성동구,11200,서울특별시,11,구로구,11530,7,48,34,19,123,3,21,0,130,39,10
20230324,서울특별시,11,구로구,11530,서울특별시,11,성북구,11290,10,59,33,34,39,8,13,0,96,22,20
20230324,서울특별시,11,구로구,11530,서울특별시,11,중랑구,11260,3,31,11,12,29,7,6,4,68,15,18
20230324,서울특별시,11,구로구,11530,서울특별시,11,동대문구,11230,9,53,30,14,16,8,4,0,84,9,12
20230324,서울특별시,11,구로구,11530,서울특별시,11,광진구,11215,3,53,18,23,34,6,15,0,77,13,13
20230324,서울특별시,11,구로구,11530,서울특별시,11,성동구,11200,4,62,34,22,32,3,4,3,96,39,9
20230324,서울특별시,11,도봉구,11320,서울특별시,11,강서구,11500,5,18,6,26,30,4,20,5,92,28,3
20230324,서울특별시,11,도봉구,11320,서울특별시,11,양천구,11470,7,9,0,14,14,7,14,0,48,11,5
20230324,서울특별시,11,도봉구,11320,서울특별시,11,마포구,11440,6,17,0,19,30,4,27,0,44,13,4
20230324,서울특별시,11,도봉구,11320,서울특별시,11,서대문구,11410,7,7,0,12,15,4,5,0,36,9,3
20230324,서울특별시,11,도봉구,11320,서울특별시,11,은평구,11380,4,12,0,18,25,8,20,0,64,14,0
20230324,서울특별시,11,도봉구,11320,서울특별시,11,노원구,11350,3,12,4,23,26,6,14,0,65,13,0
20230324,서울특별시,11,도봉구,11320,서울특별시,11,도봉구,11320,4,10,6,11,8,5,25,0,51,9,4
20230324,서울특별시,11,도봉구,11320,서울특별시,11,강북구,11305,0,6,3,10,9,3,9,0,40,9,0
20230324,서울특별시,11,도봉구,11320,서울특별시,11,성북구,11290,4,14,3,14,18,0,7,3,75,19,3
20230324,서울특별시,11,구로구,11530,서울특별시,11,용산구,11170,6,40,16,19,17,4,5,3,55,9,9
20230324,서울특별시,11,구로구,11530,서울특별시,11,중구,11140,4,31,21,15,25,0,12,0,59,11,9
20230324,서울특별시,11,구로구,11530,서울특별시,11,종로구,11110,6,21,16,16,20,3,5,0,37,7,9
20230324,서울특별시,11,중구,11140,서울특별시,11,강동구,11740,42,40,14,9,69,9,25,5,171,46,13
20230324,서울특별시,11,중구,11140,서울특별시,11,송파구,11710,82,78,30,9,73,7,29,18,331,72,13
20230324,서울특별시,11,중구,11140,서울특별시,11,강남구,11680,80,114,50,14,190,11,44,16,376,98,20
20230324,서울특별시,11,중구,11140,서울특별시,11,서초구,11650,68,92,45,14,106,6,27,3,269,67,14
20230324,서울특별시,11,중구,11140,서울특별시,11,관악구,11620,63,36,11,7,51,8,24,3,223,60,15
20230324,서울특별시,11,중구,11140,서울특별시,11,동작구,11590,42,47,13,0,37,5,23,6,207,43,13
20230324,서울특별시,11,중구,11140,서울특별시,11,영등포구,11560,42,65,42,8,96,6,15,0,219,49,15
20230324,서울특별시,11,중구,11140,서울특별시,11,금천구,11545,22,43,6,10,87,0,8,5,88,17,7
20230324,서울특별시,11,중구,11140,서울특별시,11,구로구,11530,43,35,7,6,65,0,13,5,147,32,7
20230324,서울특별시,11,중구,11140,서울특별시,11,강서구,11500,57,70,22,9,91,8,36,0,277,83,18
20230324,서울특별시,11,중구,11140,서울특별시,11,양천구,11470,49,50,18,6,35,6,19,7,165,44,13
20230324,서울특별시,11,중구,11140,서울특별시,11,마포구,11440,45,86,22,14,115,9,40,0,267,67,13
20230324,서울특별시,11,중구,11140,서울특별시,11,서대문구,11410,40,57,12,11,47,4,22,4,175,38,5
20230324,서울특별시,11,중구,11140,서울특별시,11,은평구,11380,55,55,6,6,49,6,29,4,151,55,5
20230324,서울특별시,11,중구,11140,서울특별시,11,노원구,11350,29,47,9,9,53,13,30,9,182,58,9
20230324,서울특별시,11,중구,11140,서울특별시,11,도봉구,11320,25,21,0,5,32,0,14,3,85,27,8
20230324,서울특별시,11,중구,11140,서울특별시,11,강북구,11305,32,25,4,4,18,4,11,0,138,25,4
20230324,서울특별시,11,노원구,11350,서울특별시,11,성동구,11200,3,20,9,10,20,5,30,3,60,32,6
20230324,서울특별시,11,노원구,11350,서울특별시,11,광진구,11215,0,10,7,9,36,0,23,11,31,4,6
20230324,서울특별시,11,노원구,11350,서울특별시,11,동대문구,11230,0,17,6,13,22,0,19,3,43,7,6
20230324,서울특별시,11,노원구,11350,서울특별시,11,중랑구,11260,4,13,12,10,22,3,17,11,24,7,5
20230324,서울특별시,11,노원구,11350,서울특별시,11,성북구,11290,5,16,6,10,25,0,19,6,59,21,11
20230324,서울특별시,11,중구,11140,서울특별시,11,성북구,11290,51,66,16,13,48,12,23,8,215,47,5
20230324,서울특별시,11,중구,11140,서울특별시,11,중랑구,11260,30,47,7,6,45,8,18,5,152,41,10
20230324,서울특별시,11,중구,11140,서울특별시,11,동대문구,11230,53,43,13,6,44,3,18,0,188,41,6
20230324,서울특별시,11,중구,11140,서울특별시,11,광진구,11215,30,41,18,5,42,5,19,3,210,41,9
20230324,서울특별시,11,중구,11140,서울특별시,11,성동구,11200,38,64,18,18,66,0,19,8,201,91,14
20230324,서울특별시,11,중구,11140,서울특별시,11,용산구,11170,23,75,19,14,48,0,22,0,134,32,15
20230324,서울특별시,11,중구,11140,서울특별시,11,중구,11140,23,74,37,15,85,6,35,97,130,33,8
20230324,서울특별시,11,양천구,11470,서울특별시,11,노원구,11350,0,11,5,18,21,0,6,4,19,17,10
20230324,서울특별시,11,노원구,11350,서울특별시,11,강북구,11305,0,7,4,12,23,3,16,4,23,7,6
20230324,서울특별시,11,노원구,11350,서울특별시,11,도봉구,11320,5,11,4,11,18,0,13,7,28,5,9
20230324,서울특별시,11,노원구,11350,서울특별시,11,노원구,11350,4,32,10,15,31,3,38,8,38,17,7
20230324,서울특별시,11,노원구,11350,서울특별시,11,은평구,11380,0,6,3,12,27,4,25,4,31,14,7
20230324,서울특별시,11,노원구,11350,서울특별시,11,서대문구,11410,0,13,0,8,17,0,25,3,18,12,8
20230324,서울특별시,11,노원구,11350,서울특별시,11,마포구,11440,0,13,3,10,37,15,33,8,35,10,8
20230324,서울특별시,11,노원구,11350,서울특별시,11,양천구,11470,0,5,3,10,30,3,17,5,29,6,6
20230324,서울특별시,11,노원구,11350,서울특별시,11,강서구,11500,5,12,8,27,44,5,31,11,37,13,14
20230324,서울특별시,11,노원구,11350,서울특별시,11,구로구,11530,4,8,9,13,19,3,15,4,42,6,5
20230324,서울특별시,11,노원구,11350,서울특별시,11,금천구,11545,0,44,0,12,18,4,18,3,38,10,9
20230324,서울특별시,11,성북구,11290,서울특별시,11,마포구,11440,11,51,14,14,35,7,52,23,271,73,18
20230324,서울특별시,11,성북구,11290,서울특별시,11,서대문구,11410,0,32,4,13,25,7,32,18,190,56,8
20230324,서울특별시,11,성북구,11290,서울특별시,11,은평구,11380,10,41,9,14,22,7,56,12,233,60,12
20230324,서울특별시,11,성북구,11290,서울특별시,11,노원구,11350,6,47,7,17,36,7,40,12,298,61,9
20230324,서울특별시,11,성북구,11290,서울특별시,11,도봉구,11320,5,27,5,10,21,6,38,6,147,35,6
20230324,서울특별시,11,성북구,11290,서울특별시,11,강북구,11305,3,23,5,8,12,4,37,8,159,35,4
20230324,서울특별시,11,성북구,11290,서울특별시,11,성북구,11290,14,61,13,10,30,7,62,11,267,72,8
20230324,서울특별시,11,성북구,11290,서울특별시,11,중랑구,11260,6,36,7,17,20,10,43,11,228,48,9
20230324,서울특별시,11,성북구,11290,서울특별시,11,동대문구,11230,5,53,6,12,29,0,38,6,250,64,12
20230324,서울특별시,11,성북구,11290,서울특별시,11,광진구,11215,10,34,6,9,23,0,23,9,230,55,11
20230324,서울특별시,11,성북구,11290,서울특별시,11,성동구,11200,4,57,17,14,22,7,48,10,252,80,11
20230324,서울특별시,11,동대문구,11230,서울특별시,11,용산구,11170,0,27,5,13,31,0,24,3,83,17,4
20230324,서울특별시,11,동대문구,11230,서울특별시,11,중구,11140,8,35,3,5,27,0,24,3,77,21,3
20230324,서울특별시,11,동대문구,11230,서울특별시,11,종로구,11110,0,19,0,6,21,0,28,0,56,5,6
20230324,서울특별시,11,성북구,11290,서울특별시,11,용산구,11170,5,58,5,14,20,6,29,9,121,35,6
20230324,서울특별시,11,성북구,11290,서울특별시,11,중구,11140,5,32,6,7,17,0,19,0,127,41,3
20230324,서울특별시,11,성북구,11290,서울특별시,11,종로구,11110,3,18,5,4,12,4,23,7,103,25,4
20230324,서울특별시,11,노원구,11350,서울특별시,11,영등포구,11560,3,23,4,17,35,0,16,0,17,10,4
20230324,서울특별시,11,광진구,11215,서울특별시,11,종로구,11110,6,13,6,9,17,0,6,0,42,16,5
20230324,서울특별시,11,광진구,11215,서울특별시,11,중구,11140,3,12,4,11,14,0,4,0,64,18,3
20230324,서울특별시,11,광진구,11215,서울특별시,11,용산구,11170,3,19,3,22,19,4,0,3,61,17,6
20230324,서울특별시,11,광진구,11215,서울특별시,11,성동구,11200,6,26,11,16,27,3,6,6,120,53,9
20230324,서울특별시,11,광진구,11215,서울특별시,11,광진구,11215,5,39,12,13,32,0,30,6,92,36,8
20230324,서울특별시,11,강동구,11740,서울특별시,11,영등포구,11560,12,31,4,8,26,6,41,0,14,12,4
20230324,서울특별시,11,강동구,11740,서울특별시,11,동작구,11590,11,17,0,14,29,5,22,5,21,19,3
20230324,서울특별시,11,강동구,11740,서울특별시,11,관악구,11620,14,24,12,6,26,3,31,0,30,11,4
20230324,서울특별시,11,강동구,11740,서울특별시,11,서초구,11650,19,44,8,6,36,7,50,5,32,11,10
20230324,서울특별시,11,강동구,11740,서울특별시,11,강남구,11680,18,95,9,23,70,10,62,6,60,37,19
20230324,서울특별시,11,강동구,11740,서울특별시,11,송파구,11710,11,49,12,17,49,12,62,9,34,27,15
20230324,서울특별시,11,강동구,11740,서울특별시,11,강동구,11740,4,37,22,8,46,5,79,0,42,17,10
20230324,서울특별시,11,광진구,11215,서울특별시,11,동대문구,11230,17,24,11,12,26,4,12,3,77,25,14
20230324,서울특별시,11,광진구,11215,서울특별시,11,중랑구,11260,4,22,8,14,26,0,4,4,73,31,7
20230324,서울특별시,11,광진구,11215,서울특별시,11,성북구,11290,7,27,11,14,30,0,6,5,116,43,13
20230324,서울특별시,11,금천구,11545,서울특별시,11,종로구,11110,7,20,16,16,27,13,23,4,56,26,29
20230324,서울특별시,11,금천구,11545,서울특별시,11,중구,11140,10,46,5,28,19,9,32,0,84,42,60
20230324,서울특별시,11,금천구,11545,서울특별시,11,용산구,11170,6,27,5,36,20,12,26,7,55,43,41
20230324,서울특별시,11,금천구,11545,서울특별시,11,성동구,11200,11,53,14,35,38,10,40,20,94,83,61
20230324,서울특별시,11,금천구,11545,서울특별시,11,광진구,11215,9,23,9,32,28,10,24,7,127,42,64
20230324,서울특별시,11,금천구,11545,서울특별시,11,동대문구,11230,11,30,6,36,29,18,43,8,108,81,70
20230324,서울특별시,11,금천구,11545,서울특별시,11,중랑구,11260,6,26,4,29,42,17,32,9,116,43,77
20230324,서울특별시,11,금천구,11545,서울특별시,11,성북구,11290,6,28,14,32,38,10,44,14,140,63,90
20230324,서울특별시,11,금천구,11545,서울특별시,11,강북구,11305,5,21,3,22,27,12,29,9,85,41,52
20230324,서울특별시,11,금천구,11545,서울특별시,11,도봉구,11320,4,23,4,10,31,15,20,6,73,32,47
20230324,서울특별시,11,금천구,11545,서울특별시,11,노원구,11350,12,25,4,35,40,23,31,16,135,71,75
20230324,서울특별시,11,금천구,11545,서울특별시,11,은평구,11380,0,27,11,22,39,19,33,14,118,53,90
20230324,서울특별시,11,금천구,11545,서울특별시,11,서대문구,11410,6,30,7,26,42,20,36,8,105,46,58
20230324,서울특별시,11,금천구,11545,서울특별시,11,마포구,11440,23,44,12,36,58,18,55,17,148,127,87
20230324,서울특별시,11,금천구,11545,서울특별시,11,양천구,11470,4,34,11,36,36,14,30,12,130,76,76
20230324,서울특별시,11,금천구,11545,서울특별시,11,강서구,11500,12,32,19,59,57,33,40,16,192,108,126
20230324,서울특별시,11,금천구,11545,서울특별시,11,구로구,11530,16,40,6,27,45,13,34,14,120,92,92
20230324,서울특별시,11,금천구,11545,서울특별시,11,금천구,11545,7,25,11,27,43,12,44,7,76,53,38
20230324,서울특별시,11,금천구,11545,서울특별시,11,영등포구,11560,17,47,13,59,47,30,42,21,139,64,105
20230324,서울특별시,11,금천구,11545,서울특별시,11,동작구,11590,9,28,9,31,40,11,42,13,112,69,83
20230324,서울특별시,11,금천구,11545,서울특별시,11,관악구,11620,19,24,9,51,60,22,56,14,154,74,92
20230324,서울특별시,11,금천구,11545,서울특별시,11,서초구,11650,9,36,14,61,57,27,56,22,133,81,125
20230324,서울특별시,11,금천구,11545,서울특별시,11,강남구,11680,24,107,22,73,80,30,82,24,251,94,170
20230324,서울특별시,11,금천구,11545,서울특별시,11,송파구,11710,17,49,14,72,69,40,65,35,211,100,160
20230324,서울특별시,11,금천구,11545,서울특별시,11,강동구,11740,5,25,12,31,37,24,30,18,151,82,78
20230324,서울특별시,11,동작구,11590,서울특별시,11,강동구,11740,6,9,10,6,23,6,26,7,46,15,14
20230324,서울특별시,11,동작구,11590,서울특별시,11,송파구,11710,5,17,21,15,48,7,38,4,72,21,38
20230324,서울특별시,11,동작구,11590,서울특별시,11,강남구,11680,6,19,45,12,39,10,38,0,64,27,26
20230324,서울특별시,11,동작구,11590,서울특별시,11,서초구,11650,6,16,26,9,35,7,28,15,51,24,24
20230324,서울특별시,11,동작구,11590,서울특별시,11,관악구,11620,5,7,38,16,26,5,22,5,52,14,29
20230324,서울특별시,11,동작구,11590,서울특별시,11,동작구,11590,0,19,21,6,25,4,41,6,36,10,23
20230324,서울특별시,11,동작구,11590,서울특별시,11,영등포구,11560,6,22,37,8,29,3,21,6,35,15,14
20230324,서울특별시,11,동작구,11590,서울특별시,11,금천구,11545,3,7,11,3,15,0,19,0,40,17,9
20230324,서울특별시,11,동작구,11590,서울특별시,11,구로구,11530,3,13,12,8,19,5,30,6,49,13,12
20230324,서울특별시,11,동작구,11590,서울특별시,11,강서구,11500,6,17,17,8,33,4,37,6,62,18,28
20230324,서울특별시,11,동작구,11590,서울특별시,11,양천구,11470,3,9,16,6,23,4,32,0,23,17,14
20230324,서울특별시,11,동작구,11590,서울특별시,11,마포구,11440,5,16,13,15,32,5,24,4,49,17,28
20230324,서울특별시,11,동작구,11590,서울특별시,11,서대문구,11410,0,15,16,5,14,3,11,4,36,10,15
20230324,서울특별시,11,동작구,11590,서울특별시,11,은평구,11380,5,11,10,7,17,3,31,7,38,11,15
20230324,서울특별시,11,동작구,11590,서울특별시,11,노원구,11350,10,8,18,4,27,5,26,3,46,14,29
20230324,서울특별시,11,동작구,11590,서울특별시,11,도봉구,11320,0,7,6,4,13,3,21,4,21,8,19
20230324,서울특별시,11,동작구,11590,서울특별시,11,강북구,11305,5,13,9,3,11,0,12,0,31,3,8
20230324,서울특별시,11,동작구,11590,서울특별시,11,성북구,11290,0,14,23,10,22,0,28,6,64,13,18
20230324,서울특별시,11,동작구,11590,서울특별시,11,중랑구,11260,0,14,12,7,21,0,19,5,38,13,16
20230324,서울특별시,11,동작구,11590,서울특별시,11,동대문구,11230,0,9,24,6,19,6,29,3,51,16,19
20230324,서울특별시,11,동작구,11590,서울특별시,11,광진구,11215,3,9,13,3,24,0,23,4,47,10,17
20230324,서울특별시,11,동작구,11590,서울특별시,11,성동구,11200,0,27,32,0,18,0,19,7,64,32,13
20230324,서울특별시,11,동작구,11590,서울특별시,11,용산구,11170,0,5,10,22,14,0,15,4,28,13,8
20230324,서울특별시,11,동작구,11590,서울특별시,11,중구,11140,0,9,19,4,10,0,15,0,39,8,5
20230324,서울특별시,11,동작구,11590,서울특별시,11,종로구,11110,0,5,18,6,9,0,18,4,33,5,4
20230324,서울특별시,11,광진구,11215,서울특별시,11,강북구,11305,0,10,6,9,18,3,9,0,83,22,9
20230324,서울특별시,11,광진구,11215,서울특별시,11,도봉구,11320,3,6,0,9,19,0,0,0,65,22,13
20230324,서울특별시,11,광진구,11215,서울특별시,11,노원구,11350,7,20,8,14,17,4,14,4,76,27,11
20230324,서울특별시,11,광진구,11215,서울특별시,11,은평구,11380,5,26,3,12,35,3,5,0,77,30,9
20230324,서울특별시,11,강동구,11740,서울특별시,11,종로구,11110,6,9,5,5,18,5,29,3,18,8,0
20230324,서울특별시,11,강동구,11740,서울특별시,11,중구,11140,7,26,4,0,22,4,18,0,32,15,4
20230324,서울특별시,11,강동구,11740,서울특별시,11,용산구,11170,5,21,0,10,18,0,45,4,26,15,12
20230324,서울특별시,11,강동구,11740,서울특별시,11,성동구,11200,10,31,14,5,24,0,43,0,64,19,7
20230324,서울특별시,11,광진구,11215,서울특별시,11,서대문구,11410,7,14,3,13,24,5,14,0,72,16,12
20230324,서울특별시,11,광진구,11215,서울특별시,11,마포구,11440,11,20,9,18,50,9,12,5,96,30,8
20230324,서울특별시,11,광진구,11215,서울특별시,11,양천구,11470,6,30,8,16,23,7,4,3,65,31,14
20230324,서울특별시,11,도봉구,11320,서울특별시,11,중랑구,11260,3,8,0,18,10,3,5,0,53,16,3
20230324,서울특별시,11,도봉구,11320,서울특별시,11,동대문구,11230,0,10,0,14,22,11,4,0,53,9,4
20230324,서울특별시,11,도봉구,11320,서울특별시,11,광진구,11215,3,7,3,15,28,0,12,0,62,10,4
20230324,서울특별시,11,광진구,11215,서울특별시,11,강서구,11500,5,28,6,29,35,0,21,11,120,45,11
20230324,서울특별시,11,광진구,11215,서울특별시,11,구로구,11530,3,20,0,15,31,0,8,3,96,32,7
20230324,서울특별시,11,광진구,11215,서울특별시,11,금천구,11545,0,12,7,13,24,4,5,0,68,23,3
20230324,서울특별시,11,광진구,11215,서울특별시,11,영등포구,11560,7,26,10,27,26,3,11,4,61,40,8
20230324,서울특별시,11,광진구,11215,서울특별시,11,동작구,11590,4,17,6,7,24,5,7,3,80,43,5
20230324,서울특별시,11,광진구,11215,서울특별시,11,관악구,11620,12,15,8,19,35,4,10,4,102,50,15
20230324,서울특별시,11,광진구,11215,서울특별시,11,서초구,11650,8,32,7,16,32,10,17,5,100,35,13
20230324,서울특별시,11,광진구,11215,서울특별시,11,강남구,11680,9,39,13,36,48,6,23,8,110,68,13
20230324,서울특별시,11,광진구,11215,서울특별시,11,송파구,11710,6,34,13,30,60,6,13,13,149,52,17
20230324,서울특별시,11,광진구,11215,서울특별시,11,강동구,11740,3,27,8,13,28,5,13,0,95,29,6
20230324,서울특별시,11,종로구,11110,서울특별시,11,관악구,11620,6,19,11,14,23,3,12,7,131,29,15
20230324,서울특별시,11,서대문구,11410,서울특별시,11,종로구,11110,0,24,9,14,13,3,14,6,28,14,4
20230324,서울특별시,11,서대문구,11410,서울특별시,11,중구,11140,3,26,8,13,13,3,4,3,52,20,5
20230324,서울특별시,11,서대문구,11410,서울특별시,11,용산구,11170,0,29,3,23,25,6,5,4,30,13,7
20230324,서울특별시,11,종로구,11110,서울특별시,11,서초구,11650,10,43,16,8,27,3,17,4,127,34,13
20230324,서울특별시,11,종로구,11110,서울특별시,11,강남구,11680,23,66,28,17,67,9,29,3,187,58,28
20230324,서울특별시,11,종로구,11110,서울특별시,11,송파구,11710,10,51,16,19,29,5,20,12,171,54,15
20230324,서울특별시,11,종로구,11110,서울특별시,11,강동구,11740,9,42,11,14,20,4,17,6,88,30,14
20230324,서울특별시,11,강북구,11305,서울특별시,11,종로구,11110,3,3,5,0,0,0,4,0,34,10,3
20230324,서울특별시,11,강북구,11305,서울특별시,11,중구,11140,0,0,5,0,3,0,3,0,37,7,3
20230324,서울특별시,11,강북구,11305,서울특별시,11,용산구,11170,0,5,3,10,8,0,5,0,30,4,8
20230324,서울특별시,11,강북구,11305,서울특별시,11,성동구,11200,0,16,12,0,8,0,0,0,50,13,6
20230324,서울특별시,11,강북구,11305,서울특별시,11,광진구,11215,4,9,6,8,4,0,0,0,50,8,6
20230324,서울특별시,11,강북구,11305,서울특별시,11,동대문구,11230,0,12,0,5,0,0,3,3,71,12,6
20230324,서울특별시,11,강북구,11305,서울특별시,11,중랑구,11260,0,12,3,0,8,0,3,3,54,17,8
20230324,서울특별시,11,강북구,11305,서울특별시,11,성북구,11290,0,11,5,4,10,0,7,0,67,16,3
20230324,서울특별시,11,강북구,11305,서울특별시,11,강북구,11305,0,14,7,4,7,0,7,0,40,5,3
20230324,서울특별시,11,강북구,11305,서울특별시,11,도봉구,11320,0,9,0,4,6,0,7,4,46,9,4
20230324,서울특별시,11,강북구,11305,서울특별시,11,노원구,11350,0,21,5,9,13,3,7,3,58,13,5
20230324,서울특별시,11,강북구,11305,서울특별시,11,은평구,11380,0,10,4,3,9,0,8,0,57,8,6
20230324,서울특별시,11,강북구,11305,서울특별시,11,서대문구,11410,0,14,0,3,0,0,5,0,32,9,0
20230324,서울특별시,11,강북구,11305,서울특별시,11,마포구,11440,0,17,6,6,8,3,6,0,52,21,7
20230324,서울특별시,11,강북구,11305,서울특별시,11,양천구,11470,0,11,0,3,7,0,6,0,50,3,6
20230324,서울특별시,11,강북구,11305,서울특별시,11,강서구,11500,3,12,6,7,14,0,12,4,84,15,6
20230324,서울특별시,11,강북구,11305,서울특별시,11,구로구,11530,0,9,3,0,10,0,7,6,54,6,4
20230324,서울특별시,11,강북구,11305,서울특별시,11,금천구,11545,0,10,0,4,13,0,5,3,50,14,0
20230324,서울특별시,11,강북구,11305,서울특별시,11,영등포구,11560,0,8,4,4,9,0,9,0,69,10,7
20230324,서울특별시,11,강북구,11305,서울특별시,11,동작구,11590,0,11,5,7,8,0,0,0,52,7,7
20230324,서울특별시,11,노원구,11350,서울특별시,11,동작구,11590,4,14,3,12,23,0,23,7,25,6,5
20230324,서울특별시,11,노원구,11350,서울특별시,11,관악구,11620,5,7,6,16,50,3,21,4,30,11,4
20230324,서울특별시,11,노원구,11350,서울특별시,11,서초구,11650,5,10,10,15,34,11,20,5,43,5,10
20230324,서울특별시,11,노원구,11350,서울특별시,11,강남구,11680,4,24,6,18,67,11,52,5,50,15,12
20230324,서울특별시,11,노원구,11350,서울특별시,11,송파구,11710,4,27,8,17,51,5,25,5,54,15,15
20230324,서울특별시,11,노원구,11350,서울특별시,11,강동구,11740,5,13,0,22,26,5,22,0,32,12,3
20230324,서울특별시,11,강남구,11680,서울특별시,11,은평구,11380,4,55,27,23,53,9,50,17,208,41,51
20230324,서울특별시,11,강남구,11680,서울특별시,11,서대문구,11410,13,71,22,26,51,10,58,11,191,42,34
20230324,서울특별시,11,강남구,11680,서울특별시,11,마포구,11440,24,82,33,21,100,17,88,23,248,68,50
20230324,서울특별시,11,강남구,11680,서울특별시,11,양천구,11470,16,78,29,16,55,16,48,25,212,55,40
20230324,서울특별시,11,성동구,11200,서울특별시,11,강서구,11500,6,92,57,26,177,3,32,11,231,69,30
20230324,서울특별시,11,성동구,11200,서울특별시,11,양천구,11470,4,56,41,12,220,0,27,8,108,42,13
20230324,서울특별시,11,성동구,11200,서울특별시,11,마포구,11440,12,101,62,19,117,4,40,3,197,66,25
20230324,서울특별시,11,중구,11140,서울특별시,11,종로구,11110,22,53,26,6,56,7,12,0,107,20,0
20230324,서울특별시,11,성동구,11200,서울특별시,11,서대문구,11410,7,44,29,13,75,4,14,6,117,54,7
20230324,서울특별시,11,성동구,11200,서울특별시,11,은평구,11380,16,51,23,19,113,0,22,8,129,31,21
20230324,서울특별시,11,성동구,11200,서울특별시,11,노원구,11350,7,55,36,20,175,3,22,10,154,50,18
20230324,서울특별시,11,성동구,11200,서울특별시,11,도봉구,11320,6,29,18,8,68,3,15,3,94,26,5
20230324,서울특별시,11,강남구,11680,서울특별시,11,강서구,11500,12,121,27,28,64,21,77,30,349,69,83
20230324,서울특별시,11,강남구,11680,서울특별시,11,구로구,11530,7,71,14,21,43,0,39,20,195,46,39
20230324,서울특별시,11,양천구,11470,서울특별시,11,관악구,11620,3,16,8,15,31,5,17,0,38,22,15
20230324,서울특별시,11,강남구,11680,서울특별시,11,금천구,11545,7,70,14,22,42,5,31,12,184,44,26
20230324,서울특별시,11,강남구,11680,서울특별시,11,영등포구,11560,7,99,24,36,72,13,84,32,220,71,65
20230324,서울특별시,11,강남구,11680,서울특별시,11,동작구,11590,4,70,17,22,57,13,59,21,238,61,41
20230324,서울특별시,11,강남구,11680,서울특별시,11,관악구,11620,6,89,33,16,74,12,98,27,305,76,54
20230324,서울특별시,11,강남구,11680,서울특별시,11,서초구,11650,15,142,70,47,117,20,111,30,296,77,151
20230324,서울특별시,11,강남구,11680,서울특별시,11,강남구,11680,33,277,111,67,196,38,186,27,526,134,242
20230324,서울특별시,11,강남구,11680,서울특별시,11,송파구,11710,14,157,52,47,132,19,113,42,401,91,234
20230324,서울특별시,11,강남구,11680,서울특별시,11,강동구,11740,15,84,32,22,57,18,78,28,230,81,33
20230324,서울특별시,11,송파구,11710,서울특별시,11,강동구,11740,5,62,45,16,34,17,45,4,79,27,12
20230324,서울특별시,11,도봉구,11320,서울특별시,11,관악구,11620,6,5,3,17,24,10,15,0,61,16,6
20230324,서울특별시,11,도봉구,11320,서울특별시,11,동작구,11590,0,10,0,15,17,5,10,0,45,19,4
20230324,서울특별시,11,성동구,11200,서울특별시,11,강북구,11305,4,31,13,14,58,3,16,0,83,36,9
20230324,서울특별시,11,성동구,11200,서울특별시,11,성북구,11290,10,53,28,14,126,3,44,8,173,61,123
20230324,서울특별시,11,마포구,11440,서울특별시,11,종로구,11110,10,52,17,30,55,0,54,0,65,16,15
20230324,서울특별시,11,마포구,11440,서울특별시,11,중구,11140,10,65,19,39,67,3,37,3,103,34,13
20230324,서울특별시,11,마포구,11440,서울특별시,11,용산구,11170,3,47,16,86,69,0,45,13,87,19,13
20230324,서울특별시,11,마포구,11440,서울특별시,11,성동구,11200,0,93,23,56,51,11,48,4,175,63,12
20230324,서울특별시,11,마포구,11440,서울특별시,11,광진구,11215,11,61,26,86,64,8,48,5,104,26,29
20230324,서울특별시,11,마포구,11440,서울특별시,11,동대문구,11230,15,74,18,65,67,6,57,7,127,32,23
20230324,서울특별시,11,마포구,11440,서울특별시,11,중랑구,11260,0,48,13,82,58,7,69,0,69,23,18
20230324,서울특별시,11,마포구,11440,서울특별시,11,성북구,11290,7,70,21,87,78,7,66,5,153,40,19
20230324,서울특별시,11,양천구,11470,서울특별시,11,동작구,11590,7,11,6,11,20,0,10,0,23,22,5
20230324,서울특별시,11,양천구,11470,서울특별시,11,영등포구,11560,0,10,4,19,27,5,23,0,36,26,8
20230324,서울특별시,11,양천구,11470,서울특별시,11,금천구,11545,0,13,6,13,17,16,9,0,36,28,6
20230324,서울특별시,11,서대문구,11410,서울특별시,11,성동구,11200,3,41,10,24,30,7,9,4,62,29,12
20230324,서울특별시,11,서대문구,11410,서울특별시,11,광진구,11215,0,16,6,29,20,6,6,4,53,41,21
20230324,서울특별시,11,서대문구,11410,서울특별시,11,동대문구,11230,0,23,10,21,24,8,9,12,46,26,13
20230324,서울특별시,11,서대문구,11410,서울특별시,11,중랑구,11260,4,27,5,19,30,9,6,0,45,22,10
20230324,서울특별시,11,서대문구,11410,서울특별시,11,성북구,11290,6,44,3,34,29,9,14,13,75,29,10
20230324,서울특별시,11,서대문구,11410,서울특별시,11,강북구,11305,3,24,10,14,12,4,5,0,23,15,3
20230324,서울특별시,11,서대문구,11410,서울특별시,11,도봉구,11320,5,18,5,23,23,9,3,3,30,21,11
20230324,서울특별시,11,서대문구,11410,서울특별시,11,노원구,11350,5,20,7,40,34,4,11,7,56,38,13
20230324,서울특별시,11,서대문구,11410,서울특별시,11,은평구,11380,4,37,12,29,34,13,14,10,54,25,21
20230324,서울특별시,11,서대문구,11410,서울특별시,11,서대문구,11410,3,35,11,28,25,8,28,8,48,20,8
20230324,서울특별시,11,서대문구,11410,서울특별시,11,마포구,11440,5,49,18,34,36,14,8,3,63,23,9
20230324,서울특별시,11,서대문구,11410,서울특별시,11,양천구,11470,0,30,6,25,24,5,7,5,43,30,5
20230324,서울특별시,11,서대문구,11410,서울특별시,11,강서구,11500,3,35,24,32,46,8,9,8,62,32,15
20230324,서울특별시,11,서대문구,11410,서울특별시,11,구로구,11530,4,37,10,24,40,9,9,10,53,24,8
20230324,서울특별시,11,서대문구,11410,서울특별시,11,금천구,11545,0,24,5,25,24,9,3,4,44,21,14
20230324,서울특별시,11,서대문구,11410,서울특별시,11,영등포구,11560,0,31,4,32,24,22,5,9,50,23,8
20230324,서울특별시,11,서대문구,11410,서울특별시,11,동작구,11590,4,22,7,23,40,11,6,8,59,25,9
20230324,서울특별시,11,서대문구,11410,서울특별시,11,관악구,11620,3,39,9,30,55,13,5,7,58,28,20
20230324,서울특별시,11,서대문구,11410,서울특별시,11,서초구,11650,3,32,6,38,46,6,12,7,60,31,8
20230324,서울특별시,11,서대문구,11410,서울특별시,11,강남구,11680,5,56,17,48,60,10,16,4,60,41,11
20230324,서울특별시,11,서대문구,11410,서울특별시,11,송파구,11710,4,65,18,37,48,15,11,14,81,42,20
20230324,서울특별시,11,서대문구,11410,서울특별시,11,강동구,11740,9,36,5,24,28,12,11,13,51,27,12
20230324,서울특별시,11,마포구,11440,서울특별시,11,강북구,11305,7,38,14,46,42,4,30,5,71,16,12
20230324,서울특별시,11,마포구,11440,서울특별시,11,도봉구,11320,5,32,12,43,38,5,45,4,67,21,14
20230324,서울특별시,11,마포구,11440,서울특별시,11,노원구,11350,8,70,24,77,82,5,90,5,116,23,24
20230324,서울특별시,11,마포구,11440,서울특별시,11,은평구,11380,8,71,21,80,57,11,64,6,101,36,20
20230324,서울특별시,11,강동구,11740,서울특별시,11,광진구,11215,7,18,5,11,25,5,29,0,37,15,7
20230324,서울특별시,11,강동구,11740,서울특별시,11,동대문구,11230,5,11,0,0,32,5,12,4,23,11,0
20230324,서울특별시,11,강동구,11740,서울특별시,11,중랑구,11260,14,17,4,5,19,3,25,0,24,7,4
20230324,서울특별시,11,강동구,11740,서울특별시,11,성북구,11290,7,31,5,9,26,4,37,4,35,14,4
20230324,서울특별시,11,강동구,11740,서울특별시,11,강북구,11305,3,11,0,6,22,0,21,0,15,10,5
20230324,서울특별시,11,강동구,11740,서울특별시,11,도봉구,11320,7,7,4,3,21,0,19,0,7,10,0
20230324,서울특별시,11,강동구,11740,서울특별시,11,노원구,11350,10,15,5,15,32,5,26,4,10,9,13
20230324,서울특별시,11,마포구,11440,서울특별시,11,서대문구,11410,7,56,22,68,62,10,68,3,118,40,18
20230324,서울특별시,11,마포구,11440,서울특별시,11,마포구,11440,7,134,48,106,110,12,139,4,170,39,33
20230324,서울특별시,11,마포구,11440,서울특별시,11,양천구,11470,8,82,20,64,75,8,65,6,91,22,26
20230324,서울특별시,11,마포구,11440,서울특별시,11,강서구,11500,8,83,37,139,105,13,114,4,144,43,28
20230324,서울특별시,11,마포구,11440,서울특별시,11,구로구,11530,6,72,19,68,84,4,72,3,81,30,16
20230324,서울특별시,11,마포구,11440,서울특별시,11,금천구,11545,0,60,17,47,47,3,53,5,68,30,17
20230324,서울특별시,11,마포구,11440,서울특별시,11,영등포구,11560,3,103,24,104,89,7,89,6,123,39,21
20230324,서울특별시,11,마포구,11440,서울특별시,11,동작구,11590,6,46,36,90,68,14,45,4,98,34,26
20230324,서울특별시,11,마포구,11440,서울특별시,11,관악구,11620,9,75,26,106,86,10,70,9,179,61,27
20230324,서울특별시,11,마포구,11440,서울특별시,11,서초구,11650,5,90,37,97,96,11,100,9,123,35,31
20230324,서울특별시,11,마포구,11440,서울특별시,11,강남구,11680,26,144,55,137,129,18,149,9,175,65,44
20230324,서울특별시,11,마포구,11440,서울특별시,11,송파구,11710,8,117,28,113,121,18,103,11,175,54,38
20230324,서울특별시,11,마포구,11440,서울특별시,11,강동구,11740,4,50,24,68,89,7,71,8,98,32,26
20230324,서울특별시,11,구로구,11530,서울특별시,11,강동구,11740,5,59,15,24,32,8,10,0,85,17,21
20230324,서울특별시,11,구로구,11530,서울특별시,11,송파구,11710,14,121,30,39,65,10,17,5,147,29,27
20230324,서울특별시,11,구로구,11530,서울특별시,11,강남구,11680,19,102,50,51,66,17,17,4,109,30,46
20230324,서울특별시,11,구로구,11530,서울특별시,11,서초구,11650,13,63,33,39,34,5,14,4,79,15,22
20230324,서울특별시,11,구로구,11530,서울특별시,11,관악구,11620,20,101,35,26,32,6,16,0,119,25,16
20230324,서울특별시,11,구로구,11530,서울특별시,11,동작구,11590,7,44,18,17,25,6,8,3,65,20,14
20230324,서울특별시,11,구로구,11530,서울특별시,11,영등포구,11560,8,63,23,24,34,6,12,4,70,21,18
20230324,서울특별시,11,구로구,11530,서울특별시,11,금천구,11545,4,50,17,23,27,3,9,0,79,14,13
20230324,서울특별시,11,구로구,11530,서울특별시,11,구로구,11530,20,67,24,22,46,16,28,7,75,22,20
20230324,서울특별시,11,구로구,11530,서울특별시,11,강서구,11500,15,99,29,38,43,10,10,9,156,35,34
20230324,서울특별시,11,구로구,11530,서울특별시,11,양천구,11470,4,47,23,21,24,6,8,0,82,22,20
20230324,서울특별시,11,용산구,11170,서울특별시,11,영등포구,11560,0,36,5,242,21,4,13,0,65,14,8
20230324,서울특별시,11,용산구,11170,서울특별시,11,금천구,11545,0,24,3,215,9,0,9,0,40,16,0
20230324,서울특별시,11,용산구,11170,서울특별시,11,구로구,11530,3,40,7,217,14,0,20,3,47,17,8
20230324,서울특별시,11,용산구,11170,서울특별시,11,강서구,11500,4,56,5,267,25,0,20,6,72,24,13
20230324,서울특별시,11,용산구,11170,서울특별시,11,양천구,11470,5,34,4,132,18,0,14,0,61,11,6
20230324,서울특별시,11,용산구,11170,서울특별시,11,마포구,11440,4,39,13,235,26,5,15,7,70,19,17
20230324,서울특별시,11,용산구,11170,서울특별시,11,서대문구,11410,0,19,11,143,15,0,17,4,46,7,0
20230324,서울특별시,11,용산구,11170,서울특별시,11,은평구,11380,5,26,16,136,22,7,19,0,44,15,9
20230324,서울특별시,11,용산구,11170,서울특별시,11,노원구,11350,0,30,6,175,23,5,11,3,62,13,0
20230324,서울특별시,11,양천구,11470,서울특별시,11,종로구,11110,0,11,5,6,9,0,6,0,17,11,7
20230324,서울특별시,11,양천구,11470,서울특별시,11,중구,11140,0,23,0,11,12,5,6,0,30,32,3
20230324,서울특별시,11,성동구,11200,서울특별시,11,중랑구,11260,3,45,28,14,76,7,17,7,127,37,15
20230324,서울특별시,11,성동구,11200,서울특별시,11,동대문구,11230,7,52,38,23,129,4,38,6,174,42,90
20230324,서울특별시,11,성동구,11200,서울특별시,11,광진구,11215,9,56,44,11,117,4,33,5,181,46,19
20230324,서울특별시,11,송파구,11710,서울특별시,11,종로구,11110,0,29,12,9,16,5,17,0,39,11,6
20230324,서울특별시,11,송파구,11710,서울특별시,11,중구,11140,0,42,11,5,29,3,35,0,68,19,8
20230324,서울특별시,11,송파구,11710,서울특별시,11,용산구,11170,6,21,13,23,24,8,23,0,64,11,4
20230324,서울특별시,11,송파구,11710,서울특별시,11,성동구,11200,3,57,32,21,21,15,13,3,138,58,11
20230324,서울특별시,11,성동구,11200,서울특별시,11,성동구,11200,11,122,50,21,82,8,35,8,202,63,21
20230324,서울특별시,11,성동구,11200,서울특별시,11,용산구,11170,3,48,33,37,48,4,17,8,135,38,13
20230324,서울특별시,11,성동구,11200,서울특별시,11,중구,11140,7,40,43,15,52,0,18,4,116,48,51
20230324,서울특별시,11,강북구,11305,서울특별시,11,관악구,11620,0,9,5,10,8,0,4,0,76,17,17
20230324,서울특별시,11,강북구,11305,서울특별시,11,서초구,11650,0,8,5,8,12,0,8,0,51,7,3
20230324,서울특별시,11,강북구,11305,서울특별시,11,강남구,11680,5,29,12,20,18,0,15,0,74,14,9
20230324,서울특별시,11,강북구,11305,서울특별시,11,송파구,11710,5,23,5,7,12,0,5,3,102,8,14
20230324,서울특별시,11,강북구,11305,서울특별시,11,강동구,11740,0,12,6,6,4,0,6,0,47,17,10
20230324,서울특별시,11,성동구,11200,서울특별시,11,종로구,11110,9,36,17,6,38,0,13,6,74,36,51
20230324,서울특별시,11,은평구,11380,서울특별시,11,강서구,11500,0,8,0,4,40,5,42,5,32,13,26
20230324,서울특별시,11,은평구,11380,서울특별시,11,구로구,11530,0,7,0,3,54,4,22,7,34,6,30
20230324,서울특별시,11,은평구,11380,서울특별시,11,금천구,11545,0,5,0,8,28,3,18,3,31,8,18
20230324,서울특별시,11,은평구,11380,서울특별시,11,영등포구,11560,0,9,3,0,32,5,39,3,28,8,23
20230324,서울특별시,11,은평구,11380,서울특별시,11,동작구,11590,0,4,9,4,21,4,21,0,12,4,14
20230324,서울특별시,11,양천구,11470,서울특별시,11,강서구,11500,0,22,16,19,26,10,24,0,54,21,13
20230324,서울특별시,11,은평구,11380,서울특별시,11,서대문구,11410,0,7,8,0,19,0,33,0,22,6,13
20230324,서울특별시,11,구로구,11530,서울특별시,11,마포구,11440,8,58,28,30,44,3,12,10,83,19,16
20230324,서울특별시,11,구로구,11530,서울특별시,11,서대문구,11410,6,51,32,30,24,0,11,0,73,17,8
20230324,서울특별시,11,구로구,11530,서울특별시,11,은평구,11380,6,53,27,15,34,8,10,0,84,17,10
20230324,서울특별시,11,구로구,11530,서울특별시,11,노원구,11350,5,66,30,18,34,4,17,4,80,18,13
20230324,서울특별시,11,구로구,11530,서울특별시,11,도봉구,11320,6,34,15,14,18,4,6,0,54,15,12
20230324,서울특별시,11,구로구,11530,서울특별시,11,강북구,11305,6,33,12,13,18,0,9,0,49,11,9
20230324,서울특별시,11,용산구,11170,서울특별시,11,도봉구,11320,0,17,0,96,9,0,8,0,34,4,5
20230324,서울특별시,11,용산구,11170,서울특별시,11,강북구,11305,0,20,5,94,10,0,4,0,38,9,0
20230324,서울특별시,11,용산구,11170,서울특별시,11,성북구,11290,3,24,8,149,23,0,14,6,71,15,11
20230324,서울특별시,11,송파구,11710,서울특별시,11,광진구,11215,4,31,21,8,23,12,23,3,99,15,7
20230324,서울특별시,11,송파구,11710,서울특별시,11,동대문구,11230,9,34,24,6,23,10,35,0,81,23,4
20230324,서울특별시,11,송파구,11710,서울특별시,11,중랑구,11260,0,39,16,9,20,5,23,0,58,23,11
20230324,서울특별시,11,송파구,11710,서울특별시,11,성북구,11290,0,54,16,9,30,8,18,4,118,38,13
20230324,서울특별시,11,송파구,11710,서울특별시,11,강북구,11305,3,26,15,4,20,5,21,0,42,15,10
20230324,서울특별시,11,송파구,11710,서울특별시,11,도봉구,11320,0,15,15,0,21,7,22,0,41,14,9
20230324,서울특별시,11,송파구,11710,서울특별시,11,노원구,11350,6,38,16,10,36,10,33,3,74,21,9
20230324,서울특별시,11,용산구,11170,서울특별시,11,중랑구,11260,0,23,5,126,17,0,14,0,54,14,5
20230324,서울특별시,11,용산구,11170,서울특별시,11,동대문구,11230,0,25,4,126,12,0,8,0,62,8,5
20230324,서울특별시,11,용산구,11170,서울특별시,11,광진구,11215,0,29,7,161,13,0,21,0,50,19,9
20230324,서울특별시,11,용산구,11170,서울특별시,11,성동구,11200,4,37,16,162,10,0,10,4,79,29,7
20230324,서울특별시,11,용산구,11170,서울특별시,11,용산구,11170,0,70,11,192,15,0,32,3,59,18,5
20230324,서울특별시,11,용산구,11170,서울특별시,11,중구,11140,3,24,6,142,15,5,12,3,45,15,4
20230324,서울특별시,11,용산구,11170,서울특별시,11,종로구,11110,3,21,5,113,16,0,8,0,29,3,7
20230324,서울특별시,11,은평구,11380,서울특별시,11,마포구,11440,7,11,14,11,28,3,39,0,19,8,39
20230324,서울특별시,11,서초구,11650,서울특별시,11,중구,11140,5,29,13,7,25,7,33,0,59,9,7
20230324,서울특별시,11,서초구,11650,서울특별시,11,용산구,11170,0,27,19,20,53,0,62,6,42,5,20
20230324,서울특별시,11,서초구,11650,서울특별시,11,성동구,11200,8,52,30,12,78,5,52,6,99,36,18
20230324,서울특별시,11,서초구,11650,서울특별시,11,광진구,11215,3,41,15,16,70,5,38,5,59,12,22
20230324,서울특별시,11,서초구,11650,서울특별시,11,동대문구,11230,7,25,15,5,51,4,35,5,44,13,14
20230324,서울특별시,11,서초구,11650,서울특별시,11,중랑구,11260,0,19,14,9,66,4,32,0,34,18,11
20230324,서울특별시,11,서초구,11650,서울특별시,11,성북구,11290,4,46,19,13,88,9,54,5,74,29,12
20230324,서울특별시,11,서초구,11650,서울특별시,11,강북구,11305,0,10,11,5,48,4,27,4,29,12,8
20230324,서울특별시,11,도봉구,11320,서울특별시,11,영등포구,11560,0,6,3,16,15,7,14,0,58,13,0
20230324,서울특별시,11,도봉구,11320,서울특별시,11,금천구,11545,5,11,0,10,13,5,5,0,44,15,3
20230324,서울특별시,11,양천구,11470,서울특별시,11,용산구,11170,0,12,0,12,19,3,0,0,19,27,0
20230324,서울특별시,11,은평구,11380,서울특별시,11,관악구,11620,4,6,9,8,25,4,51,0,20,9,26
20230324,서울특별시,11,은평구,11380,서울특별시,11,서초구,11650,5,12,6,3,30,7,25,3,20,5,21
20230324,서울특별시,11,양천구,11470,서울특별시,11,성동구,11200,0,26,18,11,23,7,7,0,60,83,11
20230324,서울특별시,11,양천구,11470,서울특별시,11,광진구,11215,0,18,7,14,14,0,6,0,24,24,11
20230324,서울특별시,11,양천구,11470,서울특별시,11,동대문구,11230,0,11,0,13,13,9,9,0,30,39,7
20230324,서울특별시,11,양천구,11470,서울특별시,11,중랑구,11260,3,9,5,11,16,0,7,0,31,10,3
20230324,서울특별시,11,양천구,11470,서울특별시,11,성북구,11290,0,18,8,14,13,3,9,0,45,19,8
20230324,서울특별시,11,양천구,11470,서울특별시,11,강북구,11305,0,4,0,8,13,0,8,0,18,10,4
20230324,서울특별시,11,양천구,11470,서울특별시,11,도봉구,11320,0,14,0,9,22,0,9,0,13,6,5
20230324,서울특별시,11,은평구,11380,서울특별시,11,강남구,11680,0,24,8,7,36,7,42,0,42,14,33
20230324,서울특별시,11,은평구,11380,서울특별시,11,송파구,11710,0,15,9,11,37,9,57,4,35,7,35
20230324,서울특별시,11,은평구,11380,서울특별시,11,강동구,11740,0,5,4,4,28,4,29,6,20,10,22
20230324,서울특별시,11,도봉구,11320,서울특별시,11,강동구,11740,5,8,0,18,17,5,11,3,56,19,5
20230324,서울특별시,11,도봉구,11320,서울특별시,11,송파구,11710,5,15,4,28,32,16,23,0,88,22,3
20230324,서울특별시,11,도봉구,11320,서울특별시,11,강남구,11680,8,31,3,17,33,8,22,0,76,25,6
20230324,서울특별시,11,도봉구,11320,서울특별시,11,서초구,11650,5,10,3,13,26,4,16,3,54,13,0
20230324,서울특별시,11,도봉구,11320,서울특별시,11,성동구,11200,0,16,3,14,17,3,5,4,74,22,3
20230324,서울특별시,11,도봉구,11320,서울특별시,11,용산구,11170,0,5,0,17,17,0,9,0,34,10,0
20230324,서울특별시,11,도봉구,11320,서울특별시,11,중구,11140,3,13,0,7,7,4,0,0,40,8,0
20230324,서울특별시,11,도봉구,11320,서울특별시,11,종로구,11110,0,0,0,8,11,0,4,0,24,5,0
20230324,서울특별시,11,영등포구,11560,서울특별시,11,종로구,11110,0,48,9,8,18,4,21,0,33,10,23
20230324,서울특별시,11,영등포구,11560,서울특별시,11,중구,11140,4,62,24,12,21,5,35,0,45,28,18
20230324,서울특별시,11,영등포구,11560,서울특별시,11,용산구,11170,3,41,12,27,20,3,22,0,34,24,13
20230324,서울특별시,11,영등포구,11560,서울특별시,11,성동구,11200,7,54,14,23,31,5,18,0,82,44,15
20230324,서울특별시,11,송파구,11710,서울특별시,11,송파구,11710,4,102,43,18,65,25,96,7,160,45,18
20230324,서울특별시,11,송파구,11710,서울특별시,11,강남구,11680,9,134,53,22,47,22,84,6,165,52,22
20230324,서울특별시,11,송파구,11710,서울특별시,11,서초구,11650,6,62,31,20,40,14,43,0,100,19,17
20230324,서울특별시,11,도봉구,11320,서울특별시,11,구로구,11530,4,16,0,13,17,0,8,0,74,7,5
20230324,서울특별시,11,서초구,11650,서울특별시,11,도봉구,11320,4,33,18,7,53,3,31,0,21,5,7
20230324,서울특별시,11,서초구,11650,서울특별시,11,노원구,11350,6,30,22,15,81,8,64,8,41,18,17
20230324,서울특별시,11,서초구,11650,서울특별시,11,은평구,11380,6,38,23,6,71,3,54,6,43,16,10
20230324,서울특별시,11,양천구,11470,서울특별시,11,양천구,11470,0,21,23,5,19,0,45,0,37,21,8
20230324,서울특별시,11,서초구,11650,서울특별시,11,서대문구,11410,3,31,21,8,59,5,40,0,27,11,9
20230324,서울특별시,11,서초구,11650,서울특별시,11,마포구,11440,10,40,18,26,65,13,54,9,55,18,18
20230324,서울특별시,11,서초구,11650,서울특별시,11,양천구,11470,3,52,27,13,64,3,51,6,49,16,19
20230324,서울특별시,11,서초구,11650,서울특별시,11,강서구,11500,11,54,34,17,120,6,71,6,77,20,43
20230324,서울특별시,11,서초구,11650,서울특별시,11,구로구,11530,0,33,19,23,66,4,53,9,43,18,30
20230324,서울특별시,11,서초구,11650,서울특별시,11,금천구,11545,6,22,17,14,39,6,30,5,51,22,16
20230324,서울특별시,11,서초구,11650,서울특별시,11,영등포구,11560,7,47,21,18,90,8,81,7,37,9,23
20230324,서울특별시,11,서초구,11650,서울특별시,11,동작구,11590,3,46,29,13,66,5,63,5,51,10,14
20230324,서울특별시,11,서초구,11650,서울특별시,11,관악구,11620,10,41,14,15,92,9,55,0,52,16,16
20230324,서울특별시,11,강동구,11740,서울특별시,11,서대문구,11410,12,23,4,7,15,4,27,0,11,0,8
20230324,서울특별시,11,강동구,11740,서울특별시,11,은평구,11380,10,25,0,8,22,3,26,0,20,12,4
20230324,서울특별시,11,서초구,11650,서울특별시,11,서초구,11650,27,97,81,33,129,10,366,18,103,24,34
20230324,서울특별시,11,중랑구,11260,서울특별시,11,강동구,11740,6,23,5,12,31,8,31,13,64,30,24
20230324,서울특별시,11,중랑구,11260,서울특별시,11,송파구,11710,9,53,11,16,63,10,37,4,108,64,35
20230324,서울특별시,11,중랑구,11260,서울특별시,11,강남구,11680,13,53,25,29,47,15,51,8,135,47,35
20230324,서울특별시,11,중랑구,11260,서울특별시,11,서초구,11650,8,22,10,14,46,10,28,13,88,33,17
20230324,서울특별시,11,중랑구,11260,서울특별시,11,관악구,11620,10,23,4,14,42,9,37,4,154,45,26
20230324,서울특별시,11,중랑구,11260,서울특별시,11,동작구,11590,4,22,4,9,25,6,30,9,66,26,15
20230324,서울특별시,11,중랑구,11260,서울특별시,11,영등포구,11560,6,26,9,14,45,15,30,7,72,34,17
20230324,서울특별시,11,중랑구,11260,서울특별시,11,금천구,11545,5,22,6,9,12,6,11,3,59,23,15
20230324,서울특별시,11,강남구,11680,서울특별시,11,종로구,11110,8,52,17,10,40,6,41,0,103,33,19
20230324,서울특별시,11,강남구,11680,서울특별시,11,중구,11140,8,86,20,26,48,8,42,7,143,39,26
20230324,서울특별시,11,강남구,11680,서울특별시,11,용산구,11170,14,60,24,40,47,9,56,14,170,37,30
20230324,서울특별시,11,강남구,11680,서울특별시,11,성동구,11200,13,100,44,13,55,11,78,25,307,76,42
20230324,서울특별시,11,종로구,11110,서울특별시,11,종로구,11110,7,29,12,3,30,0,14,0,61,25,0
20230324,서울특별시,11,종로구,11110,서울특별시,11,중구,11140,6,30,12,4,15,0,14,0,72,19,7
20230324,서울특별시,11,종로구,11110,서울특별시,11,용산구,11170,10,30,7,16,13,0,16,0,69,13,12
20230324,서울특별시,11,종로구,11110,서울특별시,11,성동구,11200,8,53,21,13,24,0,22,9,125,38,13
20230324,서울특별시,11,종로구,11110,서울특별시,11,광진구,11215,0,28,9,10,22,3,12,3,96,33,13
20230324,서울특별시,11,종로구,11110,서울특별시,11,동대문구,11230,9,37,8,13,10,3,11,3,112,24,6
20230324,서울특별시,11,양천구,11470,서울특별시,11,구로구,11530,0,21,12,14,31,3,17,0,27,12,8
20230324,서울특별시,11,은평구,11380,서울특별시,11,중구,11140,0,10,11,3,17,3,16,0,24,5,11
20230324,서울특별시,11,은평구,11380,서울특별시,11,용산구,11170,0,4,10,11,19,4,23,0,16,0,14
20230324,서울특별시,11,은평구,11380,서울특별시,11,성동구,11200,0,18,11,3,15,3,23,0,57,31,13
20230324,서울특별시,11,은평구,11380,서울특별시,11,광진구,11215,0,10,8,3,27,4,28,0,19,4,12
20230324,서울특별시,11,은평구,11380,서울특별시,11,동대문구,11230,0,7,8,0,30,0,30,5,35,9,19
20230324,서울특별시,11,은평구,11380,서울특별시,11,중랑구,11260,0,4,0,0,18,7,27,3,21,8,21
20230324,서울특별시,11,은평구,11380,서울특별시,11,성북구,11290,0,9,5,3,23,3,44,0,28,9,14
20230324,서울특별시,11,은평구,11380,서울특별시,11,강북구,11305,0,7,0,0,16,0,18,5,15,7,21
20230324,서울특별시,11,은평구,11380,서울특별시,11,도봉구,11320,0,8,0,0,11,0,20,0,21,6,17
20230324,서울특별시,11,은평구,11380,서울특별시,11,노원구,11350,0,0,9,0,32,7,35,3,30,7,28
20230324,서울특별시,11,은평구,11380,서울특별시,11,은평구,11380,0,22,5,4,35,3,85,3,43,8,33
20230324,서울특별시,11,강남구,11680,서울특별시,11,광진구,11215,9,60,27,14,33,5,68,13,236,62,49
20230324,서울특별시,11,강남구,11680,서울특별시,11,동대문구,11230,12,51,20,10,55,10,50,19,233,53,37
20230324,서울특별시,11,강남구,11680,서울특별시,11,중랑구,11260,8,52,17,20,60,11,47,17,212,40,44
20230324,서울특별시,11,중랑구,11260,서울특별시,11,구로구,11530,3,35,6,12,30,5,29,9,68,22,19
20230324,서울특별시,11,중랑구,11260,서울특별시,11,강서구,11500,16,45,6,14,51,13,42,12,108,40,18
20230324,서울특별시,11,중랑구,11260,서울특별시,11,양천구,11470,5,39,9,5,29,9,24,3,74,32,17
20230324,서울특별시,11,강남구,11680,서울특별시,11,성북구,11290,10,101,29,20,50,5,46,20,275,56,50
20230324,서울특별시,11,강남구,11680,서울특별시,11,강북구,11305,5,29,8,13,31,3,38,12,149,35,22
20230325,서울특별시,11,동대문구,11230,서울특별시,11,마포구,11440,0,0,0,0,0,0,0,3,8,0,0
20230325,서울특별시,11,중랑구,11260,서울특별시,11,종로구,11110,0,0,3,0,0,0,0,0,11,0,0
20230325,서울특별시,11,중랑구,11260,서울특별시,11,중구,11140,0,0,0,0,0,0,0,0,10,0,0
20230325,서울특별시,11,중랑구,11260,서울특별시,11,용산구,11170,0,0,0,7,0,0,0,0,3,0,0
20230325,서울특별시,11,중랑구,11260,서울특별시,11,성동구,11200,0,9,16,6,0,0,0,0,25,11,0
20230325,서울특별시,11,중랑구,11260,서울특별시,11,광진구,11215,0,0,3,0,0,0,0,0,7,0,0
20230325,서울특별시,11,중랑구,11260,서울특별시,11,동대문구,11230,0,7,0,0,0,0,0,0,13,0,0
20230325,서울특별시,11,중랑구,11260,서울특별시,11,중랑구,11260,0,5,0,0,0,0,0,0,10,0,0
20230325,서울특별시,11,중랑구,11260,서울특별시,11,성북구,11290,0,6,0,0,4,0,0,0,18,0,0
20230325,서울특별시,11,중랑구,11260,서울특별시,11,강북구,11305,0,0,0,0,3,0,0,0,4,0,0
20230325,서울특별시,11,중랑구,11260,서울특별시,11,도봉구,11320,0,0,0,0,0,0,0,0,4,0,0
20230325,서울특별시,11,중랑구,11260,서울특별시,11,노원구,11350,0,0,0,0,0,0,0,0,7,0,10
20230325,서울특별시,11,중랑구,11260,서울특별시,11,은평구,11380,0,0,0,0,0,0,0,0,0,4,0
20230325,서울특별시,11,중랑구,11260,서울특별시,11,서대문구,11410,0,0,3,0,0,0,0,0,5,0,0
20230325,서울특별시,11,중랑구,11260,서울특별시,11,마포구,11440,0,0,0,0,0,0,0,0,7,0,0
20230325,서울특별시,11,중랑구,11260,서울특별시,11,양천구,11470,0,0,3,0,0,0,0,0,4,0,0
20230325,서울특별시,11,중랑구,11260,서울특별시,11,강서구,11500,0,0,0,0,0,0,0,0,12,0,3
20230325,서울특별시,11,중랑구,11260,서울특별시,11,구로구,11530,0,0,0,0,0,0,0,0,10,0,0
20230325,서울특별시,11,중랑구,11260,서울특별시,11,금천구,11545,0,3,4,0,0,0,0,0,9,0,0
20230325,서울특별시,11,중랑구,11260,서울특별시,11,영등포구,11560,0,0,0,3,0,0,0,0,0,0,0
20230325,서울특별시,11,중랑구,11260,서울특별시,11,동작구,11590,0,0,0,0,0,0,0,0,4,0,0
20230325,서울특별시,11,중랑구,11260,서울특별시,11,관악구,11620,0,0,0,0,0,0,0,0,5,0,0
20230325,서울특별시,11,중랑구,11260,서울특별시,11,서초구,11650,0,4,0,0,0,0,0,0,3,0,0
20230325,서울특별시,11,중랑구,11260,서울특별시,11,강남구,11680,0,7,3,0,0,0,0,0,13,4,4
20230325,서울특별시,11,중랑구,11260,서울특별시,11,송파구,11710,0,3,4,0,0,0,0,0,10,0,0
20230325,서울특별시,11,중랑구,11260,서울특별시,11,강동구,11740,0,0,0,0,0,0,0,0,0,5,0
20230325,서울특별시,11,관악구,11620,서울특별시,11,종로구,11110,0,0,10,0,0,0,0,0,17,0,0
20230325,서울특별시,11,관악구,11620,서울특별시,11,중구,11140,0,3,4,0,0,0,0,0,15,0,0
20230325,서울특별시,11,관악구,11620,서울특별시,11,용산구,11170,0,3,0,3,0,0,0,0,12,0,0
20230325,서울특별시,11,관악구,11620,서울특별시,11,성동구,11200,0,13,17,0,0,0,0,0,48,12,0
20230325,서울특별시,11,관악구,11620,서울특별시,11,광진구,11215,0,0,6,0,0,0,0,0,11,0,0
20230325,서울특별시,11,관악구,11620,서울특별시,11,동대문구,11230,0,4,14,0,3,0,0,0,19,0,0
20230325,서울특별시,11,관악구,11620,서울특별시,11,중랑구,11260,0,7,0,0,0,0,0,0,10,0,0
20230325,서울특별시,11,관악구,11620,서울특별시,11,성북구,11290,0,11,11,0,0,0,0,0,27,5,0
20230325,서울특별시,11,관악구,11620,서울특별시,11,강북구,11305,0,0,0,0,0,0,0,0,8,0,0
20230325,서울특별시,11,관악구,11620,서울특별시,11,도봉구,11320,0,0,3,0,0,0,0,0,6,0,0
20230325,서울특별시,11,관악구,11620,서울특별시,11,노원구,11350,0,0,12,0,0,0,0,0,3,0,0
20230325,서울특별시,11,관악구,11620,서울특별시,11,은평구,11380,0,0,6,0,0,0,0,0,5,4,0
20230325,서울특별시,11,관악구,11620,서울특별시,11,서대문구,11410,0,0,14,0,0,0,3,0,6,0,0
20230325,서울특별시,11,관악구,11620,서울특별시,11,마포구,11440,0,4,14,0,0,0,0,0,14,0,0
20230325,서울특별시,11,관악구,11620,서울특별시,11,양천구,11470,0,3,7,0,0,0,0,0,12,0,0
20230325,서울특별시,11,관악구,11620,서울특별시,11,강서구,11500,0,0,8,3,3,0,0,0,7,0,0
20230325,서울특별시,11,관악구,11620,서울특별시,11,구로구,11530,0,3,3,3,0,0,0,0,9,0,0
20230325,서울특별시,11,관악구,11620,서울특별시,11,금천구,11545,0,0,6,3,9,0,4,0,34,7,55
20230325,서울특별시,11,관악구,11620,서울특별시,11,영등포구,11560,0,5,5,3,0,0,0,0,10,5,0
20230325,서울특별시,11,관악구,11620,서울특별시,11,동작구,11590,0,3,10,0,9,0,8,0,6,0,95
20230325,서울특별시,11,관악구,11620,서울특별시,11,관악구,11620,0,8,20,0,5,0,14,0,12,4,106
20230325,서울특별시,11,관악구,11620,서울특별시,11,서초구,11650,0,6,9,3,0,0,0,0,12,0,0
20230325,서울특별시,11,관악구,11620,서울특별시,11,강남구,11680,0,19,13,0,0,0,0,0,14,0,0
20230325,서울특별시,11,관악구,11620,서울특별시,11,송파구,11710,0,5,12,0,3,3,0,0,11,0,0
20230325,서울특별시,11,관악구,11620,서울특별시,11,강동구,11740,0,5,5,0,0,0,0,0,3,0,0
20230325,서울특별시,11,종로구,11110,서울특별시,11,강동구,11740,0,5,3,0,4,0,0,0,3,3,0
20230325,서울특별시,11,종로구,11110,서울특별시,11,송파구,11710,0,4,0,0,3,0,0,0,3,0,0
20230325,서울특별시,11,종로구,11110,서울특별시,11,강남구,11680,0,7,6,3,3,0,0,0,9,4,0
20230325,서울특별시,11,종로구,11110,서울특별시,11,서초구,11650,0,4,4,0,5,0,0,0,3,4,0
20230325,서울특별시,11,종로구,11110,서울특별시,11,관악구,11620,0,4,4,0,3,0,0,0,0,0,0
20230325,서울특별시,11,종로구,11110,서울특별시,11,동작구,11590,0,0,0,0,3,0,0,0,8,0,0
20230325,서울특별시,11,종로구,11110,서울특별시,11,영등포구,11560,0,4,3,0,0,0,0,0,5,0,0
20230325,서울특별시,11,종로구,11110,서울특별시,11,금천구,11545,0,3,0,0,4,0,0,0,8,0,0
20230325,서울특별시,11,종로구,11110,서울특별시,11,구로구,11530,0,4,3,0,0,0,3,0,5,0,0
20230325,서울특별시,11,종로구,11110,서울특별시,11,강서구,11500,0,7,0,3,4,0,0,0,0,0,0
20230325,서울특별시,11,종로구,11110,서울특별시,11,양천구,11470,0,4,0,0,0,0,0,0,3,0,0
20230325,서울특별시,11,종로구,11110,서울특별시,11,마포구,11440,0,4,0,0,5,0,0,0,8,0,0
20230325,서울특별시,11,종로구,11110,서울특별시,11,서대문구,11410,0,0,5,3,0,0,0,0,3,0,0
20230325,서울특별시,11,종로구,11110,서울특별시,11,은평구,11380,0,0,3,0,0,0,0,0,0,0,0
20230325,서울특별시,11,종로구,11110,서울특별시,11,노원구,11350,0,3,0,4,0,0,0,0,0,4,0
20230325,서울특별시,11,종로구,11110,서울특별시,11,도봉구,11320,0,0,0,4,0,0,0,0,0,0,0
20230325,서울특별시,11,종로구,11110,서울특별시,11,강북구,11305,0,5,0,0,0,0,0,0,0,0,0
20230325,서울특별시,11,종로구,11110,서울특별시,11,성북구,11290,0,0,0,0,0,0,0,0,5,0,0
20230325,서울특별시,11,종로구,11110,서울특별시,11,중랑구,11260,0,0,4,0,0,0,0,0,0,3,0
20230325,서울특별시,11,종로구,11110,서울특별시,11,동대문구,11230,0,0,0,0,0,0,0,0,0,0,0
20230325,서울특별시,11,종로구,11110,서울특별시,11,광진구,11215,0,0,0,0,3,0,0,0,4,0,0
20230325,서울특별시,11,종로구,11110,서울특별시,11,성동구,11200,0,4,4,0,4,0,0,0,11,4,0
20230325,서울특별시,11,종로구,11110,서울특별시,11,용산구,11170,0,0,0,0,0,0,0,0,3,0,0
20230325,서울특별시,11,종로구,11110,서울특별시,11,중구,11140,0,0,3,0,0,0,0,0,9,0,0
20230325,서울특별시,11,종로구,11110,서울특별시,11,종로구,11110,0,0,6,0,0,0,4,0,8,7,0
20230325,서울특별시,11,송파구,11710,서울특별시,11,종로구,11110,0,7,0,0,0,0,0,0,19,7,0
20230325,서울특별시,11,송파구,11710,서울특별시,11,중구,11140,0,9,7,0,4,0,0,0,29,3,0
20230325,서울특별시,11,송파구,11710,서울특별시,11,용산구,11170,0,4,6,12,0,0,0,0,19,5,0
20230325,서울특별시,11,송파구,11710,서울특별시,11,성동구,11200,0,15,16,0,3,0,0,0,46,29,0
20230325,서울특별시,11,송파구,11710,서울특별시,11,광진구,11215,0,18,10,0,9,0,0,0,10,0,0
20230325,서울특별시,11,송파구,11710,서울특별시,11,동대문구,11230,0,28,6,3,5,0,0,0,32,0,0
20230325,서울특별시,11,송파구,11710,서울특별시,11,중랑구,11260,0,16,11,0,4,0,3,0,11,3,0
20230325,서울특별시,11,송파구,11710,서울특별시,11,성북구,11290,0,20,8,0,7,0,0,0,40,9,0
20230325,서울특별시,11,송파구,11710,서울특별시,11,강북구,11305,0,10,0,0,4,0,0,0,5,0,0
20230325,서울특별시,11,송파구,11710,서울특별시,11,도봉구,11320,0,6,4,0,7,0,0,0,4,0,0
20230325,서울특별시,11,송파구,11710,서울특별시,11,노원구,11350,3,9,10,0,8,0,8,0,9,3,0
20230325,서울특별시,11,송파구,11710,서울특별시,11,은평구,11380,0,10,6,0,8,0,0,0,7,0,0
20230325,서울특별시,11,송파구,11710,서울특별시,11,서대문구,11410,0,7,8,0,4,3,11,0,5,0,0
20230325,서울특별시,11,송파구,11710,서울특별시,11,마포구,11440,3,12,13,0,7,0,0,0,11,4,0
20230325,서울특별시,11,송파구,11710,서울특별시,11,양천구,11470,0,17,8,0,3,0,0,0,5,5,0
20230325,서울특별시,11,송파구,11710,서울특별시,11,강서구,11500,0,14,13,0,6,4,3,0,19,5,0
20230325,서울특별시,11,송파구,11710,서울특별시,11,구로구,11530,0,10,10,0,7,0,4,0,17,0,0
20230325,서울특별시,11,송파구,11710,서울특별시,11,금천구,11545,0,10,0,4,3,0,0,0,33,18,0
20230325,서울특별시,11,송파구,11710,서울특별시,11,영등포구,11560,0,18,12,5,10,0,0,0,11,3,0
20230325,서울특별시,11,송파구,11710,서울특별시,11,동작구,11590,0,11,8,0,5,0,0,0,7,4,0
20230325,서울특별시,11,송파구,11710,서울특별시,11,관악구,11620,0,17,5,0,0,0,0,0,8,4,0
20230325,서울특별시,11,송파구,11710,서울특별시,11,서초구,11650,4,15,8,0,9,0,3,0,15,5,0
20230325,서울특별시,11,송파구,11710,서울특별시,11,강남구,11680,3,49,14,0,8,0,6,0,28,10,4
20230325,서울특별시,11,송파구,11710,서울특별시,11,송파구,11710,0,36,22,4,17,3,14,0,36,10,3
20230325,서울특별시,11,송파구,11710,서울특별시,11,강동구,11740,0,10,7,4,8,0,0,0,12,9,0
20230325,서울특별시,11,노원구,11350,서울특별시,11,종로구,11110,0,3,0,0,0,0,0,0,8,5,0
20230325,서울특별시,11,노원구,11350,서울특별시,11,중구,11140,0,3,0,0,0,0,0,0,15,0,0
20230325,서울특별시,11,노원구,11350,서울특별시,11,용산구,11170,0,0,3,5,0,0,0,0,10,0,0
20230325,서울특별시,11,노원구,11350,서울특별시,11,성동구,11200,0,5,6,0,0,0,0,0,27,11,0
20230325,서울특별시,11,노원구,11350,서울특별시,11,광진구,11215,0,0,3,0,0,0,0,0,8,0,0
20230325,서울특별시,11,노원구,11350,서울특별시,11,동대문구,11230,0,0,0,0,0,0,0,0,17,0,0
20230325,서울특별시,11,노원구,11350,서울특별시,11,중랑구,11260,0,5,5,4,0,0,0,0,7,0,0
20230325,서울특별시,11,노원구,11350,서울특별시,11,성북구,11290,0,5,3,0,0,0,0,0,28,3,0
20230325,서울특별시,11,노원구,11350,서울특별시,11,강북구,11305,0,0,3,0,0,0,0,0,6,0,0
20230325,서울특별시,11,노원구,11350,서울특별시,11,도봉구,11320,0,0,0,0,4,3,0,0,3,0,0
20230325,서울특별시,11,노원구,11350,서울특별시,11,노원구,11350,0,4,8,3,0,0,5,0,11,0,0
20230325,서울특별시,11,노원구,11350,서울특별시,11,은평구,11380,0,0,0,0,5,0,3,0,3,0,0
20230325,서울특별시,11,노원구,11350,서울특별시,11,서대문구,11410,0,0,0,0,0,0,0,0,6,0,0
20230325,서울특별시,11,노원구,11350,서울특별시,11,마포구,11440,0,3,5,3,0,0,0,0,12,0,0
20230325,서울특별시,11,노원구,11350,서울특별시,11,양천구,11470,0,3,5,0,0,0,0,0,7,0,0
20230325,서울특별시,11,노원구,11350,서울특별시,11,강서구,11500,0,0,0,0,0,0,3,0,10,3,0
20230325,서울특별시,11,노원구,11350,서울특별시,11,구로구,11530,0,0,0,0,0,0,0,0,12,4,0
20230325,서울특별시,11,노원구,11350,서울특별시,11,금천구,11545,0,19,4,0,0,0,0,0,26,6,0
20230325,서울특별시,11,노원구,11350,서울특별시,11,영등포구,11560,0,0,0,0,0,0,0,0,4,0,0
20230325,서울특별시,11,노원구,11350,서울특별시,11,동작구,11590,0,0,3,0,0,0,0,0,0,0,0
20230325,서울특별시,11,노원구,11350,서울특별시,11,관악구,11620,0,0,0,0,0,0,0,0,9,0,0
20230325,서울특별시,11,노원구,11350,서울특별시,11,서초구,11650,0,0,7,0,0,0,0,0,6,0,0
20230325,서울특별시,11,노원구,11350,서울특별시,11,강남구,11680,0,15,8,4,3,0,0,0,9,0,0
20230325,서울특별시,11,노원구,11350,서울특별시,11,송파구,11710,0,0,0,3,4,3,0,0,9,0,0
20230325,서울특별시,11,노원구,11350,서울특별시,11,강동구,11740,0,0,4,0,0,0,0,0,0,0,0
20230325,서울특별시,11,금천구,11545,서울특별시,11,강동구,11740,0,10,0,0,6,7,7,10,68,40,15
20230325,서울특별시,11,금천구,11545,서울특별시,11,송파구,11710,0,7,0,5,3,20,10,16,92,53,25
20230325,서울특별시,11,금천구,11545,서울특별시,11,강남구,11680,5,13,3,4,7,15,15,7,86,30,23
20230325,서울특별시,11,금천구,11545,서울특별시,11,서초구,11650,3,6,0,0,8,14,5,12,56,42,15
20230325,서울특별시,11,금천구,11545,서울특별시,11,관악구,11620,0,0,3,0,6,5,0,13,55,25,7
20230325,서울특별시,11,금천구,11545,서울특별시,11,동작구,11590,0,7,0,0,0,0,0,12,41,25,3
20230325,서울특별시,11,금천구,11545,서울특별시,11,영등포구,11560,0,5,0,7,5,11,3,8,60,32,13
20230325,서울특별시,11,금천구,11545,서울특별시,11,금천구,11545,0,3,0,0,3,8,4,5,44,19,5
20230325,서울특별시,11,금천구,11545,서울특별시,11,구로구,11530,0,8,0,0,6,7,7,8,66,55,7
20230325,서울특별시,11,금천구,11545,서울특별시,11,강서구,11500,6,12,0,0,4,30,5,13,57,44,19
20230325,서울특별시,11,금천구,11545,서울특별시,11,양천구,11470,0,9,0,0,3,8,3,8,72,34,10
20230325,서울특별시,11,금천구,11545,서울특별시,11,마포구,11440,0,10,0,0,0,8,3,10,64,64,12
20230325,서울특별시,11,금천구,11545,서울특별시,11,서대문구,11410,0,4,0,0,0,8,0,10,42,26,7
20230325,서울특별시,11,금천구,11545,서울특별시,11,은평구,11380,0,12,9,0,5,4,6,7,47,29,5
20230325,서울특별시,11,금천구,11545,서울특별시,11,노원구,11350,0,7,0,0,0,6,0,12,54,40,4
20230325,서울특별시,11,금천구,11545,서울특별시,11,도봉구,11320,0,0,3,0,0,3,6,5,25,19,7
20230325,서울특별시,11,금천구,11545,서울특별시,11,강북구,11305,0,6,0,0,0,0,0,3,34,14,4
20230325,서울특별시,11,금천구,11545,서울특별시,11,성북구,11290,0,9,0,0,7,10,3,15,52,34,9
20230325,서울특별시,11,금천구,11545,서울특별시,11,중랑구,11260,0,7,0,0,3,4,0,5,52,19,10
20230325,서울특별시,11,금천구,11545,서울특별시,11,동대문구,11230,0,4,3,63,0,4,0,5,55,60,3
20230325,서울특별시,11,금천구,11545,서울특별시,11,광진구,11215,0,6,0,5,5,10,8,8,34,16,9
20230325,서울특별시,11,금천구,11545,서울특별시,11,성동구,11200,0,8,5,0,3,9,4,13,52,30,4
20230325,서울특별시,11,금천구,11545,서울특별시,11,용산구,11170,0,5,0,3,0,4,6,15,28,18,14
20230325,서울특별시,11,금천구,11545,서울특별시,11,중구,11140,0,7,0,0,0,5,0,4,22,16,4
20230325,서울특별시,11,금천구,11545,서울특별시,11,종로구,11110,0,5,0,0,0,0,0,0,25,9,4
20230325,서울특별시,11,강남구,11680,서울특별시,11,강동구,11740,0,5,7,4,5,0,3,10,64,13,0
20230325,서울특별시,11,강남구,11680,서울특별시,11,송파구,11710,3,10,16,7,34,3,19,11,104,25,168
20230325,서울특별시,11,강남구,11680,서울특별시,11,강남구,11680,0,40,28,11,24,3,19,6,148,25,156
20230325,서울특별시,11,강남구,11680,서울특별시,11,서초구,11650,0,14,20,0,28,4,9,5,93,15,105
20230325,서울특별시,11,강남구,11680,서울특별시,11,관악구,11620,0,5,4,0,4,0,4,6,82,9,0
20230325,서울특별시,11,강남구,11680,서울특별시,11,동작구,11590,0,9,7,0,6,0,0,4,51,3,3
20230325,서울특별시,11,강남구,11680,서울특별시,11,영등포구,11560,0,17,6,0,19,0,4,6,52,17,5
20230325,서울특별시,11,강남구,11680,서울특별시,11,금천구,11545,0,10,3,0,8,0,3,0,49,9,5
20230325,서울특별시,11,강남구,11680,서울특별시,11,구로구,11530,0,5,9,0,0,0,0,9,53,8,9
20230325,서울특별시,11,강남구,11680,서울특별시,11,강서구,11500,0,8,7,6,7,3,6,5,88,17,0
20230325,서울특별시,11,강남구,11680,서울특별시,11,양천구,11470,0,3,6,0,6,0,0,8,54,8,5
20230325,서울특별시,11,강남구,11680,서울특별시,11,마포구,11440,0,7,14,0,10,0,6,6,67,10,4
20230325,서울특별시,11,강남구,11680,서울특별시,11,서대문구,11410,4,3,0,0,0,6,3,7,51,10,0
20230325,서울특별시,11,강남구,11680,서울특별시,11,은평구,11380,4,5,0,0,6,0,0,5,53,5,4
20230325,서울특별시,11,강남구,11680,서울특별시,11,노원구,11350,0,7,4,3,3,0,0,7,61,6,4
20230325,서울특별시,11,강남구,11680,서울특별시,11,도봉구,11320,0,3,4,0,0,0,0,0,38,6,3
20230325,서울특별시,11,강남구,11680,서울특별시,11,강북구,11305,0,0,3,0,3,0,0,0,40,4,0
20230325,서울특별시,11,강남구,11680,서울특별시,11,성북구,11290,0,17,10,0,7,0,0,7,81,15,0
20230325,서울특별시,11,강남구,11680,서울특별시,11,중랑구,11260,0,3,0,0,6,0,0,5,41,11,0
20230325,서울특별시,11,강남구,11680,서울특별시,11,동대문구,11230,0,5,4,0,6,0,0,3,85,9,0
20230325,서울특별시,11,강남구,11680,서울특별시,11,광진구,11215,0,6,5,0,5,0,3,0,59,12,6
20230325,서울특별시,11,강남구,11680,서울특별시,11,성동구,11200,0,17,15,3,7,0,3,3,91,28,3
20230325,서울특별시,11,강남구,11680,서울특별시,11,용산구,11170,0,7,4,8,4,0,3,0,43,3,0
20230325,서울특별시,11,강남구,11680,서울특별시,11,중구,11140,0,12,5,0,13,0,0,0,50,10,0
20230325,서울특별시,11,강남구,11680,서울특별시,11,종로구,11110,0,5,4,0,5,0,0,0,41,4,0
20230325,서울특별시,11,성동구,11200,서울특별시,11,강동구,11740,0,0,0,0,0,0,9,0,4,5,0
20230325,서울특별시,11,성동구,11200,서울특별시,11,송파구,11710,0,3,6,0,0,0,0,0,8,0,0
20230325,서울특별시,11,성동구,11200,서울특별시,11,강남구,11680,0,10,6,0,3,3,8,0,15,6,0
20230325,서울특별시,11,성동구,11200,서울특별시,11,서초구,11650,0,0,5,0,0,4,0,0,15,4,0
20230325,서울특별시,11,성동구,11200,서울특별시,11,관악구,11620,0,0,6,0,0,0,0,0,6,0,0
20230325,서울특별시,11,성동구,11200,서울특별시,11,동작구,11590,0,0,0,0,0,0,11,0,4,0,0
20230325,서울특별시,11,성동구,11200,서울특별시,11,영등포구,11560,0,0,0,0,3,0,9,0,0,0,0
20230325,서울특별시,11,성동구,11200,서울특별시,11,금천구,11545,0,5,0,0,0,0,9,0,14,0,0
20230325,서울특별시,11,성동구,11200,서울특별시,11,구로구,11530,0,3,0,0,0,0,0,0,8,0,0
20230325,서울특별시,11,성동구,11200,서울특별시,11,강서구,11500,0,10,0,0,0,0,3,0,8,5,0
20230325,서울특별시,11,성동구,11200,서울특별시,11,양천구,11470,0,0,0,0,0,0,0,0,3,42,0
20230325,서울특별시,11,성동구,11200,서울특별시,11,마포구,11440,0,4,0,0,3,0,11,0,8,0,0
20230325,서울특별시,11,성동구,11200,서울특별시,11,서대문구,11410,0,5,4,0,0,0,0,0,3,0,0
20230325,서울특별시,11,성동구,11200,서울특별시,11,은평구,11380,0,3,0,0,0,0,0,0,0,0,0
20230325,서울특별시,11,성동구,11200,서울특별시,11,노원구,11350,0,0,5,0,0,0,0,0,9,3,0
20230325,서울특별시,11,성동구,11200,서울특별시,11,도봉구,11320,0,11,0,0,0,0,0,0,6,0,0
20230325,서울특별시,11,성동구,11200,서울특별시,11,강북구,11305,0,0,0,0,0,0,0,0,3,0,0
20230325,서울특별시,11,성동구,11200,서울특별시,11,성북구,11290,0,9,3,0,5,0,7,0,20,6,105
20230325,서울특별시,11,성동구,11200,서울특별시,11,중랑구,11260,0,0,0,0,0,0,0,0,6,0,0
20230325,서울특별시,11,성동구,11200,서울특별시,11,동대문구,11230,0,5,4,0,8,0,25,0,15,5,97
20230325,서울특별시,11,성동구,11200,서울특별시,11,광진구,11215,0,3,0,0,0,0,7,0,13,6,0
20230325,서울특별시,11,성동구,11200,서울특별시,11,성동구,11200,0,37,11,0,0,0,0,0,38,13,0
20230325,서울특별시,11,성동구,11200,서울특별시,11,용산구,11170,0,0,0,4,0,0,0,0,11,0,0
20230325,서울특별시,11,성동구,11200,서울특별시,11,중구,11140,0,4,3,0,4,0,9,0,23,0,49
20230325,서울특별시,11,성동구,11200,서울특별시,11,종로구,11110,0,0,0,0,0,0,7,0,9,0,53
20230325,서울특별시,11,구로구,11530,서울특별시,11,종로구,11110,0,13,4,0,5,0,0,0,19,7,3
20230325,서울특별시,11,구로구,11530,서울특별시,11,중구,11140,0,12,0,0,0,0,0,0,21,0,0
20230325,서울특별시,11,구로구,11530,서울특별시,11,용산구,11170,0,9,0,14,0,0,0,0,25,4,0
20230325,서울특별시,11,구로구,11530,서울특별시,11,성동구,11200,0,15,3,4,0,0,0,0,49,10,3
20230325,서울특별시,11,구로구,11530,서울특별시,11,광진구,11215,0,23,0,0,3,3,0,0,20,6,0
20230325,서울특별시,11,구로구,11530,서울특별시,11,동대문구,11230,0,27,3,0,4,0,0,0,29,8,3
20230325,서울특별시,11,구로구,11530,서울특별시,11,중랑구,11260,0,21,0,0,3,0,0,0,26,7,0
20230325,서울특별시,11,구로구,11530,서울특별시,11,성북구,11290,0,28,3,0,6,0,0,0,41,8,0
20230325,서울특별시,11,구로구,11530,서울특별시,11,강북구,11305,0,8,0,0,0,0,0,3,18,4,0
20230325,서울특별시,11,구로구,11530,서울특별시,11,도봉구,11320,0,18,0,0,0,0,0,0,21,6,0
20230325,서울특별시,11,구로구,11530,서울특별시,11,노원구,11350,0,176,3,4,0,0,0,0,31,11,5
20230325,서울특별시,11,구로구,11530,서울특별시,11,은평구,11380,0,23,0,0,0,0,0,0,28,4,3
20230325,서울특별시,11,구로구,11530,서울특별시,11,서대문구,11410,0,167,0,0,3,0,0,0,21,5,4
20230325,서울특별시,11,구로구,11530,서울특별시,11,마포구,11440,0,25,4,4,5,0,0,0,28,9,4
20230325,서울특별시,11,구로구,11530,서울특별시,11,양천구,11470,0,17,3,0,6,0,0,0,29,5,0
20230325,서울특별시,11,구로구,11530,서울특별시,11,강서구,11500,0,280,4,0,6,0,0,0,53,17,3
20230325,서울특별시,11,구로구,11530,서울특별시,11,구로구,11530,0,20,3,8,6,0,3,0,31,6,5
20230325,서울특별시,11,구로구,11530,서울특별시,11,금천구,11545,0,8,0,4,0,0,0,0,33,7,0
20230325,서울특별시,11,구로구,11530,서울특별시,11,영등포구,11560,0,22,3,6,0,0,3,0,28,11,8
20230325,서울특별시,11,구로구,11530,서울특별시,11,동작구,11590,0,23,3,0,3,0,0,0,41,3,6
20230325,서울특별시,11,구로구,11530,서울특별시,11,관악구,11620,0,44,0,0,0,0,0,0,48,8,8
20230325,서울특별시,11,구로구,11530,서울특별시,11,서초구,11650,0,18,4,4,4,0,0,4,25,8,4
20230325,서울특별시,11,구로구,11530,서울특별시,11,강남구,11680,0,34,5,7,9,0,0,0,36,4,6
20230325,서울특별시,11,구로구,11530,서울특별시,11,송파구,11710,0,29,7,4,6,0,0,0,52,10,6
20230325,서울특별시,11,구로구,11530,서울특별시,11,강동구,11740,0,25,0,0,0,0,0,0,23,10,3
20230325,서울특별시,11,강동구,11740,서울특별시,11,강동구,11740,5,5,3,0,8,0,16,0,12,6,0
20230325,서울특별시,11,강동구,11740,서울특별시,11,송파구,11710,0,7,4,0,0,0,0,0,12,7,0
20230325,서울특별시,11,강동구,11740,서울특별시,11,강남구,11680,0,12,3,5,5,0,0,0,13,7,0
20230325,서울특별시,11,강동구,11740,서울특별시,11,서초구,11650,0,4,3,0,0,0,0,0,5,4,0
20230325,서울특별시,11,강동구,11740,서울특별시,11,관악구,11620,0,0,0,0,0,0,0,0,3,0,0
20230325,서울특별시,11,강동구,11740,서울특별시,11,동작구,11590,0,4,0,0,0,0,0,0,3,5,0
20230325,서울특별시,11,강동구,11740,서울특별시,11,영등포구,11560,0,6,0,0,0,0,0,0,0,8,0
20230325,서울특별시,11,강동구,11740,서울특별시,11,금천구,11545,0,21,0,0,0,0,0,0,24,5,0
20230325,서울특별시,11,강동구,11740,서울특별시,11,구로구,11530,0,0,4,4,0,0,0,0,12,0,0
20230325,서울특별시,11,강동구,11740,서울특별시,11,강서구,11500,0,5,0,0,20,0,4,0,10,0,0
20230325,서울특별시,11,강동구,11740,서울특별시,11,양천구,11470,0,3,3,0,0,0,0,0,6,5,0
20230325,서울특별시,11,강동구,11740,서울특별시,11,마포구,11440,0,0,3,4,0,0,0,0,6,4,0
20230325,서울특별시,11,강동구,11740,서울특별시,11,서대문구,11410,0,0,3,0,0,0,0,0,6,0,0
20230325,서울특별시,11,강동구,11740,서울특별시,11,은평구,11380,0,0,3,0,0,0,0,0,5,0,0
20230325,서울특별시,11,강동구,11740,서울특별시,11,노원구,11350,0,0,0,0,3,0,0,0,6,3,0
20230325,서울특별시,11,강동구,11740,서울특별시,11,도봉구,11320,0,0,0,0,0,0,0,0,3,6,0
20230325,서울특별시,11,강동구,11740,서울특별시,11,강북구,11305,0,0,4,0,0,0,0,0,5,0,0
20230325,서울특별시,11,강동구,11740,서울특별시,11,성북구,11290,0,14,3,0,0,0,0,0,19,4,0
20230325,서울특별시,11,강동구,11740,서울특별시,11,중랑구,11260,0,6,0,0,0,0,0,0,11,0,0
20230325,서울특별시,11,강동구,11740,서울특별시,11,동대문구,11230,0,0,3,0,3,0,0,0,16,0,0
20230325,서울특별시,11,강동구,11740,서울특별시,11,광진구,11215,0,0,0,0,3,0,0,0,7,3,0
20230325,서울특별시,11,강동구,11740,서울특별시,11,성동구,11200,0,6,13,0,0,0,0,0,32,13,0
20230325,서울특별시,11,강동구,11740,서울특별시,11,용산구,11170,0,0,4,5,0,0,0,0,13,0,0
20230325,서울특별시,11,강동구,11740,서울특별시,11,중구,11140,0,5,7,0,0,0,0,0,19,6,0
20230325,서울특별시,11,강동구,11740,서울특별시,11,종로구,11110,0,0,0,0,0,0,0,0,7,8,0
20230325,서울특별시,11,영등포구,11560,서울특별시,11,강동구,11740,0,0,0,0,3,0,0,0,0,3,0
20230325,서울특별시,11,영등포구,11560,서울특별시,11,송파구,11710,0,3,3,0,6,0,0,0,8,0,3
20230325,서울특별시,11,영등포구,11560,서울특별시,11,강남구,11680,0,21,3,3,4,0,0,0,9,0,4
20230325,서울특별시,11,영등포구,11560,서울특별시,11,서초구,11650,0,5,4,4,6,0,4,0,9,3,3
20230325,서울특별시,11,영등포구,11560,서울특별시,11,관악구,11620,0,0,4,0,0,3,0,0,7,0,0
20230325,서울특별시,11,영등포구,11560,서울특별시,11,동작구,11590,3,0,0,0,0,0,0,0,7,0,0
20230325,서울특별시,11,영등포구,11560,서울특별시,11,영등포구,11560,0,8,5,4,3,0,4,0,6,0,0
20230325,서울특별시,11,영등포구,11560,서울특별시,11,금천구,11545,0,0,0,0,0,0,0,0,23,6,0
20230325,서울특별시,11,영등포구,11560,서울특별시,11,구로구,11530,0,4,3,4,7,0,0,3,12,0,0
20230325,서울특별시,11,영등포구,11560,서울특별시,11,강서구,11500,7,0,6,0,6,0,0,0,10,0,3
20230325,서울특별시,11,영등포구,11560,서울특별시,11,양천구,11470,0,4,0,0,0,0,0,0,5,4,0
20230325,서울특별시,11,영등포구,11560,서울특별시,11,마포구,11440,0,4,0,4,9,0,9,0,7,0,0
20230325,서울특별시,11,영등포구,11560,서울특별시,11,서대문구,11410,0,3,0,0,5,0,3,0,4,0,6
20230325,서울특별시,11,영등포구,11560,서울특별시,11,은평구,11380,0,0,0,3,3,0,6,0,4,0,0
20230325,서울특별시,11,영등포구,11560,서울특별시,11,노원구,11350,7,0,4,0,4,0,0,0,0,0,5
20230325,서울특별시,11,영등포구,11560,서울특별시,11,도봉구,11320,0,3,0,0,0,0,0,0,4,0,0
20230325,서울특별시,11,영등포구,11560,서울특별시,11,강북구,11305,0,3,0,0,0,0,0,0,4,0,0
20230325,서울특별시,11,영등포구,11560,서울특별시,11,성북구,11290,0,0,3,0,5,0,0,0,24,3,0
20230325,서울특별시,11,영등포구,11560,서울특별시,11,중랑구,11260,0,0,3,0,0,0,0,0,5,0,0
20230325,서울특별시,11,영등포구,11560,서울특별시,11,동대문구,11230,0,4,0,0,3,0,0,3,12,0,0
20230325,서울특별시,11,영등포구,11560,서울특별시,11,광진구,11215,0,3,0,3,3,0,6,0,5,0,0
20230325,서울특별시,11,영등포구,11560,서울특별시,11,성동구,11200,0,10,9,0,6,0,5,0,28,12,4
20230325,서울특별시,11,영등포구,11560,서울특별시,11,용산구,11170,0,0,3,5,7,0,10,0,8,0,0
20230325,서울특별시,11,영등포구,11560,서울특별시,11,중구,11140,0,9,3,0,4,0,3,0,19,3,4
20230325,서울특별시,11,영등포구,11560,서울특별시,11,종로구,11110,0,0,0,0,3,0,6,0,16,0,0
20230325,서울특별시,11,서대문구,11410,서울특별시,11,강동구,11740,0,10,5,0,0,0,0,0,0,0,0
20230325,서울특별시,11,서대문구,11410,서울특별시,11,송파구,11710,0,7,5,0,0,0,6,0,5,0,0
20230325,서울특별시,11,서대문구,11410,서울특별시,11,강남구,11680,0,21,7,0,3,0,8,0,12,0,0
20230325,서울특별시,11,서대문구,11410,서울특별시,11,서초구,11650,0,10,4,0,0,0,4,0,5,0,0
20230325,서울특별시,11,서대문구,11410,서울특별시,11,관악구,11620,0,6,0,0,0,0,0,0,4,0,0
20230325,서울특별시,11,서대문구,11410,서울특별시,11,동작구,11590,0,23,0,0,0,0,0,0,4,3,0
20230325,서울특별시,11,서대문구,11410,서울특별시,11,영등포구,11560,0,16,3,0,0,0,0,0,0,0,0
20230325,서울특별시,11,서대문구,11410,서울특별시,11,금천구,11545,0,14,0,0,0,0,0,0,20,4,0
20230325,서울특별시,11,서대문구,11410,서울특별시,11,구로구,11530,0,13,0,0,3,0,0,0,11,0,0
20230325,서울특별시,11,서대문구,11410,서울특별시,11,강서구,11500,0,27,3,0,0,0,6,0,7,0,0
20230325,서울특별시,11,서대문구,11410,서울특별시,11,양천구,11470,0,13,3,0,0,0,0,0,4,0,0
20230325,서울특별시,11,서대문구,11410,서울특별시,11,마포구,11440,0,5,5,0,0,0,0,0,10,0,0
20230325,서울특별시,11,서대문구,11410,서울특별시,11,서대문구,11410,3,8,7,0,4,0,8,0,7,0,0
20230325,서울특별시,11,서대문구,11410,서울특별시,11,은평구,11380,0,12,0,0,0,0,3,0,3,0,0
20230325,서울특별시,11,서대문구,11410,서울특별시,11,노원구,11350,0,28,0,0,0,0,0,0,6,0,0
20230325,서울특별시,11,서대문구,11410,서울특별시,11,도봉구,11320,0,15,0,0,0,0,6,0,0,0,0
20230325,서울특별시,11,서대문구,11410,서울특별시,11,강북구,11305,0,6,0,0,0,0,0,0,3,0,0
20230325,서울특별시,11,서대문구,11410,서울특별시,11,성북구,11290,0,10,3,0,0,0,9,0,15,0,0
20230325,서울특별시,11,서대문구,11410,서울특별시,11,중랑구,11260,0,16,4,0,0,0,0,0,4,4,0
20230325,서울특별시,11,서대문구,11410,서울특별시,11,동대문구,11230,0,4,0,0,3,0,4,0,12,3,0
20230325,서울특별시,11,서대문구,11410,서울특별시,11,광진구,11215,0,3,4,0,4,0,0,0,4,8,0
20230325,서울특별시,11,서대문구,11410,서울특별시,11,성동구,11200,0,12,9,0,0,0,7,0,42,5,0
20230325,서울특별시,11,서대문구,11410,서울특별시,11,용산구,11170,0,0,0,4,0,0,0,0,12,0,0
20230325,서울특별시,11,서대문구,11410,서울특별시,11,중구,11140,0,7,6,0,0,0,4,0,18,5,0
20230325,서울특별시,11,서대문구,11410,서울특별시,11,종로구,11110,0,6,0,0,0,0,0,0,13,0,0
20230325,서울특별시,11,성북구,11290,서울특별시,11,강동구,11740,0,0,0,3,0,0,0,0,5,5,0
20230325,서울특별시,11,성북구,11290,서울특별시,11,송파구,11710,3,13,6,0,6,0,0,0,13,0,0
20230325,서울특별시,11,성북구,11290,서울특별시,11,강남구,11680,0,29,5,5,0,0,0,0,16,7,0
20230325,서울특별시,11,성북구,11290,서울특별시,11,서초구,11650,0,8,5,0,0,0,4,0,10,3,0
20230325,서울특별시,11,성북구,11290,서울특별시,11,관악구,11620,0,3,7,0,0,0,0,0,7,0,0
20230325,서울특별시,11,성북구,11290,서울특별시,11,동작구,11590,0,0,0,0,0,0,0,0,4,0,0
20230325,서울특별시,11,성북구,11290,서울특별시,11,영등포구,11560,0,0,3,0,0,0,0,0,9,0,0
20230325,서울특별시,11,성북구,11290,서울특별시,11,금천구,11545,0,3,3,0,0,0,3,0,22,0,0
20230325,서울특별시,11,성북구,11290,서울특별시,11,구로구,11530,0,4,4,0,0,0,0,0,12,4,0
20230325,서울특별시,11,성북구,11290,서울특별시,11,강서구,11500,0,11,0,0,0,0,0,0,16,5,0
20230325,서울특별시,11,성북구,11290,서울특별시,11,양천구,11470,0,9,0,0,0,0,0,0,9,6,0
20230325,서울특별시,11,성북구,11290,서울특별시,11,마포구,11440,0,8,3,5,0,0,0,0,9,3,0
20230325,서울특별시,11,성북구,11290,서울특별시,11,서대문구,11410,0,8,3,0,0,0,0,0,8,0,0
20230325,서울특별시,11,성북구,11290,서울특별시,11,은평구,11380,0,7,7,3,0,0,0,0,6,3,0
20230325,서울특별시,11,성북구,11290,서울특별시,11,노원구,11350,0,3,3,0,0,0,0,0,7,6,0
20230325,서울특별시,11,성북구,11290,서울특별시,11,도봉구,11320,0,0,0,0,0,0,0,0,5,3,0
20230325,서울특별시,11,성북구,11290,서울특별시,11,강북구,11305,0,4,6,0,0,0,0,0,8,0,0
20230325,서울특별시,11,성북구,11290,서울특별시,11,성북구,11290,0,9,8,5,0,0,5,0,37,7,0
20230325,서울특별시,11,성북구,11290,서울특별시,11,중랑구,11260,0,0,0,0,0,0,0,0,10,4,0
20230325,서울특별시,11,성북구,11290,서울특별시,11,동대문구,11230,0,8,4,0,0,0,0,0,21,0,0
20230325,서울특별시,11,성북구,11290,서울특별시,11,광진구,11215,0,7,0,0,0,0,0,0,6,4,0
20230325,서울특별시,11,성북구,11290,서울특별시,11,성동구,11200,0,16,6,5,0,0,0,0,51,24,0
20230325,서울특별시,11,성북구,11290,서울특별시,11,용산구,11170,0,3,0,5,0,0,0,0,12,0,0
20230325,서울특별시,11,성북구,11290,서울특별시,11,중구,11140,0,0,3,0,0,0,0,0,16,8,3
20230325,서울특별시,11,성북구,11290,서울특별시,11,종로구,11110,0,4,0,4,0,0,0,0,14,0,0
20230325,서울특별시,11,중구,11140,서울특별시,11,강동구,11740,0,4,3,0,11,0,0,0,3,0,0
20230325,서울특별시,11,중구,11140,서울특별시,11,송파구,11710,0,3,3,0,18,0,3,0,8,0,6
20230325,서울특별시,11,중구,11140,서울특별시,11,강남구,11680,0,8,0,0,32,0,6,0,11,0,6
20230325,서울특별시,11,중구,11140,서울특별시,11,서초구,11650,0,0,0,0,25,0,0,0,12,0,3
20230325,서울특별시,11,중구,11140,서울특별시,11,관악구,11620,0,3,0,0,7,0,0,0,5,0,7
20230325,서울특별시,11,중구,11140,서울특별시,11,동작구,11590,0,3,0,0,10,0,0,0,6,0,0
20230325,서울특별시,11,중구,11140,서울특별시,11,영등포구,11560,0,3,0,0,30,0,4,0,5,0,0
20230325,서울특별시,11,중구,11140,서울특별시,11,금천구,11545,0,0,0,0,9,0,0,0,11,0,0
20230325,서울특별시,11,중구,11140,서울특별시,11,구로구,11530,0,4,0,0,10,0,0,0,6,0,4
20230325,서울특별시,11,중구,11140,서울특별시,11,강서구,11500,0,0,0,0,10,0,0,0,3,0,5
20230325,서울특별시,11,중구,11140,서울특별시,11,양천구,11470,0,3,0,0,6,0,0,0,3,0,0
20230325,서울특별시,11,중구,11140,서울특별시,11,마포구,11440,0,8,0,0,14,0,0,0,8,0,0
20230325,서울특별시,11,중구,11140,서울특별시,11,서대문구,11410,0,6,0,0,9,0,0,0,0,0,3
20230325,서울특별시,11,중구,11140,서울특별시,11,은평구,11380,0,0,0,0,9,0,0,0,3,0,3
20230325,서울특별시,11,중구,11140,서울특별시,11,노원구,11350,0,3,0,0,18,0,0,0,3,0,0
20230325,서울특별시,11,중구,11140,서울특별시,11,도봉구,11320,0,4,0,0,0,0,0,0,0,0,0
20230325,서울특별시,11,중구,11140,서울특별시,11,강북구,11305,0,0,0,0,6,0,0,0,3,0,0
20230325,서울특별시,11,중구,11140,서울특별시,11,성북구,11290,0,7,0,0,5,0,0,0,6,0,3
20230325,서울특별시,11,중구,11140,서울특별시,11,중랑구,11260,0,3,0,0,0,0,0,0,5,0,5
20230325,서울특별시,11,중구,11140,서울특별시,11,동대문구,11230,0,0,3,0,0,0,0,0,8,0,3
20230325,서울특별시,11,중구,11140,서울특별시,11,광진구,11215,0,6,0,0,5,0,0,0,0,0,4
20230325,서울특별시,11,중구,11140,서울특별시,11,성동구,11200,0,11,5,4,8,0,0,0,16,5,0
20230325,서울특별시,11,중구,11140,서울특별시,11,용산구,11170,0,15,0,0,11,0,4,0,8,0,0
20230325,서울특별시,11,중구,11140,서울특별시,11,중구,11140,0,24,0,0,15,0,3,0,12,0,3
20230325,서울특별시,11,중구,11140,서울특별시,11,종로구,11110,3,14,0,0,12,0,3,0,13,0,0
20230325,서울특별시,11,은평구,11380,서울특별시,11,종로구,11110,0,0,0,0,0,3,0,0,10,3,0
20230325,서울특별시,11,은평구,11380,서울특별시,11,중구,11140,0,5,0,0,0,0,0,0,13,0,0
20230325,서울특별시,11,은평구,11380,서울특별시,11,용산구,11170,0,0,0,5,0,0,0,0,5,0,0
20230325,서울특별시,11,은평구,11380,서울특별시,11,성동구,11200,0,10,13,3,0,0,0,0,33,7,0
20230325,서울특별시,11,은평구,11380,서울특별시,11,광진구,11215,0,0,5,0,0,0,0,0,7,0,0
20230325,서울특별시,11,은평구,11380,서울특별시,11,동대문구,11230,0,0,3,0,0,0,0,0,18,0,0
20230325,서울특별시,11,은평구,11380,서울특별시,11,중랑구,11260,0,4,0,0,0,0,0,0,3,3,0
20230325,서울특별시,11,은평구,11380,서울특별시,11,성북구,11290,0,4,0,0,0,0,0,0,10,3,0
20230325,서울특별시,11,은평구,11380,서울특별시,11,강북구,11305,0,0,0,0,0,0,0,0,4,0,0
20230325,서울특별시,11,은평구,11380,서울특별시,11,도봉구,11320,0,0,0,0,0,0,0,0,7,0,0
20230325,서울특별시,11,은평구,11380,서울특별시,11,노원구,11350,0,0,3,0,0,0,0,0,4,0,0
20230325,서울특별시,11,은평구,11380,서울특별시,11,은평구,11380,0,3,7,0,8,0,15,0,7,0,9
20230325,서울특별시,11,은평구,11380,서울특별시,11,서대문구,11410,0,4,0,0,0,0,3,0,6,0,0
20230325,서울특별시,11,은평구,11380,서울특별시,11,마포구,11440,0,0,6,0,3,0,0,0,12,0,0
20230325,서울특별시,11,은평구,11380,서울특별시,11,양천구,11470,0,3,0,0,0,0,0,0,0,0,0
20230325,서울특별시,11,은평구,11380,서울특별시,11,강서구,11500,0,0,0,0,0,0,0,0,19,0,0
20230325,서울특별시,11,은평구,11380,서울특별시,11,구로구,11530,0,0,0,0,0,0,0,0,13,0,0
20230325,서울특별시,11,은평구,11380,서울특별시,11,금천구,11545,0,0,0,0,0,0,0,0,22,4,0
20230325,서울특별시,11,은평구,11380,서울특별시,11,영등포구,11560,0,0,4,0,0,0,0,0,3,3,0
20230325,서울특별시,11,은평구,11380,서울특별시,11,동작구,11590,0,0,3,0,0,0,0,0,0,0,0
20230325,서울특별시,11,은평구,11380,서울특별시,11,관악구,11620,0,0,4,0,0,0,0,0,4,0,0
20230325,서울특별시,11,은평구,11380,서울특별시,11,서초구,11650,0,0,0,0,4,0,0,0,6,0,0
20230325,서울특별시,11,은평구,11380,서울특별시,11,강남구,11680,0,11,4,3,0,0,0,0,6,0,0
20230325,서울특별시,11,은평구,11380,서울특별시,11,송파구,11710,0,3,5,0,0,0,0,0,13,3,0
20230325,서울특별시,11,은평구,11380,서울특별시,11,강동구,11740,0,3,0,0,0,0,0,0,4,0,5
20230325,서울특별시,11,마포구,11440,서울특별시,11,강동구,11740,0,4,0,0,6,0,0,0,4,9,0
20230325,서울특별시,11,마포구,11440,서울특별시,11,송파구,11710,0,10,8,3,17,0,0,0,17,4,0
20230325,서울특별시,11,마포구,11440,서울특별시,11,강남구,11680,3,15,7,5,15,0,0,0,31,3,0
20230325,서울특별시,11,마포구,11440,서울특별시,11,서초구,11650,0,16,3,0,6,0,0,0,11,3,0
20230325,서울특별시,11,마포구,11440,서울특별시,11,관악구,11620,0,10,8,0,8,0,0,0,9,5,0
20230325,서울특별시,11,마포구,11440,서울특별시,11,동작구,11590,0,3,0,0,6,0,0,0,7,5,0
20230325,서울특별시,11,마포구,11440,서울특별시,11,영등포구,11560,0,13,7,0,6,0,0,0,6,3,0
20230325,서울특별시,11,마포구,11440,서울특별시,11,금천구,11545,0,8,0,3,0,0,0,0,23,13,0
20230325,서울특별시,11,마포구,11440,서울특별시,11,구로구,11530,0,6,0,4,7,0,0,0,9,3,0
20230325,서울특별시,11,마포구,11440,서울특별시,11,강서구,11500,0,6,4,0,7,0,3,0,12,4,0
20230325,서울특별시,11,마포구,11440,서울특별시,11,양천구,11470,0,28,3,0,7,0,3,0,3,0,0
20230325,서울특별시,11,마포구,11440,서울특별시,11,마포구,11440,0,21,12,3,7,0,6,0,11,8,0
20230325,서울특별시,11,마포구,11440,서울특별시,11,서대문구,11410,0,10,8,0,11,0,0,0,7,4,0
20230325,서울특별시,11,마포구,11440,서울특별시,11,은평구,11380,0,11,5,0,23,0,14,0,7,5,5
20230325,서울특별시,11,마포구,11440,서울특별시,11,노원구,11350,4,8,6,0,7,0,0,0,7,0,0
20230325,서울특별시,11,마포구,11440,서울특별시,11,도봉구,11320,0,0,0,0,7,0,0,0,6,0,0
20230325,서울특별시,11,마포구,11440,서울특별시,11,강북구,11305,0,3,0,0,6,0,0,0,4,0,0
20230325,서울특별시,11,마포구,11440,서울특별시,11,성북구,11290,0,13,0,0,9,0,3,0,21,6,0
20230325,서울특별시,11,마포구,11440,서울특별시,11,중랑구,11260,0,11,4,0,5,0,0,0,7,6,0
20230325,서울특별시,11,마포구,11440,서울특별시,11,동대문구,11230,0,10,7,0,5,0,0,0,18,4,0
20230325,서울특별시,11,마포구,11440,서울특별시,11,광진구,11215,0,4,3,0,8,0,0,0,5,6,0
20230325,서울특별시,11,마포구,11440,서울특별시,11,성동구,11200,0,11,6,0,8,0,0,0,42,16,0
20230325,서울특별시,11,마포구,11440,서울특별시,11,용산구,11170,0,3,4,9,4,0,0,0,12,0,0
20230325,서울특별시,11,마포구,11440,서울특별시,11,중구,11140,0,10,9,0,4,0,0,0,25,7,0
20230325,서울특별시,11,마포구,11440,서울특별시,11,종로구,11110,5,4,4,0,10,0,0,0,15,5,0
20230325,서울특별시,11,도봉구,11320,서울특별시,11,종로구,11110,0,0,0,0,0,0,0,0,4,3,0
20230325,서울특별시,11,도봉구,11320,서울특별시,11,중구,11140,0,6,0,0,0,0,0,0,10,0,0
20230325,서울특별시,11,도봉구,11320,서울특별시,11,용산구,11170,0,0,0,8,3,0,0,0,6,0,0
20230325,서울특별시,11,도봉구,11320,서울특별시,11,성동구,11200,0,0,5,0,0,0,0,0,20,11,0
20230325,서울특별시,11,도봉구,11320,서울특별시,11,광진구,11215,0,0,0,0,0,0,0,0,5,0,0
20230325,서울특별시,11,도봉구,11320,서울특별시,11,동대문구,11230,0,4,0,0,0,0,0,0,12,0,0
20230325,서울특별시,11,도봉구,11320,서울특별시,11,중랑구,11260,0,0,0,0,0,0,0,0,6,0,0
20230325,서울특별시,11,도봉구,11320,서울특별시,11,성북구,11290,0,7,0,0,0,0,0,0,12,3,0
20230325,서울특별시,11,도봉구,11320,서울특별시,11,강북구,11305,0,0,0,0,0,0,0,0,4,0,0
20230325,서울특별시,11,도봉구,11320,서울특별시,11,도봉구,11320,0,0,3,0,0,0,3,0,3,0,0
20230325,서울특별시,11,도봉구,11320,서울특별시,11,노원구,11350,0,0,5,0,0,0,0,0,5,0,0
20230325,서울특별시,11,도봉구,11320,서울특별시,11,은평구,11380,0,0,0,0,0,0,0,0,0,0,0
20230325,서울특별시,11,도봉구,11320,서울특별시,11,서대문구,11410,0,0,0,0,0,0,0,0,0,0,0
20230325,서울특별시,11,도봉구,11320,서울특별시,11,마포구,11440,0,0,0,0,0,0,0,0,0,0,0
20230325,서울특별시,11,도봉구,11320,서울특별시,11,양천구,11470,0,0,0,0,0,0,0,0,0,0,0
20230325,서울특별시,11,도봉구,11320,서울특별시,11,강서구,11500,0,0,3,0,0,0,0,0,8,0,0
20230325,서울특별시,11,도봉구,11320,서울특별시,11,구로구,11530,0,0,0,0,0,0,0,0,4,0,0
20230325,서울특별시,11,도봉구,11320,서울특별시,11,금천구,11545,0,0,0,0,0,0,0,0,8,3,0
20230325,서울특별시,11,도봉구,11320,서울특별시,11,영등포구,11560,0,0,0,0,0,0,0,0,4,0,0
20230325,서울특별시,11,도봉구,11320,서울특별시,11,동작구,11590,0,0,0,0,0,0,0,0,0,0,0
20230325,서울특별시,11,도봉구,11320,서울특별시,11,관악구,11620,0,0,3,0,0,0,0,0,0,3,0
20230325,서울특별시,11,도봉구,11320,서울특별시,11,서초구,11650,0,3,0,0,0,0,0,0,5,0,0
20230325,서울특별시,11,도봉구,11320,서울특별시,11,강남구,11680,0,6,0,0,0,0,0,0,4,0,0
20230325,서울특별시,11,도봉구,11320,서울특별시,11,송파구,11710,0,3,3,0,0,0,0,0,6,0,0
20230325,서울특별시,11,도봉구,11320,서울특별시,11,강동구,11740,0,3,0,0,0,0,0,0,0,4,0
20230325,서울특별시,11,용산구,11170,서울특별시,11,종로구,11110,0,3,0,0,0,0,0,0,8,0,0
20230325,서울특별시,11,용산구,11170,서울특별시,11,중구,11140,0,7,0,0,0,0,0,0,9,0,0
20230325,서울특별시,11,용산구,11170,서울특별시,11,용산구,11170,0,0,0,0,0,0,0,0,6,0,0
20230325,서울특별시,11,용산구,11170,서울특별시,11,성동구,11200,0,12,6,8,0,0,0,0,25,11,0
20230325,서울특별시,11,용산구,11170,서울특별시,11,광진구,11215,0,3,3,0,0,4,0,0,4,0,0
20230325,서울특별시,11,용산구,11170,서울특별시,11,동대문구,11230,0,6,0,0,0,0,0,0,9,0,0
20230325,서울특별시,11,용산구,11170,서울특별시,11,중랑구,11260,0,0,0,0,0,0,0,0,6,0,0
20230325,서울특별시,11,용산구,11170,서울특별시,11,성북구,11290,0,8,0,4,0,0,0,0,9,0,0
20230325,서울특별시,11,용산구,11170,서울특별시,11,강북구,11305,0,0,0,0,0,0,0,0,6,0,0
20230325,서울특별시,11,용산구,11170,서울특별시,11,도봉구,11320,0,0,0,0,0,0,0,0,0,0,0
20230325,서울특별시,11,용산구,11170,서울특별시,11,노원구,11350,0,5,5,0,0,0,0,0,0,0,0
20230325,서울특별시,11,용산구,11170,서울특별시,11,은평구,11380,0,3,0,0,0,0,0,0,3,0,0
20230325,서울특별시,11,용산구,11170,서울특별시,11,서대문구,11410,0,0,0,0,0,0,0,0,4,0,0
20230325,서울특별시,11,용산구,11170,서울특별시,11,마포구,11440,0,5,0,0,0,0,0,0,6,0,0
20230325,서울특별시,11,용산구,11170,서울특별시,11,양천구,11470,0,0,4,0,0,0,0,0,4,0,0
20230325,서울특별시,11,용산구,11170,서울특별시,11,강서구,11500,0,5,0,3,0,0,0,0,4,5,0
20230325,서울특별시,11,용산구,11170,서울특별시,11,구로구,11530,0,0,0,0,0,0,0,0,8,0,0
20230325,서울특별시,11,용산구,11170,서울특별시,11,금천구,11545,0,0,0,0,0,0,0,0,7,0,0
20230325,서울특별시,11,용산구,11170,서울특별시,11,영등포구,11560,0,6,0,0,0,0,0,0,0,0,0
20230325,서울특별시,11,용산구,11170,서울특별시,11,동작구,11590,0,4,0,0,0,0,0,0,6,0,0
20230325,서울특별시,11,용산구,11170,서울특별시,11,관악구,11620,0,3,0,0,0,0,0,0,5,0,0
20230325,서울특별시,11,용산구,11170,서울특별시,11,서초구,11650,0,8,3,0,0,0,0,0,3,0,0
20230325,서울특별시,11,용산구,11170,서울특별시,11,강남구,11680,0,16,3,4,3,0,0,0,11,0,0
20230325,서울특별시,11,용산구,11170,서울특별시,11,송파구,11710,0,0,8,0,0,0,0,0,4,0,0
20230325,서울특별시,11,용산구,11170,서울특별시,11,강동구,11740,0,4,3,0,0,0,0,0,0,4,0
20230325,서울특별시,11,서초구,11650,서울특별시,11,강동구,11740,0,5,0,0,0,0,7,0,6,9,0
20230325,서울특별시,11,서초구,11650,서울특별시,11,송파구,11710,0,6,4,0,5,6,10,0,12,4,0
20230325,서울특별시,11,서초구,11650,서울특별시,11,강남구,11680,0,38,16,4,12,7,30,0,34,6,4
20230325,서울특별시,11,서초구,11650,서울특별시,11,서초구,11650,4,59,13,13,13,5,200,0,44,13,7
20230325,서울특별시,11,서초구,11650,서울특별시,11,관악구,11620,0,6,8,3,0,0,5,0,4,0,0
20230325,서울특별시,11,서초구,11650,서울특별시,11,동작구,11590,0,9,4,0,6,0,10,0,13,3,0
20230325,서울특별시,11,서초구,11650,서울특별시,11,영등포구,11560,0,5,4,0,4,0,3,0,5,4,0
20230325,서울특별시,11,서초구,11650,서울특별시,11,금천구,11545,0,3,0,0,4,4,0,0,31,16,0
20230325,서울특별시,11,서초구,11650,서울특별시,11,구로구,11530,0,6,0,0,3,0,3,0,5,0,0
20230325,서울특별시,11,서초구,11650,서울특별시,11,강서구,11500,0,9,5,3,6,3,4,0,13,5,6
20230325,서울특별시,11,서초구,11650,서울특별시,11,양천구,11470,0,4,0,0,5,0,4,0,4,0,0
20230325,서울특별시,11,서초구,11650,서울특별시,11,마포구,11440,0,8,0,4,6,0,3,0,7,3,0
20230325,서울특별시,11,서초구,11650,서울특별시,11,서대문구,11410,0,3,0,0,4,3,0,0,6,3,0
20230325,서울특별시,11,서초구,11650,서울특별시,11,은평구,11380,0,7,4,0,4,0,4,0,4,0,0
20230325,서울특별시,11,서초구,11650,서울특별시,11,노원구,11350,0,6,0,0,6,3,0,0,3,0,0
20230325,서울특별시,11,서초구,11650,서울특별시,11,도봉구,11320,3,5,0,0,0,0,0,0,0,0,0
20230325,서울특별시,11,서초구,11650,서울특별시,11,강북구,11305,0,0,0,0,0,0,0,0,10,0,0
20230325,서울특별시,11,서초구,11650,서울특별시,11,성북구,11290,0,8,6,0,4,0,0,0,16,0,0
20230325,서울특별시,11,서초구,11650,서울특별시,11,중랑구,11260,0,6,3,0,3,0,3,0,9,0,0
20230325,서울특별시,11,서초구,11650,서울특별시,11,동대문구,11230,0,9,0,0,0,0,3,0,7,0,0
20230325,서울특별시,11,서초구,11650,서울특별시,11,광진구,11215,0,6,4,0,0,0,5,0,10,0,0
20230325,서울특별시,11,서초구,11650,서울특별시,11,성동구,11200,0,9,8,0,6,0,4,0,46,8,0
20230325,서울특별시,11,서초구,11650,서울특별시,11,용산구,11170,0,8,4,7,8,0,11,0,18,3,0
20230325,서울특별시,11,서초구,11650,서울특별시,11,중구,11140,0,5,7,0,0,0,0,0,14,0,0
20230325,서울특별시,11,서초구,11650,서울특별시,11,종로구,11110,0,0,0,0,0,3,0,0,13,3,0
20230325,서울특별시,11,광진구,11215,서울특별시,11,강동구,11740,0,0,4,0,0,0,0,0,4,3,0
20230325,서울특별시,11,광진구,11215,서울특별시,11,송파구,11710,0,3,4,0,0,3,0,0,8,3,0
20230325,서울특별시,11,광진구,11215,서울특별시,11,강남구,11680,0,15,4,8,0,0,0,0,22,3,0
20230325,서울특별시,11,광진구,11215,서울특별시,11,서초구,11650,0,3,4,8,0,0,3,0,9,0,0
20230325,서울특별시,11,광진구,11215,서울특별시,11,관악구,11620,0,4,3,0,0,0,0,0,4,0,0
20230325,서울특별시,11,광진구,11215,서울특별시,11,동작구,11590,0,0,0,0,0,0,0,0,0,0,0
20230325,서울특별시,11,광진구,11215,서울특별시,11,영등포구,11560,0,0,0,3,4,0,0,0,3,5,0
20230325,서울특별시,11,광진구,11215,서울특별시,11,금천구,11545,0,3,0,8,3,0,0,0,17,3,0
20230325,서울특별시,11,광진구,11215,서울특별시,11,구로구,11530,0,0,4,0,4,0,0,0,11,3,0
20230325,서울특별시,11,광진구,11215,서울특별시,11,강서구,11500,0,3,3,4,0,0,0,0,9,5,0
20230325,서울특별시,11,광진구,11215,서울특별시,11,양천구,11470,0,4,0,0,0,0,0,0,4,0,0
20230325,서울특별시,11,광진구,11215,서울특별시,11,마포구,11440,0,3,3,3,4,0,0,0,5,4,0
20230325,서울특별시,11,광진구,11215,서울특별시,11,서대문구,11410,0,0,4,3,0,0,0,0,5,0,0
20230325,서울특별시,11,광진구,11215,서울특별시,11,은평구,11380,0,0,0,0,0,0,0,0,5,3,0
20230325,서울특별시,11,광진구,11215,서울특별시,11,노원구,11350,0,0,0,0,0,0,0,0,0,0,0
20230325,서울특별시,11,광진구,11215,서울특별시,11,도봉구,11320,0,0,0,0,0,0,0,0,6,0,0
20230325,서울특별시,11,광진구,11215,서울특별시,11,강북구,11305,0,0,0,0,0,0,0,0,6,0,0
20230325,서울특별시,11,광진구,11215,서울특별시,11,성북구,11290,0,5,4,0,0,0,0,0,23,4,0
20230325,서울특별시,11,광진구,11215,서울특별시,11,중랑구,11260,0,0,3,3,0,0,0,0,11,0,0
20230325,서울특별시,11,광진구,11215,서울특별시,11,동대문구,11230,0,0,0,3,0,0,0,0,12,4,0
20230325,서울특별시,11,광진구,11215,서울특별시,11,광진구,11215,0,0,4,6,5,3,7,0,13,4,0
20230325,서울특별시,11,광진구,11215,서울특별시,11,성동구,11200,0,41,9,0,0,0,0,0,39,14,0
20230325,서울특별시,11,광진구,11215,서울특별시,11,용산구,11170,0,0,3,8,0,0,0,0,4,0,0
20230325,서울특별시,11,광진구,11215,서울특별시,11,중구,11140,0,9,3,0,0,0,0,0,16,4,0
20230325,서울특별시,11,광진구,11215,서울특별시,11,종로구,11110,0,0,3,0,0,0,0,0,6,4,0
20230325,서울특별시,11,동대문구,11230,서울특별시,11,종로구,11110,0,0,4,0,0,0,0,0,12,0,0
20230325,서울특별시,11,동대문구,11230,서울특별시,11,중구,11140,0,4,4,0,0,0,0,0,9,3,0
20230325,서울특별시,11,동대문구,11230,서울특별시,11,용산구,11170,0,0,0,0,0,0,0,0,4,0,0
20230325,서울특별시,11,동대문구,11230,서울특별시,11,성동구,11200,0,18,9,0,0,0,0,3,50,9,0
20230325,서울특별시,11,동대문구,11230,서울특별시,11,광진구,11215,0,4,0,0,0,0,0,0,8,0,0
20230325,서울특별시,11,동대문구,11230,서울특별시,11,동대문구,11230,0,0,6,3,0,0,6,0,19,0,0
20230325,서울특별시,11,동대문구,11230,서울특별시,11,중랑구,11260,0,3,4,0,0,0,0,0,8,0,0
20230325,서울특별시,11,동대문구,11230,서울특별시,11,성북구,11290,0,0,3,0,0,0,0,0,32,3,0
20230325,서울특별시,11,동대문구,11230,서울특별시,11,강북구,11305,0,0,0,0,0,0,0,0,6,0,0
20230325,서울특별시,11,동대문구,11230,서울특별시,11,도봉구,11320,0,0,0,0,0,0,0,0,4,0,0
20230325,서울특별시,11,동대문구,11230,서울특별시,11,노원구,11350,0,3,4,0,5,0,0,0,4,0,0
20230325,서울특별시,11,동대문구,11230,서울특별시,11,은평구,11380,0,0,0,0,0,0,0,0,5,0,0
20230325,서울특별시,11,동대문구,11230,서울특별시,11,서대문구,11410,0,0,3,0,0,0,0,0,3,0,0
20230325,서울특별시,11,동대문구,11230,서울특별시,11,양천구,11470,0,15,0,0,4,0,0,0,6,0,0
20230325,서울특별시,11,동대문구,11230,서울특별시,11,강서구,11500,0,4,3,0,0,0,0,0,11,0,0
20230325,서울특별시,11,동대문구,11230,서울특별시,11,구로구,11530,0,0,0,0,3,0,0,0,12,0,0
20230325,서울특별시,11,동대문구,11230,서울특별시,11,금천구,11545,0,0,0,0,3,0,0,0,24,3,0
20230325,서울특별시,11,동대문구,11230,서울특별시,11,영등포구,11560,0,4,5,0,4,0,0,0,9,0,0
20230325,서울특별시,11,동대문구,11230,서울특별시,11,동작구,11590,0,0,5,0,3,0,0,0,5,0,0
20230325,서울특별시,11,동대문구,11230,서울특별시,11,관악구,11620,0,0,0,0,0,0,0,0,4,0,0
20230325,서울특별시,11,동대문구,11230,서울특별시,11,서초구,11650,0,0,0,0,0,0,0,0,4,0,0
20230325,서울특별시,11,동대문구,11230,서울특별시,11,강남구,11680,0,22,5,0,0,0,0,3,12,0,0
20230325,서울특별시,11,동대문구,11230,서울특별시,11,송파구,11710,0,0,0,0,0,0,0,0,8,0,0
20230325,서울특별시,11,동대문구,11230,서울특별시,11,강동구,11740,0,0,0,0,0,0,0,0,3,4,0
20230325,서울특별시,11,동작구,11590,서울특별시,11,강동구,11740,0,3,7,0,0,0,0,0,5,4,0
20230325,서울특별시,11,동작구,11590,서울특별시,11,송파구,11710,0,6,4,0,3,0,0,0,7,4,0
20230325,서울특별시,11,동작구,11590,서울특별시,11,강남구,11680,0,22,9,3,0,5,4,0,28,8,0
20230325,서울특별시,11,동작구,11590,서울특별시,11,서초구,11650,0,0,9,0,0,0,0,0,13,0,0
20230325,서울특별시,11,동작구,11590,서울특별시,11,관악구,11620,0,0,8,0,0,0,0,0,11,0,0
20230325,서울특별시,11,동작구,11590,서울특별시,11,동작구,11590,0,0,5,0,0,0,5,0,12,0,0
20230325,서울특별시,11,동작구,11590,서울특별시,11,영등포구,11560,0,5,6,0,0,0,0,0,6,3,4
20230325,서울특별시,11,동작구,11590,서울특별시,11,금천구,11545,0,4,0,0,0,0,0,0,15,11,0
20230325,서울특별시,11,동작구,11590,서울특별시,11,구로구,11530,0,0,0,0,0,0,0,0,15,0,0
20230325,서울특별시,11,동작구,11590,서울특별시,11,강서구,11500,0,4,4,0,0,0,0,0,13,0,0
20230325,서울특별시,11,동작구,11590,서울특별시,11,양천구,11470,0,6,0,0,0,0,0,0,6,0,0
20230325,서울특별시,11,동작구,11590,서울특별시,11,마포구,11440,0,0,5,3,3,0,0,3,11,3,0
20230325,서울특별시,11,동작구,11590,서울특별시,11,서대문구,11410,0,0,3,0,0,0,0,0,4,0,0
20230325,서울특별시,11,동작구,11590,서울특별시,11,은평구,11380,0,0,0,0,0,0,0,0,5,0,0
20230325,서울특별시,11,동작구,11590,서울특별시,11,노원구,11350,0,0,5,0,0,0,0,0,4,0,3
20230325,서울특별시,11,동작구,11590,서울특별시,11,도봉구,11320,0,0,0,0,0,0,0,0,7,0,0
20230325,서울특별시,11,동작구,11590,서울특별시,11,강북구,11305,0,0,0,0,0,0,0,0,4,0,0
20230325,서울특별시,11,동작구,11590,서울특별시,11,성북구,11290,0,9,4,0,3,0,0,0,28,0,0
20230325,서울특별시,11,동작구,11590,서울특별시,11,중랑구,11260,0,3,0,0,0,0,0,0,8,0,0
20230325,서울특별시,11,동작구,11590,서울특별시,11,동대문구,11230,0,0,4,0,0,0,4,0,16,0,0
20230325,서울특별시,11,동작구,11590,서울특별시,11,광진구,11215,0,3,0,0,4,0,0,0,8,0,0
20230325,서울특별시,11,동작구,11590,서울특별시,11,성동구,11200,0,12,11,0,0,0,0,0,31,11,3
20230325,서울특별시,11,동작구,11590,서울특별시,11,용산구,11170,0,0,4,3,0,0,0,0,17,0,0
20230325,서울특별시,11,동작구,11590,서울특별시,11,중구,11140,0,9,7,0,3,0,0,0,23,0,0
20230325,서울특별시,11,동작구,11590,서울특별시,11,종로구,11110,0,4,7,0,4,0,0,0,15,3,0
20230325,서울특별시,11,양천구,11470,서울특별시,11,강동구,11740,0,4,3,3,0,0,0,0,5,4,0
20230325,서울특별시,11,양천구,11470,서울특별시,11,송파구,11710,0,7,0,3,0,4,0,0,7,5,0
20230325,서울특별시,11,양천구,11470,서울특별시,11,강남구,11680,0,19,9,0,4,3,0,0,12,0,0
20230325,서울특별시,11,양천구,11470,서울특별시,11,서초구,11650,0,3,3,0,0,0,0,0,5,0,0
20230325,서울특별시,11,양천구,11470,서울특별시,11,관악구,11620,0,0,0,3,0,0,0,0,4,0,0
20230325,서울특별시,11,양천구,11470,서울특별시,11,동작구,11590,0,0,0,0,0,0,0,0,4,0,0
20230325,서울특별시,11,양천구,11470,서울특별시,11,영등포구,11560,0,6,0,3,0,0,4,0,6,4,0
20230325,서울특별시,11,양천구,11470,서울특별시,11,금천구,11545,0,3,0,6,0,0,0,0,32,4,0
20230325,서울특별시,11,양천구,11470,서울특별시,11,구로구,11530,0,0,0,5,0,0,3,0,13,0,0
20230325,서울특별시,11,양천구,11470,서울특별시,11,강서구,11500,0,3,4,5,0,0,8,0,15,0,0
20230325,서울특별시,11,양천구,11470,서울특별시,11,양천구,11470,0,4,9,3,0,0,9,0,16,3,3
20230325,서울특별시,11,양천구,11470,서울특별시,11,마포구,11440,0,0,4,5,0,0,0,0,0,0,0
20230325,서울특별시,11,양천구,11470,서울특별시,11,서대문구,11410,0,5,0,4,0,0,0,0,3,0,0
20230325,서울특별시,11,양천구,11470,서울특별시,11,은평구,11380,0,5,0,3,0,0,0,0,3,4,0
20230325,서울특별시,11,양천구,11470,서울특별시,11,노원구,11350,0,0,4,5,0,4,0,0,10,0,0
20230325,서울특별시,11,양천구,11470,서울특별시,11,도봉구,11320,0,0,0,0,0,0,3,0,4,0,0
20230325,서울특별시,11,양천구,11470,서울특별시,11,강북구,11305,0,0,0,0,0,0,0,0,5,0,0
20230325,서울특별시,11,양천구,11470,서울특별시,11,성북구,11290,0,0,0,6,3,0,0,0,15,0,0
20230325,서울특별시,11,양천구,11470,서울특별시,11,중랑구,11260,0,0,0,0,0,0,0,0,11,0,0
20230325,서울특별시,11,양천구,11470,서울특별시,11,동대문구,11230,0,3,0,0,0,0,0,0,20,0,0
20230325,서울특별시,11,양천구,11470,서울특별시,11,광진구,11215,0,4,0,0,0,0,0,0,6,0,0
20230325,서울특별시,11,양천구,11470,서울특별시,11,성동구,11200,0,9,6,0,0,0,0,0,36,14,0
20230325,서울특별시,11,양천구,11470,서울특별시,11,용산구,11170,0,0,0,8,0,0,0,0,7,0,0
20230325,서울특별시,11,양천구,11470,서울특별시,11,중구,11140,0,4,3,3,0,0,0,0,8,5,0
20230325,서울특별시,11,양천구,11470,서울특별시,11,종로구,11110,0,0,0,0,0,0,0,0,10,3,0
20230325,서울특별시,11,강서구,11500,서울특별시,11,강동구,11740,0,13,6,10,4,0,50,0,37,11,8
20230325,서울특별시,11,강서구,11500,서울특별시,11,송파구,11710,0,22,6,14,8,4,87,0,59,23,13
20230325,서울특별시,11,강서구,11500,서울특별시,11,강남구,11680,0,31,9,10,17,4,63,0,55,28,7
20230325,서울특별시,11,강서구,11500,서울특별시,11,서초구,11650,0,19,7,3,10,0,63,0,33,15,11
20230325,서울특별시,11,강서구,11500,서울특별시,11,관악구,11620,0,14,8,7,10,0,43,0,47,33,10
20230325,서울특별시,11,강서구,11500,서울특별시,11,동작구,11590,0,13,9,7,5,3,37,0,27,20,6
20230325,서울특별시,11,강서구,11500,서울특별시,11,영등포구,11560,3,18,6,6,6,0,45,0,37,18,11
20230325,서울특별시,11,강서구,11500,서울특별시,11,금천구,11545,0,10,3,8,0,0,18,0,50,13,7
20230325,서울특별시,11,강서구,11500,서울특별시,11,구로구,11530,0,16,10,11,10,3,37,0,63,17,13
20230325,서울특별시,11,강서구,11500,서울특별시,11,강서구,11500,0,34,18,19,18,0,65,3,71,20,16
20230325,서울특별시,11,강서구,11500,서울특별시,11,양천구,11470,0,27,12,4,3,0,53,0,46,14,60
20230325,서울특별시,11,강서구,11500,서울특별시,11,마포구,11440,0,17,13,12,75,0,29,0,48,110,5
20230325,서울특별시,11,강서구,11500,서울특별시,11,서대문구,11410,0,16,6,5,8,0,34,0,26,6,3
20230325,서울특별시,11,강서구,11500,서울특별시,11,은평구,11380,0,14,6,6,4,0,46,0,38,12,9
20230325,서울특별시,11,강서구,11500,서울특별시,11,노원구,11350,3,24,3,12,13,0,60,0,49,38,7
20230325,서울특별시,11,강서구,11500,서울특별시,11,도봉구,11320,0,11,4,0,6,0,32,0,15,9,4
20230325,서울특별시,11,강서구,11500,서울특별시,11,강북구,11305,0,10,5,4,7,0,30,0,25,47,0
20230325,서울특별시,11,강서구,11500,서울특별시,11,성북구,11290,0,14,0,5,6,0,33,0,74,24,6
20230325,서울특별시,11,강서구,11500,서울특별시,11,중랑구,11260,0,10,3,9,5,0,25,0,47,8,8
20230325,서울특별시,11,강서구,11500,서울특별시,11,동대문구,11230,0,18,3,6,4,0,33,0,62,20,0
20230325,서울특별시,11,강서구,11500,서울특별시,11,광진구,11215,0,11,4,9,8,3,23,0,35,19,7
20230325,서울특별시,11,강서구,11500,서울특별시,11,성동구,11200,0,31,11,7,5,0,30,0,60,29,4
20230325,서울특별시,11,강서구,11500,서울특별시,11,용산구,11170,0,14,0,9,6,0,22,0,24,11,6
20230325,서울특별시,11,강서구,11500,서울특별시,11,중구,11140,0,17,5,5,6,0,17,0,33,50,0
20230325,서울특별시,11,강서구,11500,서울특별시,11,종로구,11110,0,7,0,4,6,0,21,0,23,12,0
20230325,서울특별시,11,강북구,11305,서울특별시,11,종로구,11110,0,0,0,0,0,0,0,0,5,0,0
20230325,서울특별시,11,강북구,11305,서울특별시,11,중구,11140,0,0,0,0,0,0,0,0,9,0,0
20230325,서울특별시,11,강북구,11305,서울특별시,11,용산구,11170,0,0,3,0,0,0,0,0,7,0,0
20230325,서울특별시,11,강북구,11305,서울특별시,11,성동구,11200,0,0,0,0,0,0,0,0,19,9,0
20230325,서울특별시,11,강북구,11305,서울특별시,11,광진구,11215,0,0,0,0,0,0,0,0,7,0,0
20230325,서울특별시,11,강북구,11305,서울특별시,11,동대문구,11230,0,0,0,0,4,0,0,0,8,0,0
20230325,서울특별시,11,강북구,11305,서울특별시,11,중랑구,11260,0,0,0,0,0,0,0,0,11,0,0
20230325,서울특별시,11,강북구,11305,서울특별시,11,성북구,11290,0,6,0,0,0,0,0,0,15,0,0
20230325,서울특별시,11,강북구,11305,서울특별시,11,강북구,11305,0,0,0,0,0,0,7,0,10,0,0
20230325,서울특별시,11,강북구,11305,서울특별시,11,도봉구,11320,0,0,0,0,0,0,0,0,12,0,0
20230325,서울특별시,11,강북구,11305,서울특별시,11,노원구,11350,0,0,6,0,3,0,0,0,9,0,0
20230325,서울특별시,11,강북구,11305,서울특별시,11,은평구,11380,0,0,0,0,0,0,0,0,7,0,0
20230325,서울특별시,11,강북구,11305,서울특별시,11,서대문구,11410,0,0,3,0,0,0,0,0,7,0,0
20230325,서울특별시,11,강북구,11305,서울특별시,11,마포구,11440,0,0,6,0,0,0,0,0,9,0,0
20230325,서울특별시,11,강북구,11305,서울특별시,11,양천구,11470,0,0,0,0,0,0,0,0,6,0,0
20230325,서울특별시,11,강북구,11305,서울특별시,11,강서구,11500,0,4,0,0,0,0,0,0,19,0,0
20230325,서울특별시,11,강북구,11305,서울특별시,11,구로구,11530,0,0,0,0,0,0,0,0,9,0,0
20230325,서울특별시,11,강북구,11305,서울특별시,11,금천구,11545,0,0,0,0,0,0,0,0,15,4,0
20230325,서울특별시,11,강북구,11305,서울특별시,11,영등포구,11560,0,0,0,0,0,0,0,0,10,0,0
20230325,서울특별시,11,강북구,11305,서울특별시,11,동작구,11590,0,0,0,0,0,0,0,0,4,0,0
20230325,서울특별시,11,강북구,11305,서울특별시,11,관악구,11620,0,0,0,0,0,0,0,0,4,0,0
20230325,서울특별시,11,강북구,11305,서울특별시,11,서초구,11650,0,4,4,0,3,0,0,0,10,0,0
20230325,서울특별시,11,강북구,11305,서울특별시,11,강남구,11680,0,9,3,0,3,0,0,0,16,0,0
20230325,서울특별시,11,강북구,11305,서울특별시,11,송파구,11710,0,4,4,0,0,0,0,0,7,0,0
20230325,서울특별시,11,강북구,11305,서울특별시,11,강동구,11740,0,0,0,0,0,0,0,0,9,0,0
20230326,서울특별시,11,성동구,11200,서울특별시,11,중랑구,11260,0,0,0,0,0,0,0,0,5,0,0
20230326,서울특별시,11,성동구,11200,서울특별시,11,성북구,11290,0,0,0,0,7,0,10,0,0,0,137
20230326,서울특별시,11,성동구,11200,서울특별시,11,강북구,11305,0,0,0,0,0,0,0,0,0,0,0
20230326,서울특별시,11,성동구,11200,서울특별시,11,도봉구,11320,0,0,0,0,0,0,0,0,0,0,0
20230326,서울특별시,11,성동구,11200,서울특별시,11,노원구,11350,0,0,0,0,0,0,0,0,10,0,0
20230326,서울특별시,11,성동구,11200,서울특별시,11,은평구,11380,0,0,0,0,0,0,0,0,4,0,0
20230326,서울특별시,11,성동구,11200,서울특별시,11,서대문구,11410,0,0,0,0,0,0,0,0,0,0,0
20230326,서울특별시,11,성동구,11200,서울특별시,11,마포구,11440,0,0,0,0,0,0,0,0,4,0,0
20230326,서울특별시,11,성동구,11200,서울특별시,11,양천구,11470,0,0,0,0,0,0,0,0,3,0,0
20230326,서울특별시,11,성동구,11200,서울특별시,11,강서구,11500,0,0,0,0,0,0,0,0,8,0,0
20230326,서울특별시,11,성동구,11200,서울특별시,11,구로구,11530,0,0,0,0,0,0,0,0,3,0,0
20230326,서울특별시,11,성동구,11200,서울특별시,11,금천구,11545,0,0,0,0,0,0,0,0,0,0,0
20230326,서울특별시,11,성동구,11200,서울특별시,11,영등포구,11560,0,0,0,0,0,0,0,0,0,0,0
20230326,서울특별시,11,성동구,11200,서울특별시,11,동작구,11590,0,0,0,0,0,0,0,0,3,0,0
20230326,서울특별시,11,성동구,11200,서울특별시,11,관악구,11620,0,0,0,0,0,0,0,0,4,0,0
20230326,서울특별시,11,강남구,11680,서울특별시,11,용산구,11170,0,0,0,0,0,0,0,0,0,0,0
20230326,서울특별시,11,강남구,11680,서울특별시,11,중구,11140,0,0,0,0,0,0,0,0,0,0,0
20230326,서울특별시,11,동대문구,11230,서울특별시,11,강동구,11740,0,0,0,0,0,0,0,0,0,0,0
20230326,서울특별시,11,동대문구,11230,서울특별시,11,송파구,11710,0,0,0,0,4,0,4,0,0,0,0
20230326,서울특별시,11,동대문구,11230,서울특별시,11,강남구,11680,0,0,0,0,0,0,0,0,0,0,0
20230326,서울특별시,11,동대문구,11230,서울특별시,11,관악구,11620,0,0,0,0,0,0,0,0,0,0,0
20230326,서울특별시,11,동대문구,11230,서울특별시,11,동작구,11590,0,0,0,0,0,0,0,0,0,0,0
20230326,서울특별시,11,동대문구,11230,서울특별시,11,영등포구,11560,0,0,0,0,0,0,0,0,0,0,0
20230326,서울특별시,11,동대문구,11230,서울특별시,11,금천구,11545,0,0,0,0,0,0,0,0,0,0,0
20230326,서울특별시,11,동대문구,11230,서울특별시,11,구로구,11530,0,0,0,0,0,0,0,0,0,0,0
20230326,서울특별시,11,동대문구,11230,서울특별시,11,강서구,11500,0,0,0,0,4,0,3,0,0,0,0
20230326,서울특별시,11,동대문구,11230,서울특별시,11,양천구,11470,0,0,0,0,0,0,3,0,0,0,0
20230326,서울특별시,11,영등포구,11560,서울특별시,11,은평구,11380,0,0,0,0,0,0,0,0,0,0,0
20230326,서울특별시,11,영등포구,11560,서울특별시,11,강동구,11740,0,0,0,0,0,0,0,0,0,0,0
20230326,서울특별시,11,동대문구,11230,서울특별시,11,마포구,11440,0,0,0,0,0,0,0,0,0,0,0
20230326,서울특별시,11,동대문구,11230,서울특별시,11,은평구,11380,0,0,0,0,0,0,3,0,0,0,0
20230326,서울특별시,11,동대문구,11230,서울특별시,11,노원구,11350,0,0,0,0,0,0,0,0,0,0,0
20230326,서울특별시,11,동대문구,11230,서울특별시,11,도봉구,11320,0,0,0,0,0,0,0,0,0,0,0
20230326,서울특별시,11,동대문구,11230,서울특별시,11,강북구,11305,0,0,0,0,0,0,0,0,0,0,0
20230326,서울특별시,11,동대문구,11230,서울특별시,11,성북구,11290,0,0,0,0,0,0,0,0,0,0,0
20230326,서울특별시,11,동대문구,11230,서울특별시,11,광진구,11215,0,0,0,0,0,0,0,0,0,0,0
20230326,서울특별시,11,동대문구,11230,서울특별시,11,성동구,11200,0,0,0,0,0,0,0,0,0,0,0
20230326,서울특별시,11,동대문구,11230,서울특별시,11,용산구,11170,0,0,0,0,0,0,0,0,0,0,0
20230326,서울특별시,11,동대문구,11230,서울특별시,11,중구,11140,0,0,0,0,0,0,0,0,0,0,0
20230326,서울특별시,11,동대문구,11230,서울특별시,11,종로구,11110,0,0,0,0,0,0,0,0,0,0,0
20230326,서울특별시,11,중랑구,11260,서울특별시,11,강동구,11740,0,0,0,0,0,0,0,0,0,0,0
20230326,서울특별시,11,중랑구,11260,서울특별시,11,강남구,11680,0,0,0,0,0,0,0,0,0,0,0
20230326,서울특별시,11,중랑구,11260,서울특별시,11,서초구,11650,0,0,0,0,0,0,0,0,0,0,0
20230326,서울특별시,11,중랑구,11260,서울특별시,11,강서구,11500,0,0,0,0,0,0,0,0,0,0,0
20230326,서울특별시,11,중랑구,11260,서울특별시,11,서대문구,11410,0,0,0,0,0,0,0,0,0,0,0
20230326,서울특별시,11,중랑구,11260,서울특별시,11,은평구,11380,0,0,0,0,0,0,0,0,0,0,0
20230326,서울특별시,11,중랑구,11260,서울특별시,11,중랑구,11260,0,0,0,0,0,0,6,0,0,0,0
20230326,서울특별시,11,중랑구,11260,서울특별시,11,동대문구,11230,0,0,0,0,0,0,0,0,0,0,0
20230326,서울특별시,11,중랑구,11260,서울특별시,11,성동구,11200,0,0,0,0,0,0,0,0,0,0,0
20230326,서울특별시,11,중랑구,11260,서울특별시,11,용산구,11170,0,0,0,0,0,0,0,0,0,0,0
20230326,서울특별시,11,종로구,11110,서울특별시,11,강남구,11680,0,0,0,0,0,0,0,0,0,0,0
20230326,서울특별시,11,종로구,11110,서울특별시,11,서초구,11650,0,0,0,0,0,0,0,0,0,0,0
20230326,서울특별시,11,종로구,11110,서울특별시,11,강서구,11500,0,0,0,0,0,0,0,0,0,0,0
20230326,서울특별시,11,종로구,11110,서울특별시,11,서대문구,11410,0,0,0,0,0,0,0,0,0,0,0
20230326,서울특별시,11,종로구,11110,서울특별시,11,노원구,11350,0,0,0,0,0,0,0,0,0,0,0
20230326,서울특별시,11,성동구,11200,서울특별시,11,서초구,11650,0,0,0,0,0,0,0,0,7,0,0
20230326,서울특별시,11,성동구,11200,서울특별시,11,강남구,11680,0,0,0,0,0,0,0,0,13,0,0
20230326,서울특별시,11,성동구,11200,서울특별시,11,송파구,11710,0,0,0,0,0,0,0,0,8,0,0
20230326,서울특별시,11,성동구,11200,서울특별시,11,강동구,11740,0,0,0,0,0,0,0,0,3,0,0
20230326,서울특별시,11,중구,11140,서울특별시,11,동작구,11590,0,0,0,0,0,0,0,0,0,0,0
20230326,서울특별시,11,중구,11140,서울특별시,11,금천구,11545,0,0,0,0,0,0,0,0,0,0,0
20230326,서울특별시,11,광진구,11215,서울특별시,11,구로구,11530,0,0,0,0,0,0,0,0,0,0,0
20230326,서울특별시,11,강서구,11500,서울특별시,11,강동구,11740,0,0,0,0,0,0,0,0,0,0,5
20230326,서울특별시,11,강서구,11500,서울특별시,11,송파구,11710,0,0,0,0,3,0,0,0,7,9,18
20230326,서울특별시,11,강서구,11500,서울특별시,11,강남구,11680,0,0,0,3,0,0,0,0,7,9,12
20230326,서울특별시,11,강서구,11500,서울특별시,11,서초구,11650,0,0,0,0,0,0,0,0,8,3,16
20230326,서울특별시,11,서대문구,11410,서울특별시,11,강서구,11500,0,6,0,0,0,0,0,0,0,0,0
20230326,서울특별시,11,강서구,11500,서울특별시,11,관악구,11620,0,0,0,0,3,0,0,0,3,8,3
20230326,서울특별시,11,강서구,11500,서울특별시,11,동작구,11590,0,0,0,0,0,0,0,0,5,339,0
20230326,서울특별시,11,강서구,11500,서울특별시,11,영등포구,11560,0,0,0,0,0,0,0,0,6,5,7
20230326,서울특별시,11,강서구,11500,서울특별시,11,금천구,11545,0,0,0,0,0,0,0,0,3,0,3
20230326,서울특별시,11,강서구,11500,서울특별시,11,구로구,11530,0,0,0,0,0,0,0,0,3,3,0
20230326,서울특별시,11,강서구,11500,서울특별시,11,강서구,11500,0,0,0,0,0,0,3,0,0,9,5
20230326,서울특별시,11,강서구,11500,서울특별시,11,양천구,11470,0,0,0,0,0,0,0,0,0,4,0
20230326,서울특별시,11,강서구,11500,서울특별시,11,마포구,11440,0,0,0,0,4,0,0,0,6,26,5
20230326,서울특별시,11,강서구,11500,서울특별시,11,서대문구,11410,0,0,0,0,0,4,0,0,29,17,14
20230326,서울특별시,11,강서구,11500,서울특별시,11,은평구,11380,0,0,0,0,0,0,0,0,0,8,5
20230326,서울특별시,11,강서구,11500,서울특별시,11,노원구,11350,0,0,0,0,0,0,0,0,0,3,8
20230326,서울특별시,11,강서구,11500,서울특별시,11,도봉구,11320,0,0,0,0,0,0,0,0,0,3,3
20230326,서울특별시,11,강서구,11500,서울특별시,11,강북구,11305,0,0,0,0,3,0,0,0,0,4,0
20230326,서울특별시,11,강서구,11500,서울특별시,11,성북구,11290,0,0,0,0,0,0,0,0,3,10,6
20230326,서울특별시,11,강서구,11500,서울특별시,11,중랑구,11260,0,0,0,3,0,0,0,0,3,3,3
20230326,서울특별시,11,강서구,11500,서울특별시,11,동대문구,11230,0,0,0,0,0,0,0,0,9,7,7
20230326,서울특별시,11,강서구,11500,서울특별시,11,광진구,11215,0,0,0,0,0,0,0,0,3,15,0
20230326,서울특별시,11,성북구,11290,서울특별시,11,노원구,11350,0,3,0,0,0,0,0,0,3,0,0
20230326,서울특별시,11,성북구,11290,서울특별시,11,도봉구,11320,0,0,0,0,0,0,0,0,0,0,0
20230326,서울특별시,11,종로구,11110,서울특별시,11,성북구,11290,0,0,0,0,0,0,0,0,0,0,0
20230326,서울특별시,11,종로구,11110,서울특별시,11,종로구,11110,0,0,0,0,0,0,0,0,0,0,0
20230326,서울특별시,11,금천구,11545,서울특별시,11,강동구,11740,0,0,0,0,0,3,0,10,29,11,6
20230326,서울특별시,11,금천구,11545,서울특별시,11,송파구,11710,0,0,0,0,0,6,9,10,32,24,8
20230326,서울특별시,11,금천구,11545,서울특별시,11,강남구,11680,0,0,0,0,0,0,4,5,40,19,19
20230326,서울특별시,11,금천구,11545,서울특별시,11,서초구,11650,0,0,0,0,0,4,0,6,32,15,16
20230326,서울특별시,11,금천구,11545,서울특별시,11,관악구,11620,0,0,0,0,0,3,0,0,20,8,3
20230326,서울특별시,11,용산구,11170,서울특별시,11,용산구,11170,0,0,0,0,0,0,0,0,0,0,0
20230326,서울특별시,11,용산구,11170,서울특별시,11,광진구,11215,0,0,0,0,0,0,0,0,0,0,0
20230326,서울특별시,11,용산구,11170,서울특별시,11,관악구,11620,0,0,0,0,0,0,0,0,0,0,0
20230326,서울특별시,11,용산구,11170,서울특별시,11,서초구,11650,0,0,0,0,0,0,0,0,0,0,0
20230326,서울특별시,11,금천구,11545,서울특별시,11,동작구,11590,0,0,0,0,0,0,0,4,15,14,3
20230326,서울특별시,11,금천구,11545,서울특별시,11,영등포구,11560,0,0,0,0,0,0,0,7,15,7,10
20230326,서울특별시,11,금천구,11545,서울특별시,11,금천구,11545,0,0,0,0,0,0,0,0,8,6,0
20230326,서울특별시,11,금천구,11545,서울특별시,11,구로구,11530,0,0,0,0,0,0,6,6,25,12,8
20230326,서울특별시,11,금천구,11545,서울특별시,11,강서구,11500,0,0,0,0,0,3,0,6,31,14,5
20230326,서울특별시,11,금천구,11545,서울특별시,11,양천구,11470,0,0,0,0,0,6,3,3,32,18,7
20230326,서울특별시,11,금천구,11545,서울특별시,11,마포구,11440,0,0,0,0,0,3,0,8,36,11,8
20230326,서울특별시,11,금천구,11545,서울특별시,11,서대문구,11410,0,0,0,0,0,0,0,0,14,6,0
20230326,서울특별시,11,금천구,11545,서울특별시,11,은평구,11380,0,0,0,0,0,4,3,5,23,12,0
20230326,서울특별시,11,금천구,11545,서울특별시,11,노원구,11350,0,0,0,0,0,6,4,7,23,9,4
20230326,서울특별시,11,금천구,11545,서울특별시,11,도봉구,11320,0,0,0,0,0,0,0,5,20,13,0
20230326,서울특별시,11,금천구,11545,서울특별시,11,강북구,11305,0,0,0,0,0,0,0,3,16,12,3
20230326,서울특별시,11,금천구,11545,서울특별시,11,성북구,11290,0,0,0,0,0,3,0,8,27,15,8
20230326,서울특별시,11,금천구,11545,서울특별시,11,중랑구,11260,0,0,0,0,0,0,0,7,9,10,3
20230326,서울특별시,11,금천구,11545,서울특별시,11,동대문구,11230,0,0,0,0,0,3,0,5,18,10,0
20230326,서울특별시,11,금천구,11545,서울특별시,11,광진구,11215,0,0,0,0,0,0,0,5,21,9,0
20230326,서울특별시,11,금천구,11545,서울특별시,11,성동구,11200,0,0,0,0,0,0,0,6,14,7,8
20230326,서울특별시,11,금천구,11545,서울특별시,11,용산구,11170,0,0,0,0,0,0,0,0,4,6,4
20230326,서울특별시,11,금천구,11545,서울특별시,11,중구,11140,0,0,0,0,0,0,0,0,13,3,7
20230326,서울특별시,11,금천구,11545,서울특별시,11,종로구,11110,0,0,0,0,0,0,0,0,8,8,0
20230326,서울특별시,11,구로구,11530,서울특별시,11,강동구,11740,0,0,0,0,0,0,0,0,3,0,0
20230326,서울특별시,11,구로구,11530,서울특별시,11,송파구,11710,0,0,0,0,0,0,0,0,0,0,0
20230326,서울특별시,11,구로구,11530,서울특별시,11,강남구,11680,0,0,0,0,0,0,0,0,3,0,0
20230326,서울특별시,11,구로구,11530,서울특별시,11,서초구,11650,0,0,0,0,0,0,0,0,0,0,0
20230326,서울특별시,11,구로구,11530,서울특별시,11,관악구,11620,0,0,0,0,0,0,0,0,0,0,0
20230326,서울특별시,11,구로구,11530,서울특별시,11,금천구,11545,0,0,0,0,0,0,0,0,3,0,0
20230326,서울특별시,11,구로구,11530,서울특별시,11,구로구,11530,0,0,0,0,0,0,0,0,0,0,0
20230326,서울특별시,11,구로구,11530,서울특별시,11,강서구,11500,0,0,0,0,0,0,0,0,5,0,0
20230326,서울특별시,11,구로구,11530,서울특별시,11,양천구,11470,0,0,0,0,0,0,0,0,0,0,0
20230326,서울특별시,11,구로구,11530,서울특별시,11,마포구,11440,0,0,0,0,0,0,0,0,0,0,0
20230326,서울특별시,11,구로구,11530,서울특별시,11,서대문구,11410,0,33,0,0,0,0,0,0,0,0,0
20230326,서울특별시,11,구로구,11530,서울특별시,11,은평구,11380,0,0,0,0,0,0,0,0,0,0,0
20230326,서울특별시,11,구로구,11530,서울특별시,11,노원구,11350,0,99,0,0,0,0,0,0,0,0,0
20230326,서울특별시,11,구로구,11530,서울특별시,11,도봉구,11320,0,0,0,0,0,0,0,0,0,0,0
20230326,서울특별시,11,구로구,11530,서울특별시,11,동대문구,11230,0,0,0,0,0,0,0,0,3,0,0
20230326,서울특별시,11,구로구,11530,서울특별시,11,광진구,11215,0,0,0,0,0,0,0,0,0,0,0
20230326,서울특별시,11,구로구,11530,서울특별시,11,용산구,11170,0,0,0,0,0,0,0,0,0,0,0
20230326,서울특별시,11,성북구,11290,서울특별시,11,강북구,11305,0,0,0,0,0,0,0,0,0,0,0
20230326,서울특별시,11,성북구,11290,서울특별시,11,성북구,11290,0,4,0,0,0,0,0,0,0,0,0
20230326,서울특별시,11,성북구,11290,서울특별시,11,중랑구,11260,0,0,0,0,0,0,0,0,6,0,0
20230326,서울특별시,11,서대문구,11410,서울특별시,11,구로구,11530,0,0,0,0,0,0,0,0,0,0,0
20230326,서울특별시,11,서대문구,11410,서울특별시,11,영등포구,11560,0,11,0,0,0,0,0,0,0,0,0
20230326,서울특별시,11,서대문구,11410,서울특별시,11,관악구,11620,0,0,0,0,0,0,0,0,0,0,0
20230326,서울특별시,11,서대문구,11410,서울특별시,11,서초구,11650,0,0,0,0,0,0,0,0,0,0,0
20230326,서울특별시,11,마포구,11440,서울특별시,11,강서구,11500,0,0,0,0,0,0,0,0,0,0,0
20230326,서울특별시,11,서대문구,11410,서울특별시,11,용산구,11170,0,0,0,0,0,0,0,0,0,0,0
20230326,서울특별시,11,서대문구,11410,서울특별시,11,동대문구,11230,0,0,0,0,0,0,0,0,0,4,0
20230326,서울특별시,11,서대문구,11410,서울특별시,11,중랑구,11260,0,0,0,0,0,0,0,0,0,0,0
20230326,서울특별시,11,도봉구,11320,서울특별시,11,노원구,11350,0,0,0,0,0,0,0,0,0,0,0
20230326,서울특별시,11,서대문구,11410,서울특별시,11,성북구,11290,0,7,0,0,0,0,0,0,0,0,0
20230326,서울특별시,11,성북구,11290,서울특별시,11,동대문구,11230,0,0,0,0,0,0,0,0,3,0,0
20230326,서울특별시,11,성북구,11290,서울특별시,11,광진구,11215,0,6,0,0,0,0,0,0,4,3,0
20230326,서울특별시,11,성북구,11290,서울특별시,11,성동구,11200,0,0,0,0,3,0,0,3,8,0,0
20230326,서울특별시,11,성북구,11290,서울특별시,11,용산구,11170,0,0,0,0,0,0,0,0,0,0,0
20230326,서울특별시,11,성북구,11290,서울특별시,11,중구,11140,0,0,0,0,0,0,0,0,4,0,0
20230326,서울특별시,11,성북구,11290,서울특별시,11,종로구,11110,0,0,0,0,0,0,0,0,0,0,0
20230326,서울특별시,11,강서구,11500,서울특별시,11,성동구,11200,0,0,0,0,0,0,0,0,6,9,3
20230326,서울특별시,11,강서구,11500,서울특별시,11,용산구,11170,0,0,0,0,0,0,0,0,0,0,6
20230326,서울특별시,11,구로구,11530,서울특별시,11,종로구,11110,0,0,0,0,0,0,0,0,0,0,0
20230326,서울특별시,11,노원구,11350,서울특별시,11,강남구,11680,0,0,0,0,0,0,0,0,0,0,0
20230326,서울특별시,11,노원구,11350,서울특별시,11,종로구,11110,0,0,0,0,0,0,0,0,0,0,0
20230326,서울특별시,11,서초구,11650,서울특별시,11,강남구,11680,0,3,0,0,0,0,13,0,0,0,0
20230326,서울특별시,11,서초구,11650,서울특별시,11,서초구,11650,0,21,0,0,13,0,173,0,0,0,0
20230326,서울특별시,11,서초구,11650,서울특별시,11,동작구,11590,0,4,0,0,0,0,9,0,0,0,0
20230326,서울특별시,11,서초구,11650,서울특별시,11,마포구,11440,0,0,0,0,0,0,0,0,0,0,0
20230326,서울특별시,11,서초구,11650,서울특별시,11,용산구,11170,0,0,0,0,0,0,4,0,0,0,0
20230326,서울특별시,11,서초구,11650,서울특별시,11,중구,11140,0,0,0,0,0,0,8,0,0,0,0
20230326,서울특별시,11,강서구,11500,서울특별시,11,중구,11140,0,0,3,0,10,0,0,0,3,27,0
20230326,서울특별시,11,강서구,11500,서울특별시,11,종로구,11110,0,0,0,0,11,6,12,0,105,49,23
20230326,서울특별시,11,송파구,11710,서울특별시,11,중구,11140,0,0,0,0,0,0,0,0,0,0,0
20230326,서울특별시,11,송파구,11710,서울특별시,11,성동구,11200,0,3,0,0,0,0,0,0,0,0,0
20230326,서울특별시,11,송파구,11710,서울특별시,11,광진구,11215,0,0,0,0,0,0,0,0,0,0,0
20230326,서울특별시,11,송파구,11710,서울특별시,11,성북구,11290,0,0,0,0,0,0,0,0,0,0,0
20230326,서울특별시,11,송파구,11710,서울특별시,11,마포구,11440,0,0,0,0,0,0,0,0,0,0,0
20230326,서울특별시,11,송파구,11710,서울특별시,11,양천구,11470,0,0,0,0,0,0,0,0,0,0,0
20230326,서울특별시,11,송파구,11710,서울특별시,11,구로구,11530,0,0,0,0,0,0,0,0,0,0,0
20230326,서울특별시,11,송파구,11710,서울특별시,11,영등포구,11560,0,0,0,0,0,0,0,0,0,0,0
20230326,서울특별시,11,송파구,11710,서울특별시,11,서초구,11650,0,3,0,0,0,0,0,0,0,0,0
20230326,서울특별시,11,송파구,11710,서울특별시,11,강남구,11680,0,4,0,0,0,0,0,0,0,0,0
20230326,서울특별시,11,송파구,11710,서울특별시,11,송파구,11710,0,9,0,0,0,0,0,0,0,0,0
20230326,서울특별시,11,송파구,11710,서울특별시,11,강동구,11740,0,0,0,0,0,0,0,0,0,0,0
20230326,서울특별시,11,중구,11140,서울특별시,11,구로구,11530,0,0,0,0,0,0,0,0,0,0,0
20230326,서울특별시,11,중구,11140,서울특별시,11,양천구,11470,0,0,0,0,0,0,0,0,0,0,0
20230326,서울특별시,11,중구,11140,서울특별시,11,마포구,11440,0,4,0,0,0,0,0,0,0,0,0
20230326,서울특별시,11,중구,11140,서울특별시,11,서대문구,11410,0,4,0,0,0,0,0,0,0,0,0
20230326,서울특별시,11,중구,11140,서울특별시,11,노원구,11350,0,0,0,0,0,0,0,0,0,0,0
20230326,서울특별시,11,중구,11140,서울특별시,11,강북구,11305,0,0,0,0,0,0,0,0,0,0,0
20230326,서울특별시,11,중구,11140,서울특별시,11,성북구,11290,0,0,0,0,0,0,0,0,0,0,0
20230326,서울특별시,11,중구,11140,서울특별시,11,중랑구,11260,0,0,0,0,0,0,0,0,0,0,0
20230326,서울특별시,11,중구,11140,서울특별시,11,성동구,11200,0,0,0,0,0,0,0,0,0,0,0
20230326,서울특별시,11,중구,11140,서울특별시,11,용산구,11170,0,11,0,0,0,0,0,0,0,0,0
20230326,서울특별시,11,중구,11140,서울특별시,11,중구,11140,0,20,0,0,0,0,0,0,0,0,8
20230326,서울특별시,11,중구,11140,서울특별시,11,종로구,11110,0,7,0,0,0,0,0,0,0,0,0
20230326,서울특별시,11,은평구,11380,서울특별시,11,송파구,11710,0,0,0,0,0,0,0,0,0,0,0
20230326,서울특별시,11,은평구,11380,서울특별시,11,강남구,11680,0,0,0,0,0,0,0,0,0,0,4
20230326,서울특별시,11,은평구,11380,서울특별시,11,서초구,11650,0,0,0,0,0,0,0,0,0,0,0
20230326,서울특별시,11,은평구,11380,서울특별시,11,관악구,11620,0,0,0,0,0,0,0,0,0,0,0
20230326,서울특별시,11,은평구,11380,서울특별시,11,동작구,11590,0,0,0,0,0,0,0,0,0,0,0
20230326,서울특별시,11,은평구,11380,서울특별시,11,영등포구,11560,0,0,0,0,0,0,0,0,0,0,0
20230326,서울특별시,11,은평구,11380,서울특별시,11,구로구,11530,0,0,0,0,0,0,0,0,0,0,0
20230326,서울특별시,11,은평구,11380,서울특별시,11,강서구,11500,0,0,0,0,0,0,0,0,0,0,3
20230326,서울특별시,11,은평구,11380,서울특별시,11,양천구,11470,0,0,0,0,0,0,0,0,0,0,0
20230326,서울특별시,11,은평구,11380,서울특별시,11,마포구,11440,0,0,0,0,0,0,0,0,0,0,0
20230326,서울특별시,11,은평구,11380,서울특별시,11,서대문구,11410,0,0,0,0,0,0,0,0,0,0,0
20230326,서울특별시,11,은평구,11380,서울특별시,11,노원구,11350,0,0,0,0,0,0,0,0,0,0,0
20230326,서울특별시,11,은평구,11380,서울특별시,11,강북구,11305,0,0,0,0,0,0,0,0,0,0,0
20230326,서울특별시,11,은평구,11380,서울특별시,11,중랑구,11260,0,0,0,0,0,0,0,0,0,0,0
20230326,서울특별시,11,은평구,11380,서울특별시,11,동대문구,11230,0,0,0,0,0,0,0,0,0,0,0
20230326,서울특별시,11,은평구,11380,서울특별시,11,광진구,11215,0,0,0,0,0,0,0,0,0,0,0
20230326,서울특별시,11,은평구,11380,서울특별시,11,성동구,11200,0,0,0,0,0,0,0,0,0,0,3
20230326,서울특별시,11,은평구,11380,서울특별시,11,용산구,11170,0,0,0,0,0,0,0,0,0,0,0
20230326,서울특별시,11,강남구,11680,서울특별시,11,강동구,11740,0,0,0,0,0,0,0,0,5,0,0
20230326,서울특별시,11,강남구,11680,서울특별시,11,송파구,11710,0,5,0,0,17,0,12,3,8,3,188
20230326,서울특별시,11,동작구,11590,서울특별시,11,영등포구,11560,0,0,0,0,0,0,0,0,0,0,0
20230326,서울특별시,11,동작구,11590,서울특별시,11,동작구,11590,0,0,0,0,0,0,0,0,0,0,0
20230326,서울특별시,11,서대문구,11410,서울특별시,11,도봉구,11320,0,4,0,0,0,0,0,0,0,0,0
20230326,서울특별시,11,서대문구,11410,서울특별시,11,노원구,11350,0,0,0,0,0,0,0,0,0,0,0
20230326,서울특별시,11,서대문구,11410,서울특별시,11,은평구,11380,0,5,0,0,0,0,0,0,0,0,0
20230326,서울특별시,11,서대문구,11410,서울특별시,11,양천구,11470,0,5,0,0,0,0,0,0,0,0,0
20230326,서울특별시,11,서대문구,11410,서울특별시,11,강남구,11680,0,7,0,0,0,0,0,0,0,0,0
20230326,서울특별시,11,서대문구,11410,서울특별시,11,송파구,11710,0,10,0,0,0,0,0,0,0,0,0
20230326,서울특별시,11,강동구,11740,서울특별시,11,강동구,11740,0,0,0,0,0,0,0,0,0,0,0
20230326,서울특별시,11,강동구,11740,서울특별시,11,서초구,11650,0,0,0,0,0,0,0,0,0,0,0
20230326,서울특별시,11,강동구,11740,서울특별시,11,강서구,11500,0,0,0,0,0,0,0,0,0,0,0
20230326,서울특별시,11,강동구,11740,서울특별시,11,은평구,11380,0,0,0,0,0,0,0,0,0,0,0
20230326,서울특별시,11,중구,11140,서울특별시,11,송파구,11710,0,0,0,0,0,0,0,0,0,0,0
20230326,서울특별시,11,중구,11140,서울특별시,11,강남구,11680,0,0,0,0,0,0,0,0,0,0,0
20230326,서울특별시,11,성북구,11290,서울특별시,11,강동구,11740,0,3,0,0,0,0,0,0,4,0,0
20230326,서울특별시,11,성북구,11290,서울특별시,11,송파구,11710,0,3,0,0,3,0,0,3,11,4,0
20230326,서울특별시,11,성북구,11290,서울특별시,11,강남구,11680,0,3,0,0,4,0,0,0,7,0,0
20230326,서울특별시,11,성북구,11290,서울특별시,11,서초구,11650,0,0,0,0,0,0,0,0,0,0,0
20230326,서울특별시,11,성북구,11290,서울특별시,11,관악구,11620,0,4,0,0,0,0,0,0,4,0,0
20230326,서울특별시,11,성북구,11290,서울특별시,11,동작구,11590,0,5,0,0,0,0,0,5,14,0,0
20230326,서울특별시,11,성북구,11290,서울특별시,11,영등포구,11560,0,0,0,0,0,0,0,0,5,0,0
20230326,서울특별시,11,성북구,11290,서울특별시,11,금천구,11545,0,0,0,0,3,0,0,0,6,0,0
20230326,서울특별시,11,성북구,11290,서울특별시,11,구로구,11530,0,0,0,0,0,0,0,0,0,0,0
20230326,서울특별시,11,성북구,11290,서울특별시,11,강서구,11500,0,3,0,0,3,0,0,0,3,0,0
20230326,서울특별시,11,성북구,11290,서울특별시,11,양천구,11470,0,0,0,0,0,0,0,0,0,0,0
20230326,서울특별시,11,강남구,11680,서울특별시,11,강남구,11680,0,3,0,0,12,0,12,0,4,0,159
20230326,서울특별시,11,강남구,11680,서울특별시,11,서초구,11650,0,0,0,0,9,0,7,0,0,0,103
20230326,서울특별시,11,강남구,11680,서울특별시,11,관악구,11620,0,4,0,0,0,0,0,0,0,0,0
20230326,서울특별시,11,강남구,11680,서울특별시,11,동작구,11590,0,0,0,0,0,0,0,3,0,0,0
20230326,서울특별시,11,강남구,11680,서울특별시,11,영등포구,11560,0,0,0,0,0,0,0,0,6,0,0
20230326,서울특별시,11,강남구,11680,서울특별시,11,금천구,11545,0,0,0,0,0,0,0,0,0,0,0
20230326,서울특별시,11,강남구,11680,서울특별시,11,구로구,11530,0,0,0,0,0,0,0,0,5,0,0
20230326,서울특별시,11,강남구,11680,서울특별시,11,강서구,11500,0,0,0,0,0,0,0,0,7,0,0
20230326,서울특별시,11,강남구,11680,서울특별시,11,양천구,11470,0,0,0,0,0,0,0,0,3,0,0
20230326,서울특별시,11,강남구,11680,서울특별시,11,마포구,11440,0,0,0,0,0,0,0,0,0,0,0
20230326,서울특별시,11,강남구,11680,서울특별시,11,서대문구,11410,0,0,0,0,0,0,0,0,0,0,0
20230326,서울특별시,11,강남구,11680,서울특별시,11,은평구,11380,0,0,0,0,0,0,0,0,6,0,0
20230326,서울특별시,11,은평구,11380,서울특별시,11,종로구,11110,0,0,0,0,0,0,0,0,0,0,0
20230326,서울특별시,11,양천구,11470,서울특별시,11,서초구,11650,0,0,0,0,0,0,0,0,0,0,0
20230326,서울특별시,11,관악구,11620,서울특별시,11,구로구,11530,0,0,0,0,0,0,0,0,0,0,0
20230326,서울특별시,11,관악구,11620,서울특별시,11,금천구,11545,0,0,0,0,6,0,5,0,0,0,60
20230326,서울특별시,11,관악구,11620,서울특별시,11,동작구,11590,0,0,0,0,9,0,6,0,0,0,126
20230326,서울특별시,11,관악구,11620,서울특별시,11,관악구,11620,0,0,0,0,9,0,5,0,0,0,115
20230326,서울특별시,11,강남구,11680,서울특별시,11,노원구,11350,0,0,0,0,0,0,0,0,6,0,0
20230326,서울특별시,11,강남구,11680,서울특별시,11,도봉구,11320,0,0,0,0,0,0,0,0,5,0,0
20230326,서울특별시,11,강남구,11680,서울특별시,11,강북구,11305,0,0,0,0,0,0,0,0,3,0,0
20230326,서울특별시,11,강남구,11680,서울특별시,11,성북구,11290,0,0,0,0,0,0,0,0,5,0,0
20230326,서울특별시,11,강남구,11680,서울특별시,11,중랑구,11260,0,0,0,0,0,0,0,0,0,0,0
20230326,서울특별시,11,강남구,11680,서울특별시,11,동대문구,11230,0,0,0,0,0,0,0,0,0,0,0
20230326,서울특별시,11,강남구,11680,서울특별시,11,광진구,11215,0,0,0,0,0,0,3,0,0,0,0
20230326,서울특별시,11,성북구,11290,서울특별시,11,마포구,11440,0,6,0,0,0,0,0,4,0,3,0
20230326,서울특별시,11,성북구,11290,서울특별시,11,서대문구,11410,0,0,0,0,0,0,0,0,0,0,0
20230326,서울특별시,11,성북구,11290,서울특별시,11,은평구,11380,0,3,0,0,0,0,0,0,6,0,0
20230326,서울특별시,11,성동구,11200,서울특별시,11,종로구,11110,0,0,0,0,4,0,11,0,0,0,48
20230326,서울특별시,11,성동구,11200,서울특별시,11,중구,11140,0,0,0,0,3,0,6,0,4,0,52
20230326,서울특별시,11,성동구,11200,서울특별시,11,용산구,11170,0,0,0,0,0,0,0,0,0,0,0
20230326,서울특별시,11,성동구,11200,서울특별시,11,성동구,11200,0,0,0,0,0,0,0,0,0,0,0
20230326,서울특별시,11,성동구,11200,서울특별시,11,광진구,11215,0,0,0,0,0,0,0,0,6,0,0
20230326,서울특별시,11,강남구,11680,서울특별시,11,성동구,11200,0,0,0,0,0,0,3,0,0,0,0
20230326,서울특별시,11,성동구,11200,서울특별시,11,동대문구,11230,0,0,0,3,5,0,10,0,3,0,102
20230327,서울특별시,11,송파구,11710,서울특별시,11,용산구,11170,5,42,24,22,37,11,39,3,87,28,16
20230327,서울특별시,11,영등포구,11560,서울특별시,11,성동구,11200,8,101,42,36,39,7,45,6,142,78,37
20230327,서울특별시,11,영등포구,11560,서울특별시,11,광진구,11215,12,60,23,31,60,9,36,0,60,21,32
20230327,서울특별시,11,영등포구,11560,서울특별시,11,동대문구,11230,8,81,15,35,47,7,38,0,78,40,42
20230327,서울특별시,11,영등포구,11560,서울특별시,11,중랑구,11260,7,82,20,32,49,4,26,5,46,27,57
20230327,서울특별시,11,영등포구,11560,서울특별시,11,성북구,11290,9,86,23,36,71,9,39,7,93,46,51
20230327,서울특별시,11,영등포구,11560,서울특별시,11,강북구,11305,5,65,8,19,30,4,24,3,41,32,44
20230327,서울특별시,11,영등포구,11560,서울특별시,11,도봉구,11320,10,58,14,22,32,6,23,0,37,24,30
20230327,서울특별시,11,영등포구,11560,서울특별시,11,노원구,11350,6,85,18,38,59,6,30,0,88,46,49
20230327,서울특별시,11,영등포구,11560,서울특별시,11,은평구,11380,6,80,21,31,56,5,30,0,75,40,55
20230327,서울특별시,11,영등포구,11560,서울특별시,11,서대문구,11410,10,83,29,38,50,4,36,12,83,32,33
20230327,서울특별시,11,영등포구,11560,서울특별시,11,마포구,11440,24,121,51,47,70,7,60,3,96,58,45
20230327,서울특별시,11,영등포구,11560,서울특별시,11,양천구,11470,7,91,24,47,57,9,38,3,58,48,50
20230327,서울특별시,11,영등포구,11560,서울특별시,11,강서구,11500,15,154,35,55,66,14,49,4,94,51,69
20230327,서울특별시,11,영등포구,11560,서울특별시,11,구로구,11530,4,81,45,43,55,6,72,4,70,46,53
20230327,서울특별시,11,영등포구,11560,서울특별시,11,금천구,11545,9,70,18,29,30,5,29,0,42,29,48
20230327,서울특별시,11,영등포구,11560,서울특별시,11,영등포구,11560,17,131,66,57,55,7,133,3,93,54,53
20230327,서울특별시,11,영등포구,11560,서울특별시,11,동작구,11590,11,61,30,36,61,7,55,3,84,29,37
20230327,서울특별시,11,영등포구,11560,서울특별시,11,관악구,11620,18,93,30,40,70,6,51,4,107,48,61
20230327,서울특별시,11,영등포구,11560,서울특별시,11,서초구,11650,12,130,35,51,96,4,94,4,86,44,43
20230327,서울특별시,11,영등포구,11560,서울특별시,11,강남구,11680,22,215,50,76,96,8,145,3,116,62,88
20230327,서울특별시,11,영등포구,11560,서울특별시,11,송파구,11710,21,156,32,54,105,12,104,9,137,62,61
20230327,서울특별시,11,영등포구,11560,서울특별시,11,강동구,11740,9,87,13,43,60,8,72,3,56,48,50
20230327,서울특별시,11,양천구,11470,서울특별시,11,성동구,11200,3,40,28,16,37,25,16,3,109,150,9
20230327,서울특별시,11,양천구,11470,서울특별시,11,용산구,11170,0,11,7,27,31,4,22,0,22,24,7
20230327,서울특별시,11,양천구,11470,서울특별시,11,중구,11140,0,31,11,16,35,7,18,0,42,79,7
20230327,서울특별시,11,양천구,11470,서울특별시,11,종로구,11110,0,18,8,15,36,6,9,0,23,17,10
20230327,서울특별시,11,성동구,11200,서울특별시,11,강동구,11740,23,69,33,29,55,8,57,10,254,92,34
20230327,서울특별시,11,성동구,11200,서울특별시,11,송파구,11710,18,129,47,63,113,13,94,12,403,171,82
20230327,서울특별시,11,성동구,11200,서울특별시,11,강남구,11680,29,215,60,55,144,35,139,13,564,183,116
20230327,서울특별시,11,성동구,11200,서울특별시,11,서초구,11650,16,113,39,59,88,23,89,8,332,113,51
20230327,서울특별시,11,성동구,11200,서울특별시,11,관악구,11620,28,83,17,52,99,11,71,8,387,137,60
20230327,서울특별시,11,성동구,11200,서울특별시,11,동작구,11590,20,96,28,28,54,7,53,17,258,74,48
20230327,서울특별시,11,성동구,11200,서울특별시,11,영등포구,11560,12,107,24,31,78,8,68,15,275,111,50
20230327,서울특별시,11,성동구,11200,서울특별시,11,금천구,11545,4,62,10,34,66,4,31,6,145,44,27
20230327,서울특별시,11,성동구,11200,서울특별시,11,구로구,11530,10,85,25,46,60,8,33,11,225,94,44
20230327,서울특별시,11,성동구,11200,서울특별시,11,강서구,11500,24,125,33,60,88,19,85,9,385,117,68
20230327,서울특별시,11,성동구,11200,서울특별시,11,양천구,11470,15,75,18,38,42,7,49,10,236,88,34
20230327,서울특별시,11,성동구,11200,서울특별시,11,마포구,11440,26,107,28,47,74,10,67,13,316,116,64
20230327,서울특별시,11,성동구,11200,서울특별시,11,서대문구,11410,11,55,16,38,55,4,37,7,191,89,42
20230327,서울특별시,11,성동구,11200,서울특별시,11,은평구,11380,6,60,23,31,66,11,46,7,249,90,54
20230327,서울특별시,11,성동구,11200,서울특별시,11,노원구,11350,17,74,23,44,80,15,54,21,250,93,42
20230327,서울특별시,11,성동구,11200,서울특별시,11,도봉구,11320,3,47,11,22,36,4,33,0,153,42,25
20230327,서울특별시,11,성동구,11200,서울특별시,11,강북구,11305,12,46,12,24,20,12,37,7,136,35,25
20230327,서울특별시,11,성동구,11200,서울특별시,11,성북구,11290,15,73,31,31,71,9,61,5,311,91,212
20230327,서울특별시,11,성동구,11200,서울특별시,11,중랑구,11260,12,66,14,27,46,4,37,6,205,72,40
20230327,서울특별시,11,서초구,11650,서울특별시,11,강동구,11740,14,52,54,23,86,7,91,9,84,37,53
20230327,서울특별시,11,중랑구,11260,서울특별시,11,종로구,11110,7,17,19,11,23,11,33,7,66,35,11
20230327,서울특별시,11,중랑구,11260,서울특별시,11,중구,11140,9,41,7,15,32,11,32,9,88,50,13
20230327,서울특별시,11,중랑구,11260,서울특별시,11,용산구,11170,15,37,14,30,55,12,34,4,88,34,22
20230327,서울특별시,11,중랑구,11260,서울특별시,11,성동구,11200,7,92,29,25,47,14,43,16,151,62,30
20230327,서울특별시,11,중랑구,11260,서울특별시,11,광진구,11215,12,62,16,13,69,21,50,12,153,82,29
20230327,서울특별시,11,중랑구,11260,서울특별시,11,동대문구,11230,8,50,30,22,57,12,50,15,150,58,26
20230327,서울특별시,11,중랑구,11260,서울특별시,11,중랑구,11260,6,52,15,21,56,19,85,11,162,57,35
20230327,서울특별시,11,중랑구,11260,서울특별시,11,성북구,11290,15,72,36,17,62,24,72,19,192,75,42
20230327,서울특별시,11,중랑구,11260,서울특별시,11,강북구,11305,6,47,6,12,40,8,39,8,78,42,28
20230327,서울특별시,11,중랑구,11260,서울특별시,11,도봉구,11320,7,42,3,18,30,12,37,7,103,28,20
20230327,서울특별시,11,성북구,11290,서울특별시,11,종로구,11110,5,50,32,11,22,9,51,12,177,43,8
20230327,서울특별시,11,성북구,11290,서울특별시,11,중구,11140,6,53,25,16,33,9,41,8,190,64,7
20230327,서울특별시,11,성북구,11290,서울특별시,11,용산구,11170,7,87,10,22,34,17,54,18,222,73,14
20230327,서울특별시,11,성북구,11290,서울특별시,11,성동구,11200,0,95,28,34,38,17,69,21,429,150,20
20230327,서울특별시,11,성북구,11290,서울특별시,11,광진구,11215,6,72,15,31,52,11,64,17,406,94,15
20230327,서울특별시,11,성북구,11290,서울특별시,11,동대문구,11230,7,75,23,28,59,12,68,19,415,101,14
20230327,서울특별시,11,성북구,11290,서울특별시,11,중랑구,11260,9,79,16,22,44,14,80,15,338,80,21
20230327,서울특별시,11,성북구,11290,서울특별시,11,성북구,11290,12,87,32,35,60,18,116,31,482,115,30
20230327,서울특별시,11,성북구,11290,서울특별시,11,강북구,11305,5,60,11,16,28,8,57,15,273,73,21
20230327,서울특별시,11,성북구,11290,서울특별시,11,도봉구,11320,10,51,14,24,32,8,52,15,292,62,8
20230327,서울특별시,11,성북구,11290,서울특별시,11,노원구,11350,7,89,28,31,58,13,85,23,485,124,16
20230327,서울특별시,11,성북구,11290,서울특별시,11,은평구,11380,16,84,15,28,63,16,93,31,416,106,17
20230327,서울특별시,11,성북구,11290,서울특별시,11,서대문구,11410,4,72,23,29,52,7,70,23,359,94,19
20230327,서울특별시,11,성북구,11290,서울특별시,11,마포구,11440,10,104,15,38,55,17,73,32,452,144,30
20230327,서울특별시,11,성북구,11290,서울특별시,11,양천구,11470,5,90,18,34,45,27,72,22,422,113,26
20230327,서울특별시,11,성북구,11290,서울특별시,11,강서구,11500,15,108,34,44,71,21,115,32,649,184,37
20230327,서울특별시,11,성북구,11290,서울특별시,11,구로구,11530,14,100,20,27,40,14,93,43,386,124,24
20230327,서울특별시,11,성북구,11290,서울특별시,11,금천구,11545,8,42,11,23,31,12,53,14,262,71,7
20230327,서울특별시,11,성북구,11290,서울특별시,11,영등포구,11560,8,104,27,41,52,16,108,27,467,115,24
20230327,서울특별시,11,성북구,11290,서울특별시,11,동작구,11590,7,96,14,28,50,18,83,22,417,102,20
20230327,서울특별시,11,성북구,11290,서울특별시,11,관악구,11620,3,107,17,38,56,9,115,23,620,175,21
20230327,서울특별시,11,성북구,11290,서울특별시,11,서초구,11650,20,116,12,47,68,24,113,32,422,150,26
20230327,서울특별시,11,성북구,11290,서울특별시,11,강남구,11680,24,200,24,47,90,45,164,31,594,188,47
20230327,서울특별시,11,성북구,11290,서울특별시,11,송파구,11710,26,162,22,44,99,33,147,45,675,195,39
20230327,서울특별시,11,성북구,11290,서울특별시,11,강동구,11740,15,87,16,34,59,24,93,38,452,115,23
20230327,서울특별시,11,성동구,11200,서울특별시,11,동대문구,11230,9,83,33,45,65,7,62,4,282,82,166
20230327,서울특별시,11,성동구,11200,서울특별시,11,광진구,11215,18,92,30,36,60,8,61,7,288,92,62
20230327,서울특별시,11,성동구,11200,서울특별시,11,성동구,11200,21,185,63,36,76,12,58,6,349,114,58
20230327,서울특별시,11,성동구,11200,서울특별시,11,용산구,11170,9,81,27,30,46,6,74,11,215,58,42
20230327,서울특별시,11,성동구,11200,서울특별시,11,중구,11140,5,66,26,29,60,7,57,0,182,79,112
20230327,서울특별시,11,성동구,11200,서울특별시,11,종로구,11110,3,46,13,18,42,4,43,4,127,51,94
20230327,서울특별시,11,송파구,11710,서울특별시,11,종로구,11110,4,35,19,11,20,13,34,0,81,25,16
20230327,서울특별시,11,송파구,11710,서울특별시,11,중구,11140,7,58,29,10,30,11,30,0,107,32,11
20230327,서울특별시,11,송파구,11710,서울특별시,11,성동구,11200,4,62,58,12,37,18,41,4,241,80,17
20230327,서울특별시,11,송파구,11710,서울특별시,11,광진구,11215,13,67,25,19,49,19,61,6,149,47,31
20230327,서울특별시,11,송파구,11710,서울특별시,11,동대문구,11230,6,42,22,8,49,12,45,6,164,36,13
20230327,서울특별시,11,송파구,11710,서울특별시,11,중랑구,11260,11,43,12,12,45,12,31,4,115,20,17
20230327,서울특별시,11,송파구,11710,서울특별시,11,성북구,11290,13,39,30,26,54,13,62,7,186,50,14
20230327,서울특별시,11,송파구,11710,서울특별시,11,강북구,11305,4,28,12,10,38,13,24,3,70,19,7
20230327,서울특별시,11,송파구,11710,서울특별시,11,도봉구,11320,4,26,7,6,36,12,32,0,77,27,18
20230327,서울특별시,11,송파구,11710,서울특별시,11,노원구,11350,8,56,23,23,58,23,65,7,164,40,20
20230327,서울특별시,11,송파구,11710,서울특별시,11,은평구,11380,6,49,20,16,50,22,49,10,145,45,22
20230327,서울특별시,11,송파구,11710,서울특별시,11,서대문구,11410,10,43,22,19,34,19,50,3,121,39,12
20230327,서울특별시,11,송파구,11710,서울특별시,11,마포구,11440,6,63,34,18,65,21,64,5,185,49,34
20230327,서울특별시,11,송파구,11710,서울특별시,11,양천구,11470,7,65,29,14,39,31,58,6,147,54,27
20230327,서울특별시,11,송파구,11710,서울특별시,11,강서구,11500,11,64,24,27,95,24,77,4,201,54,31
20230327,서울특별시,11,송파구,11710,서울특별시,11,구로구,11530,4,49,18,19,48,20,50,8,126,40,17
20230327,서울특별시,11,송파구,11710,서울특별시,11,금천구,11545,5,43,17,17,36,9,32,4,117,34,12
20230327,서울특별시,11,송파구,11710,서울특별시,11,영등포구,11560,9,62,20,21,50,20,63,5,180,55,26
20230327,서울특별시,11,강북구,11305,서울특별시,11,강동구,11740,0,32,9,7,16,6,16,0,125,28,13
20230327,서울특별시,11,강북구,11305,서울특별시,11,송파구,11710,3,45,8,18,28,0,28,9,174,31,18
20230327,서울특별시,11,강북구,11305,서울특별시,11,강남구,11680,6,44,12,23,37,6,26,4,144,30,23
20230327,서울특별시,11,강북구,11305,서울특별시,11,서초구,11650,5,40,13,10,36,3,13,4,93,23,23
20230327,서울특별시,11,강북구,11305,서울특별시,11,관악구,11620,6,34,9,15,24,0,8,3,146,38,24
20230327,서울특별시,11,강북구,11305,서울특별시,11,동작구,11590,4,20,4,11,13,3,4,4,99,29,15
20230327,서울특별시,11,강북구,11305,서울특별시,11,영등포구,11560,0,23,8,14,23,0,7,6,105,21,12
20230327,서울특별시,11,강북구,11305,서울특별시,11,금천구,11545,0,22,4,6,13,0,7,0,75,16,3
20230327,서울특별시,11,강북구,11305,서울특별시,11,구로구,11530,0,33,4,10,15,0,10,5,132,19,13
20230327,서울특별시,11,강북구,11305,서울특별시,11,강서구,11500,3,48,9,24,25,7,13,6,180,34,18
20230327,서울특별시,11,강북구,11305,서울특별시,11,양천구,11470,0,28,10,8,19,5,7,8,106,13,20
20230327,서울특별시,11,강북구,11305,서울특별시,11,마포구,11440,3,25,12,19,21,3,9,5,107,26,13
20230327,서울특별시,11,강북구,11305,서울특별시,11,서대문구,11410,0,18,6,12,9,0,6,0,88,16,5
20230327,서울특별시,11,강북구,11305,서울특별시,11,은평구,11380,0,18,7,13,14,0,8,0,107,21,8
20230327,서울특별시,11,강북구,11305,서울특별시,11,노원구,11350,0,29,12,19,17,3,12,3,150,23,14
20230327,서울특별시,11,강북구,11305,서울특별시,11,도봉구,11320,0,23,6,10,10,0,7,0,87,12,7
20230327,서울특별시,11,강북구,11305,서울특별시,11,강북구,11305,3,17,3,5,8,0,30,0,94,14,7
20230327,서울특별시,11,강북구,11305,서울특별시,11,성북구,11290,3,33,13,15,9,6,8,5,140,22,10
20230327,서울특별시,11,강북구,11305,서울특별시,11,중랑구,11260,3,20,3,8,17,3,10,7,95,17,13
20230327,서울특별시,11,강북구,11305,서울특별시,11,동대문구,11230,0,24,4,8,10,3,13,3,143,21,13
20230327,서울특별시,11,강북구,11305,서울특별시,11,광진구,11215,0,26,5,7,13,0,3,0,107,22,8
20230327,서울특별시,11,강북구,11305,서울특별시,11,성동구,11200,0,44,14,8,18,3,9,0,132,33,13
20230327,서울특별시,11,강북구,11305,서울특별시,11,용산구,11170,0,11,3,10,15,0,6,4,47,10,8
20230327,서울특별시,11,강북구,11305,서울특별시,11,중구,11140,0,17,3,4,9,0,6,0,49,10,4
20230327,서울특별시,11,강북구,11305,서울특별시,11,종로구,11110,0,16,4,6,11,0,11,3,48,20,8
20230327,서울특별시,11,송파구,11710,서울특별시,11,동작구,11590,3,44,23,16,48,11,60,8,147,41,16
20230327,서울특별시,11,송파구,11710,서울특별시,11,관악구,11620,11,69,21,17,68,21,63,5,224,57,33
20230327,서울특별시,11,송파구,11710,서울특별시,11,서초구,11650,12,85,46,27,61,30,74,6,170,39,33
20230327,서울특별시,11,송파구,11710,서울특별시,11,강남구,11680,13,138,47,46,120,43,138,8,257,79,48
20230327,서울특별시,11,송파구,11710,서울특별시,11,송파구,11710,31,110,81,46,88,39,214,11,331,78,49
20230327,서울특별시,11,송파구,11710,서울특별시,11,강동구,11740,15,55,34,23,55,18,51,7,163,65,22
20230327,서울특별시,11,광진구,11215,서울특별시,11,강동구,11740,10,45,10,39,60,7,19,15,130,59,11
20230327,서울특별시,11,광진구,11215,서울특별시,11,송파구,11710,22,64,16,51,101,17,25,24,220,103,33
20230327,서울특별시,11,광진구,11215,서울특별시,11,강남구,11680,18,100,25,48,116,19,35,12,227,113,29
20230327,서울특별시,11,광진구,11215,서울특별시,11,서초구,11650,14,69,20,43,62,9,32,8,168,64,24
20230327,서울특별시,11,광진구,11215,서울특별시,11,관악구,11620,29,36,10,44,77,9,21,9,189,90,24
20230327,서울특별시,11,광진구,11215,서울특별시,11,동작구,11590,17,29,15,31,46,12,15,8,128,54,9
20230327,서울특별시,11,광진구,11215,서울특별시,11,영등포구,11560,10,43,16,43,56,14,25,8,147,57,15
20230327,서울특별시,11,광진구,11215,서울특별시,11,금천구,11545,6,15,17,31,32,6,11,5,93,39,10
20230327,서울특별시,11,광진구,11215,서울특별시,11,구로구,11530,9,29,8,33,61,11,14,12,133,70,11
20230327,서울특별시,11,광진구,11215,서울특별시,11,강서구,11500,12,45,19,54,90,20,20,13,205,87,15
20230327,서울특별시,11,광진구,11215,서울특별시,11,양천구,11470,10,41,12,39,51,15,15,16,138,56,20
20230327,서울특별시,11,광진구,11215,서울특별시,11,마포구,11440,15,44,17,54,62,8,17,7,169,52,15
20230327,서울특별시,11,광진구,11215,서울특별시,11,서대문구,11410,12,30,19,30,49,3,8,7,116,55,9
20230327,서울특별시,11,광진구,11215,서울특별시,11,은평구,11380,9,37,6,28,63,11,14,13,144,73,9
20230327,서울특별시,11,광진구,11215,서울특별시,11,노원구,11350,17,41,11,23,46,8,25,9,158,68,12
20230327,서울특별시,11,광진구,11215,서울특별시,11,도봉구,11320,6,27,4,21,35,6,7,11,81,37,8
20230327,서울특별시,11,광진구,11215,서울특별시,11,강북구,11305,12,23,6,19,35,5,13,3,100,29,11
20230327,서울특별시,11,광진구,11215,서울특별시,11,성북구,11290,13,44,12,36,54,7,11,16,185,58,11
20230327,서울특별시,11,광진구,11215,서울특별시,11,중랑구,11260,8,41,11,25,37,10,14,10,120,46,5
20230327,서울특별시,11,광진구,11215,서울특별시,11,동대문구,11230,31,37,8,24,51,8,8,11,152,63,11
20230327,서울특별시,11,광진구,11215,서울특별시,11,광진구,11215,16,35,17,38,61,16,45,11,147,60,17
20230327,서울특별시,11,중구,11140,서울특별시,11,종로구,11110,35,68,23,6,66,5,32,5,142,55,10
20230327,서울특별시,11,중구,11140,서울특별시,11,중구,11140,21,104,40,14,82,5,57,0,228,40,12
20230327,서울특별시,11,중구,11140,서울특별시,11,용산구,11170,37,88,19,19,64,4,43,13,248,47,13
20230327,서울특별시,11,중구,11140,서울특별시,11,성동구,11200,34,101,24,10,55,7,61,4,374,138,15
20230327,서울특별시,11,중구,11140,서울특별시,11,광진구,11215,42,64,17,7,53,10,48,4,326,82,15
20230327,서울특별시,11,중구,11140,서울특별시,11,동대문구,11230,38,104,9,10,49,9,48,9,306,65,15
20230327,서울특별시,11,중구,11140,서울특별시,11,중랑구,11260,39,56,13,6,51,10,25,8,247,57,12
20230327,서울특별시,11,중구,11140,서울특별시,11,성북구,11290,61,86,15,13,61,19,48,6,368,88,21
20230327,서울특별시,11,중구,11140,서울특별시,11,강북구,11305,37,42,5,5,33,7,30,3,179,55,9
20230327,서울특별시,11,중구,11140,서울특별시,11,도봉구,11320,32,36,4,5,39,11,18,0,172,54,3
20230327,서울특별시,11,중구,11140,서울특별시,11,노원구,11350,48,92,17,10,72,15,32,8,344,83,23
20230327,서울특별시,11,중구,11140,서울특별시,11,은평구,11380,52,94,11,14,69,10,50,7,271,88,16
20230327,서울특별시,11,중구,11140,서울특별시,11,서대문구,11410,36,76,16,14,81,6,37,7,350,68,15
20230327,서울특별시,11,중구,11140,서울특별시,11,마포구,11440,56,124,28,22,134,6,56,6,461,127,28
20230327,서울특별시,11,중구,11140,서울특별시,11,양천구,11470,51,61,14,14,60,11,45,14,300,73,18
20230327,서울특별시,11,중구,11140,서울특별시,11,강서구,11500,92,109,22,23,103,20,62,20,484,121,34
20230327,서울특별시,11,중구,11140,서울특별시,11,구로구,11530,53,76,9,10,76,11,46,19,276,85,8
20230327,서울특별시,11,중구,11140,서울특별시,11,금천구,11545,30,51,13,10,51,4,20,8,179,55,8
20230327,서울특별시,11,중구,11140,서울특별시,11,영등포구,11560,47,104,32,20,100,7,66,9,363,89,20
20230327,서울특별시,11,중구,11140,서울특별시,11,동작구,11590,51,94,17,9,63,12,39,4,332,78,14
20230327,서울특별시,11,중구,11140,서울특별시,11,관악구,11620,57,104,12,14,60,14,48,5,428,120,14
20230327,서울특별시,11,중구,11140,서울특별시,11,서초구,11650,65,96,31,20,120,9,71,15,406,100,36
20230327,서울특별시,11,중구,11140,서울특별시,11,강남구,11680,87,188,44,29,218,19,105,13,625,114,43
20230327,서울특별시,11,중구,11140,서울특별시,11,송파구,11710,86,132,22,20,130,23,89,18,612,161,30
20230327,서울특별시,11,중구,11140,서울특별시,11,강동구,11740,63,71,11,14,60,7,53,5,311,63,19
20230327,서울특별시,11,광진구,11215,서울특별시,11,성동구,11200,10,101,34,29,42,9,13,8,196,123,8
20230327,서울특별시,11,광진구,11215,서울특별시,11,용산구,11170,4,32,7,37,32,9,6,5,91,39,9
20230327,서울특별시,11,광진구,11215,서울특별시,11,중구,11140,4,30,11,25,31,7,10,0,83,24,0
20230327,서울특별시,11,광진구,11215,서울특별시,11,종로구,11110,6,24,8,13,30,9,5,0,54,27,0
20230327,서울특별시,11,금천구,11545,서울특별시,11,종로구,11110,12,48,18,34,49,19,39,6,72,48,87
20230327,서울특별시,11,금천구,11545,서울특별시,11,중구,11140,10,53,17,42,31,25,38,8,86,38,116
20230327,서울특별시,11,금천구,11545,서울특별시,11,용산구,11170,14,56,18,77,64,33,40,10,106,49,129
20230327,서울특별시,11,금천구,11545,서울특별시,11,성동구,11200,20,242,23,65,66,34,49,14,136,89,188
20230327,서울특별시,11,금천구,11545,서울특별시,11,광진구,11215,28,59,29,81,81,37,71,14,145,79,252
20230327,서울특별시,11,금천구,11545,서울특별시,11,동대문구,11230,25,59,19,88,64,33,70,23,118,88,204
20230327,서울특별시,11,금천구,11545,서울특별시,11,중랑구,11260,25,50,7,63,55,28,64,7,108,49,207
20230327,서울특별시,11,금천구,11545,서울특별시,11,성북구,11290,24,76,13,102,78,37,85,15,209,104,252
20230327,서울특별시,11,금천구,11545,서울특별시,11,강북구,11305,10,25,12,43,43,16,46,6,94,40,124
20230327,서울특별시,11,금천구,11545,서울특별시,11,도봉구,11320,10,31,10,36,57,20,53,9,97,64,167
20230327,서울특별시,11,금천구,11545,서울특별시,11,노원구,11350,30,70,18,78,85,44,99,18,184,74,284
20230327,서울특별시,11,금천구,11545,서울특별시,11,은평구,11380,18,50,11,71,76,35,72,9,144,78,239
20230327,서울특별시,11,금천구,11545,서울특별시,11,서대문구,11410,21,62,12,69,66,30,77,15,152,59,193
20230327,서울특별시,11,금천구,11545,서울특별시,11,마포구,11440,43,88,19,97,91,48,107,17,174,108,254
20230327,서울특별시,11,금천구,11545,서울특별시,11,양천구,11470,25,51,13,71,68,40,64,17,166,95,260
20230327,서울특별시,11,금천구,11545,서울특별시,11,강서구,11500,34,97,25,107,120,55,78,19,207,105,358
20230327,서울특별시,11,금천구,11545,서울특별시,11,구로구,11530,26,55,21,85,74,40,86,15,139,113,253
20230327,서울특별시,11,금천구,11545,서울특별시,11,금천구,11545,17,51,8,60,53,25,64,6,103,56,138
20230327,서울특별시,11,금천구,11545,서울특별시,11,영등포구,11560,33,107,18,85,84,57,88,10,178,92,246
20230327,서울특별시,11,금천구,11545,서울특별시,11,동작구,11590,30,49,5,90,87,45,68,14,161,81,219
20230327,서울특별시,11,금천구,11545,서울특별시,11,관악구,11620,39,58,21,117,105,36,112,15,219,89,280
20230327,서울특별시,11,금천구,11545,서울특별시,11,서초구,11650,38,99,31,99,118,81,88,22,199,86,276
20230327,서울특별시,11,금천구,11545,서울특별시,11,강남구,11680,49,196,51,164,160,101,132,27,254,132,428
20230327,서울특별시,11,금천구,11545,서울특별시,11,송파구,11710,40,124,36,154,152,102,131,21,274,146,410
20230327,서울특별시,11,금천구,11545,서울특별시,11,강동구,11740,21,63,23,81,75,35,82,25,170,88,258
20230327,서울특별시,11,강남구,11680,서울특별시,11,종로구,11110,14,103,26,23,73,16,80,17,138,53,39
20230327,서울특별시,11,강남구,11680,서울특별시,11,중구,11140,14,121,32,34,87,14,89,22,215,48,57
20230327,서울특별시,11,강남구,11680,서울특별시,11,용산구,11170,24,125,33,61,92,22,102,14,207,68,47
20230327,서울특별시,11,강남구,11680,서울특별시,11,성동구,11200,17,213,80,41,104,17,140,35,387,131,53
20230327,서울특별시,11,강남구,11680,서울특별시,11,광진구,11215,19,153,40,39,98,40,115,17,294,89,51
20230327,서울특별시,11,강남구,11680,서울특별시,11,동대문구,11230,13,144,23,32,65,15,124,31,355,102,69
20230327,서울특별시,11,강남구,11680,서울특별시,11,중랑구,11260,9,124,27,23,70,21,100,24,259,78,62
20230327,서울특별시,11,강남구,11680,서울특별시,11,성북구,11290,23,166,32,32,104,25,149,17,426,122,72
20230327,서울특별시,11,강남구,11680,서울특별시,11,강북구,11305,6,68,7,20,54,26,74,9,184,70,35
20230327,서울특별시,11,강남구,11680,서울특별시,11,도봉구,11320,11,108,18,28,61,15,90,7,203,61,37
20230327,서울특별시,11,강남구,11680,서울특별시,11,노원구,11350,25,162,35,42,110,33,160,29,338,106,74
20230327,서울특별시,11,강남구,11680,서울특별시,11,은평구,11380,27,148,41,31,94,29,130,22,306,96,55
20230327,서울특별시,11,강남구,11680,서울특별시,11,서대문구,11410,16,140,35,35,84,34,103,19,271,98,51
20230327,서울특별시,11,강남구,11680,서울특별시,11,마포구,11440,27,198,53,56,164,40,197,24,342,130,113
20230327,서울특별시,11,강남구,11680,서울특별시,11,양천구,11470,18,152,42,33,105,33,136,15,296,94,79
20230327,서울특별시,11,강남구,11680,서울특별시,11,강서구,11500,25,196,46,57,135,46,213,41,409,156,110
20230327,서울특별시,11,강남구,11680,서울특별시,11,구로구,11530,13,145,44,35,102,28,154,26,254,91,59
20230327,서울특별시,11,강남구,11680,서울특별시,11,금천구,11545,4,109,19,43,53,15,81,24,209,68,47
20230327,서울특별시,11,강남구,11680,서울특별시,11,영등포구,11560,22,191,36,50,120,44,160,18,310,131,92
20230327,서울특별시,11,강남구,11680,서울특별시,11,동작구,11590,16,158,31,35,97,34,137,25,292,72,68
20230327,서울특별시,11,강남구,11680,서울특별시,11,관악구,11620,21,219,42,53,129,33,169,35,430,146,97
20230327,서울특별시,11,강남구,11680,서울특별시,11,서초구,11650,22,265,100,67,201,66,208,35,450,153,315
20230327,서울특별시,11,강남구,11680,서울특별시,11,강남구,11680,48,439,169,94,342,74,427,48,752,216,398
20230327,서울특별시,11,강남구,11680,서울특별시,11,송파구,11710,40,335,94,62,217,60,283,35,534,180,415
20230327,서울특별시,11,강남구,11680,서울특별시,11,강동구,11740,29,172,37,35,107,39,185,24,307,112,71
20230327,서울특별시,11,마포구,11440,서울특별시,11,종로구,11110,7,78,21,82,68,4,83,10,112,44,26
20230327,서울특별시,11,마포구,11440,서울특별시,11,중구,11140,5,81,32,100,72,11,61,8,146,46,23
20230327,서울특별시,11,마포구,11440,서울특별시,11,용산구,11170,5,99,32,133,97,7,77,8,125,58,51
20230327,서울특별시,11,마포구,11440,서울특별시,11,성동구,11200,14,126,53,126,120,7,82,10,305,100,64
20230327,서울특별시,11,마포구,11440,서울특별시,11,광진구,11215,16,75,21,153,121,10,84,14,188,72,63
20230327,서울특별시,11,마포구,11440,서울특별시,11,동대문구,11230,14,75,30,156,124,6,99,8,210,80,62
20230327,서울특별시,11,마포구,11440,서울특별시,11,중랑구,11260,14,87,13,140,106,11,71,13,147,53,67
20230327,서울특별시,11,마포구,11440,서울특별시,11,성북구,11290,19,96,39,186,134,12,109,11,222,102,63
20230327,서울특별시,11,마포구,11440,서울특별시,11,강북구,11305,5,50,10,90,55,3,74,10,117,42,28
20230327,서울특별시,11,마포구,11440,서울특별시,11,도봉구,11320,10,50,16,97,77,5,59,8,111,46,41
20230327,서울특별시,11,마포구,11440,서울특별시,11,노원구,11350,20,108,25,188,113,6,111,13,181,80,60
20230327,서울특별시,11,마포구,11440,서울특별시,11,은평구,11380,20,99,33,146,110,12,88,23,184,71,43
20230327,서울특별시,11,마포구,11440,서울특별시,11,서대문구,11410,17,83,45,155,103,6,92,12,156,63,42
20230327,서울특별시,11,마포구,11440,서울특별시,11,마포구,11440,20,195,70,186,153,19,117,17,278,98,63
20230327,서울특별시,11,마포구,11440,서울특별시,11,양천구,11470,23,169,28,157,114,14,98,15,135,62,69
20230327,서울특별시,11,마포구,11440,서울특별시,11,강서구,11500,27,148,56,284,168,14,139,16,242,109,91
20230327,서울특별시,11,마포구,11440,서울특별시,11,구로구,11530,9,86,24,142,118,12,89,11,161,67,52
20230327,서울특별시,11,마포구,11440,서울특별시,11,금천구,11545,14,61,23,114,78,10,72,7,114,57,37
20230327,서울특별시,11,마포구,11440,서울특별시,11,영등포구,11560,20,125,53,202,114,16,117,19,165,89,68
20230327,서울특별시,11,마포구,11440,서울특별시,11,동작구,11590,19,90,34,157,119,9,113,7,181,71,67
20230327,서울특별시,11,마포구,11440,서울특별시,11,관악구,11620,22,107,31,203,166,23,133,7,261,122,67
20230327,서울특별시,11,마포구,11440,서울특별시,11,서초구,11650,23,121,34,199,153,16,156,13,186,83,81
20230327,서울특별시,11,마포구,11440,서울특별시,11,강남구,11680,39,217,81,296,197,18,222,19,290,118,119
20230327,서울특별시,11,마포구,11440,서울특별시,11,송파구,11710,39,172,54,321,217,21,191,21,263,127,109
20230327,서울특별시,11,마포구,11440,서울특별시,11,강동구,11740,12,76,25,172,114,15,110,23,150,77,61
20230327,서울특별시,11,구로구,11530,서울특별시,11,종로구,11110,9,35,27,17,34,0,12,3,46,17,16
20230327,서울특별시,11,구로구,11530,서울특별시,11,중구,11140,15,42,29,26,36,7,14,3,64,19,19
20230327,서울특별시,11,구로구,11530,서울특별시,11,용산구,11170,8,50,22,37,38,5,9,3,59,18,27
20230327,서울특별시,11,구로구,11530,서울특별시,11,성동구,11200,17,70,48,29,52,7,19,3,116,55,42
20230327,서울특별시,11,도봉구,11320,서울특별시,11,종로구,11110,3,12,0,10,23,5,17,0,47,16,3
20230327,서울특별시,11,도봉구,11320,서울특별시,11,중구,11140,9,9,0,23,20,8,13,0,54,13,8
20230327,서울특별시,11,도봉구,11320,서울특별시,11,용산구,11170,4,14,5,29,33,8,18,0,71,22,6
20230327,서울특별시,11,도봉구,11320,서울특별시,11,성동구,11200,6,9,17,40,43,12,35,0,117,39,7
20230327,서울특별시,11,도봉구,11320,서울특별시,11,광진구,11215,7,15,6,40,38,7,17,3,136,35,10
20230327,서울특별시,11,도봉구,11320,서울특별시,11,동대문구,11230,7,11,5,41,38,13,24,10,133,29,6
20230327,서울특별시,11,도봉구,11320,서울특별시,11,중랑구,11260,0,15,3,35,43,13,20,4,130,39,8
20230327,서울특별시,11,도봉구,11320,서울특별시,11,성북구,11290,6,24,6,35,36,11,20,0,165,45,11
20230327,서울특별시,11,도봉구,11320,서울특별시,11,강북구,11305,0,17,8,33,24,14,19,0,109,26,0
20230327,서울특별시,11,도봉구,11320,서울특별시,11,도봉구,11320,6,14,9,16,19,15,32,5,135,28,11
20230327,서울특별시,11,도봉구,11320,서울특별시,11,노원구,11350,4,20,6,51,49,15,32,0,191,51,11
20230327,서울특별시,11,도봉구,11320,서울특별시,11,은평구,11380,11,26,6,35,41,17,21,3,149,46,8
20230327,서울특별시,11,도봉구,11320,서울특별시,11,서대문구,11410,6,15,3,41,32,8,31,0,118,36,6
20230327,서울특별시,11,도봉구,11320,서울특별시,11,마포구,11440,14,20,9,52,46,22,32,6,160,41,11
20230327,서울특별시,11,도봉구,11320,서울특별시,11,양천구,11470,6,17,9,37,35,16,25,3,152,35,11
20230327,서울특별시,11,도봉구,11320,서울특별시,11,강서구,11500,8,21,8,63,68,13,30,3,195,54,7
20230327,서울특별시,11,도봉구,11320,서울특별시,11,구로구,11530,7,31,3,40,30,18,26,4,149,36,11
20230327,서울특별시,11,도봉구,11320,서울특별시,11,금천구,11545,9,7,3,31,31,6,12,0,80,25,3
20230327,서울특별시,11,도봉구,11320,서울특별시,11,영등포구,11560,8,16,5,44,36,19,18,7,143,35,14
20230327,서울특별시,11,도봉구,11320,서울특별시,11,동작구,11590,7,18,9,36,34,9,14,9,131,33,0
20230327,서울특별시,11,도봉구,11320,서울특별시,11,관악구,11620,9,22,8,60,61,16,39,0,186,32,6
20230327,서울특별시,11,도봉구,11320,서울특별시,11,서초구,11650,10,19,10,46,55,20,25,4,140,48,13
20230327,서울특별시,11,도봉구,11320,서울특별시,11,강남구,11680,15,26,11,72,87,28,48,9,198,56,24
20230327,서울특별시,11,도봉구,11320,서울특별시,11,송파구,11710,5,31,0,54,66,17,42,7,232,66,14
20230327,서울특별시,11,도봉구,11320,서울특별시,11,강동구,11740,6,17,0,56,40,16,37,9,133,47,11
20230327,서울특별시,11,구로구,11530,서울특별시,11,광진구,11215,10,70,33,23,43,9,19,5,88,34,43
20230327,서울특별시,11,구로구,11530,서울특별시,11,동대문구,11230,12,68,45,24,51,9,23,0,102,23,25
20230327,서울특별시,11,구로구,11530,서울특별시,11,중랑구,11260,13,67,22,37,42,11,23,8,78,22,32
20230327,서울특별시,11,구로구,11530,서울특별시,11,성북구,11290,20,90,30,35,75,11,17,8,119,30,36
20230327,서울특별시,11,구로구,11530,서울특별시,11,강북구,11305,11,39,12,29,33,9,10,3,52,14,24
20230327,서울특별시,11,구로구,11530,서울특별시,11,도봉구,11320,11,47,13,26,27,11,20,0,57,21,32
20230327,서울특별시,11,구로구,11530,서울특별시,11,노원구,11350,15,108,35,45,58,13,30,9,109,41,33
20230327,서울특별시,11,구로구,11530,서울특별시,11,은평구,11380,5,75,32,46,56,19,13,15,97,30,48
20230327,서울특별시,11,구로구,11530,서울특별시,11,서대문구,11410,11,72,25,31,46,15,18,4,74,26,28
20230327,서울특별시,11,구로구,11530,서울특별시,11,마포구,11440,25,95,59,49,68,14,28,5,97,35,45
20230327,서울특별시,11,구로구,11530,서울특별시,11,양천구,11470,7,69,25,42,56,14,34,7,97,27,41
20230327,서울특별시,11,구로구,11530,서울특별시,11,강서구,11500,12,128,40,52,72,21,30,9,166,44,72
20230327,서울특별시,11,구로구,11530,서울특별시,11,구로구,11530,12,98,36,55,72,12,53,14,118,40,37
20230327,서울특별시,11,구로구,11530,서울특별시,11,금천구,11545,17,49,21,36,30,9,9,4,69,32,28
20230327,서울특별시,11,구로구,11530,서울특별시,11,영등포구,11560,22,90,33,43,61,12,25,6,108,43,47
20230327,서울특별시,11,구로구,11530,서울특별시,11,동작구,11590,12,67,40,39,61,13,23,7,95,35,27
20230327,서울특별시,11,구로구,11530,서울특별시,11,관악구,11620,25,108,47,49,75,15,21,4,153,40,55
20230327,서울특별시,11,구로구,11530,서울특별시,11,서초구,11650,14,77,37,53,81,13,22,11,105,34,54
20230327,서울특별시,11,구로구,11530,서울특별시,11,강남구,11680,23,117,83,68,122,23,42,13,168,61,94
20230327,서울특별시,11,구로구,11530,서울특별시,11,송파구,11710,28,112,41,61,113,21,32,16,177,48,79
20230327,서울특별시,11,구로구,11530,서울특별시,11,강동구,11740,10,77,96,41,53,17,12,9,99,36,42
20230327,서울특별시,11,종로구,11110,서울특별시,11,종로구,11110,13,32,33,16,24,0,47,5,93,34,11
20230327,서울특별시,11,종로구,11110,서울특별시,11,중구,11140,8,30,15,18,26,0,22,0,103,29,22
20230327,서울특별시,11,종로구,11110,서울특별시,11,용산구,11170,12,35,18,35,22,0,20,0,115,27,11
20230327,서울특별시,11,종로구,11110,서울특별시,11,성동구,11200,14,59,22,15,42,4,11,10,208,67,9
20230327,서울특별시,11,종로구,11110,서울특별시,11,광진구,11215,15,56,26,20,29,4,20,9,154,42,13
20230327,서울특별시,11,종로구,11110,서울특별시,11,동대문구,11230,8,39,16,26,30,0,16,3,151,34,23
20230327,서울특별시,11,종로구,11110,서울특별시,11,중랑구,11260,8,34,13,27,39,3,14,15,131,48,11
20230327,서울특별시,11,종로구,11110,서울특별시,11,성북구,11290,13,58,40,24,52,4,25,15,184,52,25
20230327,서울특별시,11,종로구,11110,서울특별시,11,강북구,11305,4,22,14,19,33,0,20,3,91,34,15
20230327,서울특별시,11,종로구,11110,서울특별시,11,도봉구,11320,8,24,10,16,17,0,19,4,85,42,11
20230327,서울특별시,11,종로구,11110,서울특별시,11,노원구,11350,12,40,38,31,46,5,18,6,163,60,27
20230327,서울특별시,11,종로구,11110,서울특별시,11,은평구,11380,12,52,16,22,37,0,22,6,157,58,21
20230327,서울특별시,11,종로구,11110,서울특별시,11,서대문구,11410,8,38,25,19,39,3,28,3,120,50,24
20230327,서울특별시,11,종로구,11110,서울특별시,11,마포구,11440,18,56,28,31,49,0,24,9,191,53,25
20230327,서울특별시,11,종로구,11110,서울특별시,11,양천구,11470,7,46,19,28,45,0,22,7,130,50,16
20230327,서울특별시,11,종로구,11110,서울특별시,11,강서구,11500,21,70,32,46,47,4,24,9,205,77,26
20230327,서울특별시,11,종로구,11110,서울특별시,11,구로구,11530,10,40,21,24,45,3,29,6,132,37,19
20230327,서울특별시,11,종로구,11110,서울특별시,11,금천구,11545,7,32,12,19,18,0,9,3,119,29,11
20230327,서울특별시,11,종로구,11110,서울특별시,11,영등포구,11560,16,56,24,26,47,4,26,12,149,65,26
20230327,서울특별시,11,종로구,11110,서울특별시,11,동작구,11590,8,46,26,43,37,3,18,6,151,50,12
20230327,서울특별시,11,서초구,11650,서울특별시,11,도봉구,11320,0,38,16,13,59,8,70,5,46,21,25
20230327,서울특별시,11,서초구,11650,서울특별시,11,강북구,11305,16,33,16,19,43,3,60,3,38,15,15
20230327,서울특별시,11,서초구,11650,서울특별시,11,성북구,11290,12,68,34,24,89,4,82,4,94,39,29
20230327,서울특별시,11,서초구,11650,서울특별시,11,중랑구,11260,14,39,36,15,67,6,57,6,74,24,26
20230327,서울특별시,11,서초구,11650,서울특별시,11,동대문구,11230,12,63,83,24,68,3,84,4,72,28,36
20230327,서울특별시,11,서초구,11650,서울특별시,11,광진구,11215,11,61,25,20,80,6,79,8,85,31,31
20230327,서울특별시,11,서초구,11650,서울특별시,11,성동구,11200,23,83,68,24,77,8,58,5,154,42,30
20230327,서울특별시,11,서초구,11650,서울특별시,11,용산구,11170,20,65,32,20,43,5,82,4,78,27,30
20230327,서울특별시,11,서초구,11650,서울특별시,11,중구,11140,13,43,29,18,37,7,42,3,79,25,9
20230327,서울특별시,11,서초구,11650,서울특별시,11,종로구,11110,17,48,27,11,57,6,56,0,36,14,12
20230327,서울특별시,11,종로구,11110,서울특별시,11,관악구,11620,13,42,24,46,48,3,28,3,223,64,28
20230327,서울특별시,11,종로구,11110,서울특별시,11,서초구,11650,17,66,29,25,59,3,29,12,162,69,22
20230327,서울특별시,11,종로구,11110,서울특별시,11,강남구,11680,29,108,54,51,81,12,49,4,259,121,41
20230327,서울특별시,11,종로구,11110,서울특별시,11,송파구,11710,32,83,44,67,75,5,33,13,258,117,22
20230327,서울특별시,11,종로구,11110,서울특별시,11,강동구,11740,9,42,15,31,43,0,36,13,126,60,29
20230327,서울특별시,11,서대문구,11410,서울특별시,11,종로구,11110,6,21,7,9,23,4,9,10,57,22,7
20230327,서울특별시,11,서대문구,11410,서울특별시,11,중구,11140,6,27,6,9,22,6,5,7,69,31,8
20230327,서울특별시,11,서대문구,11410,서울특별시,11,용산구,11170,6,21,11,13,28,7,8,0,52,23,7
20230327,서울특별시,11,서대문구,11410,서울특별시,11,성동구,11200,5,26,17,18,32,8,5,7,139,64,18
20230327,서울특별시,11,서대문구,11410,서울특별시,11,광진구,11215,10,27,6,16,28,13,6,12,108,34,12
20230327,서울특별시,11,서대문구,11410,서울특별시,11,동대문구,11230,7,25,11,14,37,12,12,11,97,47,37
20230327,서울특별시,11,서대문구,11410,서울특별시,11,중랑구,11260,6,23,8,16,40,7,10,10,72,42,31
20230327,서울특별시,11,서대문구,11410,서울특별시,11,성북구,11290,10,27,15,30,52,8,11,9,122,50,24
20230327,서울특별시,11,서대문구,11410,서울특별시,11,강북구,11305,6,14,8,10,30,5,7,11,68,39,8
20230327,서울특별시,11,서대문구,11410,서울특별시,11,도봉구,11320,8,15,5,8,30,6,0,10,61,28,11
20230327,서울특별시,11,서대문구,11410,서울특별시,11,노원구,11350,11,20,20,15,46,11,12,22,107,55,146
20230327,서울특별시,11,서대문구,11410,서울특별시,11,은평구,11380,8,35,14,20,42,14,8,14,94,60,54
20230327,서울특별시,11,서대문구,11410,서울특별시,11,서대문구,11410,6,25,18,14,20,13,48,10,98,34,12
20230327,서울특별시,11,서대문구,11410,서울특별시,11,마포구,11440,8,48,23,25,38,15,9,13,124,50,23
20230327,서울특별시,11,서대문구,11410,서울특별시,11,양천구,11470,11,26,16,10,37,13,8,21,94,62,13
20230327,서울특별시,11,서대문구,11410,서울특별시,11,강서구,11500,11,58,13,18,56,11,16,19,139,54,77
20230327,서울특별시,11,서대문구,11410,서울특별시,11,구로구,11530,6,22,7,16,37,7,7,22,127,49,18
20230327,서울특별시,11,서대문구,11410,서울특별시,11,금천구,11545,9,18,0,10,35,3,7,4,77,37,8
20230327,서울특별시,11,서대문구,11410,서울특별시,11,영등포구,11560,12,45,7,17,65,17,5,0,107,58,17
20230327,서울특별시,11,서대문구,11410,서울특별시,11,동작구,11590,9,22,9,21,41,9,12,10,103,43,17
20230327,서울특별시,11,서대문구,11410,서울특별시,11,관악구,11620,9,30,15,23,50,19,14,12,126,48,27
20230327,서울특별시,11,서대문구,11410,서울특별시,11,서초구,11650,3,33,14,19,50,16,14,14,84,43,21
20230327,서울특별시,11,서대문구,11410,서울특별시,11,강남구,11680,11,64,29,40,69,21,28,10,144,67,37
20230327,서울특별시,11,서대문구,11410,서울특별시,11,송파구,11710,11,45,18,28,62,22,16,22,159,60,30
20230327,서울특별시,11,서대문구,11410,서울특별시,11,강동구,11740,10,35,10,28,43,9,8,28,93,49,20
20230327,서울특별시,11,강동구,11740,서울특별시,11,강동구,11740,6,65,24,22,36,9,81,5,67,64,25
20230327,서울특별시,11,강동구,11740,서울특별시,11,송파구,11710,23,114,21,27,103,22,103,4,60,112,21
20230327,서울특별시,11,강동구,11740,서울특별시,11,강남구,11680,30,89,29,30,107,24,136,9,82,120,39
20230327,서울특별시,11,강동구,11740,서울특별시,11,서초구,11650,10,65,16,25,61,15,82,0,41,67,25
20230327,서울특별시,11,강동구,11740,서울특별시,11,관악구,11620,17,35,16,27,60,7,69,3,31,58,18
20230327,서울특별시,11,강동구,11740,서울특별시,11,동작구,11590,12,33,4,16,45,13,53,0,27,62,10
20230327,서울특별시,11,강동구,11740,서울특별시,11,영등포구,11560,10,50,5,21,53,11,61,0,25,47,15
20230327,서울특별시,11,강동구,11740,서울특별시,11,금천구,11545,4,42,5,18,39,8,40,7,41,31,7
20230327,서울특별시,11,강동구,11740,서울특별시,11,구로구,11530,15,28,11,18,45,12,50,6,33,36,12
20230327,서울특별시,11,강동구,11740,서울특별시,11,강서구,11500,13,55,15,26,69,16,90,4,65,58,19
20230327,서울특별시,11,강동구,11740,서울특별시,11,양천구,11470,6,47,14,21,47,15,56,0,31,58,14
20230327,서울특별시,11,강동구,11740,서울특별시,11,마포구,11440,10,61,14,20,59,13,87,4,35,55,9
20230327,서울특별시,11,강동구,11740,서울특별시,11,서대문구,11410,11,27,6,13,35,4,53,5,25,37,7
20230327,서울특별시,11,강동구,11740,서울특별시,11,은평구,11380,15,24,6,19,42,4,53,6,30,52,17
20230327,서울특별시,11,강동구,11740,서울특별시,11,노원구,11350,15,35,22,19,59,9,65,4,26,53,18
20230327,서울특별시,11,강동구,11740,서울특별시,11,도봉구,11320,5,20,9,17,42,0,60,0,18,32,8
20230327,서울특별시,11,강동구,11740,서울특별시,11,강북구,11305,4,22,3,22,26,6,32,3,28,22,8
20230327,서울특별시,11,강동구,11740,서울특별시,11,성북구,11290,9,28,12,21,61,10,69,3,62,51,19
20230327,서울특별시,11,강동구,11740,서울특별시,11,중랑구,11260,10,31,9,17,46,6,44,0,32,33,9
20230327,서울특별시,11,강동구,11740,서울특별시,11,동대문구,11230,11,42,18,17,35,10,62,0,43,41,12
20230327,서울특별시,11,강동구,11740,서울특별시,11,광진구,11215,10,35,7,16,52,8,50,6,34,27,12
20230327,서울특별시,11,강동구,11740,서울특별시,11,성동구,11200,11,50,23,21,58,10,54,6,89,77,5
20230327,서울특별시,11,강동구,11740,서울특별시,11,용산구,11170,7,32,6,19,45,9,69,3,27,34,10
20230327,서울특별시,11,강동구,11740,서울특별시,11,중구,11140,3,24,8,11,24,4,38,0,47,47,9
20230327,서울특별시,11,강동구,11740,서울특별시,11,종로구,11110,4,25,8,8,20,7,38,0,26,38,6
20230327,서울특별시,11,동대문구,11230,서울특별시,11,종로구,11110,3,32,9,5,42,0,71,4,69,22,13
20230327,서울특별시,11,동대문구,11230,서울특별시,11,중구,11140,3,30,14,10,53,3,40,6,112,21,9
20230327,서울특별시,11,동대문구,11230,서울특별시,11,용산구,11170,6,32,4,14,45,4,68,7,124,37,19
20230327,서울특별시,11,동대문구,11230,서울특별시,11,성동구,11200,9,100,35,12,80,11,84,11,218,60,23
20230327,서울특별시,11,동대문구,11230,서울특별시,11,광진구,11215,6,40,10,15,59,11,73,8,198,47,22
20230327,서울특별시,11,동대문구,11230,서울특별시,11,동대문구,11230,14,60,22,20,62,7,110,10,230,55,47
20230327,서울특별시,11,동대문구,11230,서울특별시,11,중랑구,11260,6,52,8,14,58,4,82,10,204,25,25
20230327,서울특별시,11,동대문구,11230,서울특별시,11,성북구,11290,10,65,16,22,75,12,119,13,267,59,42
20230327,서울특별시,11,동대문구,11230,서울특별시,11,강북구,11305,3,34,0,17,48,0,79,5,110,24,32
20230327,서울특별시,11,동대문구,11230,서울특별시,11,도봉구,11320,8,31,7,12,55,3,68,4,132,28,20
20230327,서울특별시,11,동대문구,11230,서울특별시,11,노원구,11350,6,52,9,26,84,8,117,11,238,45,40
20230327,서울특별시,11,동대문구,11230,서울특별시,11,은평구,11380,11,50,10,24,69,8,115,11,217,46,36
20230327,서울특별시,11,동대문구,11230,서울특별시,11,서대문구,11410,7,35,5,13,51,6,79,9,157,35,28
20230327,서울특별시,11,동대문구,11230,서울특별시,11,마포구,11440,18,62,10,31,99,10,103,7,204,50,38
20230327,서울특별시,11,동대문구,11230,서울특별시,11,양천구,11470,8,65,6,14,74,9,103,11,215,59,29
20230327,서울특별시,11,동대문구,11230,서울특별시,11,강서구,11500,11,92,13,19,124,5,173,16,304,70,56
20230327,서울특별시,11,동대문구,11230,서울특별시,11,구로구,11530,7,47,6,28,93,10,114,9,207,42,31
20230327,서울특별시,11,동대문구,11230,서울특별시,11,금천구,11545,8,32,7,12,33,7,63,8,128,25,25
20230327,서울특별시,11,동대문구,11230,서울특별시,11,영등포구,11560,8,69,18,22,87,11,109,5,232,54,34
20230327,서울특별시,11,동대문구,11230,서울특별시,11,동작구,11590,9,46,9,17,50,11,130,4,190,46,25
20230327,서울특별시,11,동대문구,11230,서울특별시,11,관악구,11620,18,83,14,26,83,12,152,6,296,67,48
20230327,서울특별시,11,동대문구,11230,서울특별시,11,서초구,11650,10,66,7,24,83,6,143,16,214,46,49
20230327,서울특별시,11,동대문구,11230,서울특별시,11,강남구,11680,14,106,15,41,123,21,143,13,273,89,58
20230327,서울특별시,11,동대문구,11230,서울특별시,11,송파구,11710,13,91,21,18,117,22,161,19,341,69,56
20230327,서울특별시,11,동대문구,11230,서울특별시,11,강동구,11740,6,49,7,17,73,6,102,11,238,41,33
20230327,서울특별시,11,용산구,11170,서울특별시,11,종로구,11110,8,36,17,193,22,5,13,5,51,9,13
20230327,서울특별시,11,용산구,11170,서울특별시,11,중구,11140,5,43,12,228,25,0,22,3,77,19,6
20230327,서울특별시,11,용산구,11170,서울특별시,11,용산구,11170,8,69,27,288,38,6,49,3,103,27,19
20230327,서울특별시,11,용산구,11170,서울특별시,11,성동구,11200,6,66,27,272,34,8,24,7,147,48,13
20230327,서울특별시,11,용산구,11170,서울특별시,11,광진구,11215,3,45,5,299,40,7,32,0,111,28,19
20230327,서울특별시,11,용산구,11170,서울특별시,11,동대문구,11230,9,47,12,255,26,0,36,3,89,17,20
20230327,서울특별시,11,용산구,11170,서울특별시,11,중랑구,11260,6,40,13,203,34,7,28,7,72,22,20
20230327,서울특별시,11,용산구,11170,서울특별시,11,성북구,11290,0,54,5,313,44,4,44,5,123,25,21
20230327,서울특별시,11,용산구,11170,서울특별시,11,강북구,11305,3,28,4,134,23,4,18,0,46,11,6
20230327,서울특별시,11,용산구,11170,서울특별시,11,도봉구,11320,6,29,8,174,23,3,23,6,75,14,18
20230327,서울특별시,11,용산구,11170,서울특별시,11,노원구,11350,6,54,15,318,54,4,47,5,101,33,23
20230327,서울특별시,11,용산구,11170,서울특별시,11,은평구,11380,9,61,8,283,49,5,26,3,98,22,16
20230327,서울특별시,11,용산구,11170,서울특별시,11,서대문구,11410,7,41,10,260,37,6,31,5,82,22,19
20230327,서울특별시,11,용산구,11170,서울특별시,11,마포구,11440,10,76,17,385,51,7,50,9,135,46,15
20230327,서울특별시,11,용산구,11170,서울특별시,11,양천구,11470,6,46,9,305,33,11,35,5,98,21,16
20230327,서울특별시,11,용산구,11170,서울특별시,11,강서구,11500,11,80,22,432,54,6,45,4,160,34,19
20230327,서울특별시,11,용산구,11170,서울특별시,11,구로구,11530,8,34,7,334,32,9,58,3,67,21,11
20230327,서울특별시,11,용산구,11170,서울특별시,11,금천구,11545,4,37,8,346,31,5,13,0,67,22,12
20230327,서울특별시,11,용산구,11170,서울특별시,11,영등포구,11560,8,63,7,427,59,10,44,6,122,34,21
20230327,서울특별시,11,용산구,11170,서울특별시,11,동작구,11590,4,48,16,288,52,6,36,4,98,16,16
20230327,서울특별시,11,용산구,11170,서울특별시,11,관악구,11620,9,73,20,439,49,7,40,7,125,33,24
20230327,서울특별시,11,용산구,11170,서울특별시,11,서초구,11650,11,79,18,518,66,14,56,6,169,41,18
20230327,서울특별시,11,용산구,11170,서울특별시,11,강남구,11680,11,148,40,754,101,13,69,9,202,55,25
20230327,서울특별시,11,용산구,11170,서울특별시,11,송파구,11710,13,86,20,518,66,15,71,7,173,61,31
20230327,서울특별시,11,용산구,11170,서울특별시,11,강동구,11740,6,56,13,292,34,7,32,6,119,25,10
20230327,서울특별시,11,관악구,11620,서울특별시,11,강동구,11740,7,29,22,14,36,0,19,8,54,38,9
20230327,서울특별시,11,관악구,11620,서울특별시,11,송파구,11710,5,44,44,10,54,9,32,7,87,40,22
20230327,서울특별시,11,관악구,11620,서울특별시,11,강남구,11680,18,51,64,17,63,10,33,0,76,39,45
20230327,서울특별시,11,관악구,11620,서울특별시,11,서초구,11650,6,38,62,18,42,0,23,10,48,31,16
20230327,서울특별시,11,관악구,11620,서울특별시,11,관악구,11620,8,61,47,21,58,6,68,8,94,42,169
20230327,서울특별시,11,관악구,11620,서울특별시,11,동작구,11590,10,33,56,15,42,0,25,5,54,22,143
20230327,서울특별시,11,관악구,11620,서울특별시,11,영등포구,11560,10,38,34,15,57,3,26,3,62,37,14
20230327,서울특별시,11,관악구,11620,서울특별시,11,금천구,11545,3,22,23,16,23,0,18,5,39,20,103
20230327,서울특별시,11,관악구,11620,서울특별시,11,구로구,11530,0,29,28,14,28,5,10,10,67,27,12
20230327,서울특별시,11,관악구,11620,서울특별시,11,강서구,11500,5,52,30,19,58,7,34,5,78,41,23
20230327,서울특별시,11,관악구,11620,서울특별시,11,양천구,11470,4,35,17,12,34,6,24,4,51,37,23
20230327,서울특별시,11,관악구,11620,서울특별시,11,마포구,11440,4,30,42,13,41,4,30,0,55,17,6
20230327,서울특별시,11,관악구,11620,서울특별시,11,서대문구,11410,4,31,65,5,26,3,13,0,31,16,10
20230327,서울특별시,11,관악구,11620,서울특별시,11,은평구,11380,3,27,29,14,39,0,19,5,48,29,13
20230327,서울특별시,11,관악구,11620,서울특별시,11,노원구,11350,6,25,31,6,31,0,30,6,48,33,20
20230327,서울특별시,11,관악구,11620,서울특별시,11,도봉구,11320,4,19,19,9,28,3,5,0,49,27,8
20230327,서울특별시,11,관악구,11620,서울특별시,11,강북구,11305,0,25,14,9,25,0,12,0,34,27,6
20230327,서울특별시,11,관악구,11620,서울특별시,11,성북구,11290,9,22,48,9,27,4,21,6,96,38,17
20230327,서울특별시,11,관악구,11620,서울특별시,11,중랑구,11260,6,19,19,7,33,3,16,9,37,29,10
20230327,서울특별시,11,관악구,11620,서울특별시,11,동대문구,11230,6,25,69,12,23,0,13,6,64,26,14
20230327,서울특별시,11,관악구,11620,서울특별시,11,광진구,11215,10,23,24,13,28,4,11,5,39,24,20
20230327,서울특별시,11,관악구,11620,서울특별시,11,성동구,11200,8,39,67,6,23,4,6,4,114,48,16
20230327,서울특별시,11,관악구,11620,서울특별시,11,용산구,11170,0,19,29,17,25,0,15,0,36,19,9
20230327,서울특별시,11,은평구,11380,서울특별시,11,강동구,11740,0,22,6,4,61,16,55,3,40,14,52
20230327,서울특별시,11,은평구,11380,서울특별시,11,송파구,11710,6,26,11,7,98,27,93,5,50,15,90
20230327,서울특별시,11,은평구,11380,서울특별시,11,강남구,11680,6,26,14,11,68,31,70,7,51,16,84
20230327,서울특별시,11,은평구,11380,서울특별시,11,서초구,11650,4,18,18,9,70,23,39,4,21,10,56
20230327,서울특별시,11,은평구,11380,서울특별시,11,관악구,11620,5,16,13,8,63,15,60,0,33,10,59
20230327,서울특별시,11,은평구,11380,서울특별시,11,동작구,11590,5,11,10,6,50,6,49,5,27,11,44
20230327,서울특별시,11,은평구,11380,서울특별시,11,영등포구,11560,6,24,12,10,51,19,34,9,31,14,51
20230327,서울특별시,11,은평구,11380,서울특별시,11,금천구,11545,3,9,6,4,25,7,20,4,38,16,35
20230327,서울특별시,11,은평구,11380,서울특별시,11,구로구,11530,3,14,8,8,31,11,47,3,42,11,52
20230327,서울특별시,11,은평구,11380,서울특별시,11,강서구,11500,0,21,13,9,80,21,78,5,57,17,66
20230327,서울특별시,11,은평구,11380,서울특별시,11,양천구,11470,0,30,8,3,62,11,40,0,35,21,55
20230327,서울특별시,11,은평구,11380,서울특별시,11,마포구,11440,4,13,20,8,43,20,46,3,39,14,34
20230327,서울특별시,11,은평구,11380,서울특별시,11,서대문구,11410,0,14,21,3,85,10,53,0,38,9,44
20230327,서울특별시,11,은평구,11380,서울특별시,11,은평구,11380,6,18,30,6,57,10,112,3,45,14,47
20230327,서울특별시,11,은평구,11380,서울특별시,11,노원구,11350,5,13,14,6,53,24,56,3,28,14,71
20230327,서울특별시,11,은평구,11380,서울특별시,11,도봉구,11320,0,7,4,0,41,6,42,0,35,12,29
20230327,서울특별시,11,은평구,11380,서울특별시,11,강북구,11305,3,19,0,6,39,5,32,4,16,7,38
20230327,서울특별시,11,은평구,11380,서울특별시,11,성북구,11290,10,15,7,6,40,8,54,0,53,10,56
20230327,서울특별시,11,은평구,11380,서울특별시,11,중랑구,11260,0,15,4,7,42,11,40,4,37,6,47
20230327,서울특별시,11,은평구,11380,서울특별시,11,동대문구,11230,0,21,7,6,49,13,36,0,35,4,54
20230327,서울특별시,11,은평구,11380,서울특별시,11,광진구,11215,0,15,6,6,40,7,42,5,26,13,40
20230327,서울특별시,11,은평구,11380,서울특별시,11,성동구,11200,3,30,27,6,37,8,36,3,89,45,46
20230327,서울특별시,11,은평구,11380,서울특별시,11,용산구,11170,0,18,10,11,26,7,51,0,23,7,37
20230327,서울특별시,11,은평구,11380,서울특별시,11,중구,11140,0,14,7,3,128,9,24,0,27,12,19
20230327,서울특별시,11,은평구,11380,서울특별시,11,종로구,11110,0,6,5,6,21,4,29,3,18,4,28
20230327,서울특별시,11,관악구,11620,서울특별시,11,중구,11140,8,27,23,5,17,0,13,0,37,13,9
20230327,서울특별시,11,관악구,11620,서울특별시,11,종로구,11110,0,14,42,7,17,0,7,5,33,11,6
20230327,서울특별시,11,동작구,11590,서울특별시,11,종로구,11110,6,11,45,9,22,6,29,3,32,10,12
20230327,서울특별시,11,동작구,11590,서울특별시,11,중구,11140,9,7,25,6,19,6,27,5,64,12,13
20230327,서울특별시,11,동작구,11590,서울특별시,11,용산구,11170,6,10,27,20,27,4,20,9,51,19,12
20230327,서울특별시,11,동작구,11590,서울특별시,11,성동구,11200,11,49,56,13,36,12,25,8,113,57,26
20230327,서울특별시,11,동작구,11590,서울특별시,11,광진구,11215,8,15,38,18,49,8,43,7,70,34,18
20230327,서울특별시,11,동작구,11590,서울특별시,11,동대문구,11230,6,10,37,9,39,7,29,8,89,33,22
20230327,서울특별시,11,동작구,11590,서울특별시,11,중랑구,11260,4,11,35,9,34,5,33,6,56,20,17
20230327,서울특별시,11,동작구,11590,서울특별시,11,성북구,11290,10,20,50,10,47,13,49,18,97,24,30
20230327,서울특별시,11,동작구,11590,서울특별시,11,강북구,11305,5,8,27,14,29,5,27,8,39,12,7
20230327,서울특별시,11,동작구,11590,서울특별시,11,도봉구,11320,0,10,26,6,31,6,26,6,42,20,22
20230327,서울특별시,11,동작구,11590,서울특별시,11,노원구,11350,18,10,42,17,66,3,49,10,75,39,44
20230327,서울특별시,11,동작구,11590,서울특별시,11,은평구,11380,10,17,50,15,35,11,46,19,81,19,33
20230327,서울특별시,11,동작구,11590,서울특별시,11,서대문구,11410,12,14,48,12,35,6,29,12,76,17,23
20230327,서울특별시,11,동작구,11590,서울특별시,11,마포구,11440,16,14,47,27,50,6,51,6,71,29,27
20230327,서울특별시,11,동작구,11590,서울특별시,11,양천구,11470,8,27,49,12,40,11,41,6,72,39,27
20230327,서울특별시,11,동작구,11590,서울특별시,11,강서구,11500,19,25,52,32,63,17,66,10,105,42,39
20230327,서울특별시,11,동작구,11590,서울특별시,11,구로구,11530,8,13,53,10,51,6,26,8,73,25,25
20230327,서울특별시,11,동작구,11590,서울특별시,11,금천구,11545,0,11,29,16,18,4,26,6,48,26,11
20230327,서울특별시,11,동작구,11590,서울특별시,11,영등포구,11560,8,27,64,18,60,21,52,12,92,43,31
20230327,서울특별시,11,동작구,11590,서울특별시,11,동작구,11590,12,18,74,22,46,11,58,11,90,25,31
20230327,서울특별시,11,동작구,11590,서울특별시,11,관악구,11620,6,17,76,28,49,12,54,7,90,35,36
20230327,서울특별시,11,동작구,11590,서울특별시,11,서초구,11650,16,20,81,27,49,12,37,11,83,44,39
20230327,서울특별시,11,동작구,11590,서울특별시,11,강남구,11680,23,32,94,32,74,22,76,13,120,54,52
20230327,서울특별시,11,동작구,11590,서울특별시,11,송파구,11710,19,24,95,22,93,15,71,15,132,56,61
20230327,서울특별시,11,동작구,11590,서울특별시,11,강동구,11740,14,20,52,11,42,10,37,17,77,28,35
20230327,서울특별시,11,노원구,11350,서울특별시,11,종로구,11110,7,16,5,9,26,4,32,4,25,18,6
20230327,서울특별시,11,노원구,11350,서울특별시,11,중구,11140,0,11,4,12,27,5,22,0,39,14,18
20230327,서울특별시,11,노원구,11350,서울특별시,11,용산구,11170,5,11,3,18,42,5,30,3,40,6,9
20230327,서울특별시,11,노원구,11350,서울특별시,11,성동구,11200,5,24,16,13,56,7,36,6,103,35,7
20230327,서울특별시,11,노원구,11350,서울특별시,11,광진구,11215,6,14,9,19,59,6,31,9,52,16,9
20230327,서울특별시,11,노원구,11350,서울특별시,11,동대문구,11230,3,16,5,26,45,5,35,6,62,14,13
20230327,서울특별시,11,노원구,11350,서울특별시,11,중랑구,11260,7,23,10,25,56,8,29,8,52,23,16
20230327,서울특별시,11,노원구,11350,서울특별시,11,성북구,11290,8,25,18,21,58,6,53,4,74,29,20
20230327,서울특별시,11,노원구,11350,서울특별시,11,강북구,11305,5,10,6,19,40,0,44,5,34,13,20
20230327,서울특별시,11,노원구,11350,서울특별시,11,도봉구,11320,3,12,25,23,38,3,28,6,39,8,12
20230327,서울특별시,11,노원구,11350,서울특별시,11,노원구,11350,5,24,28,39,72,10,99,13,82,38,34
20230327,서울특별시,11,노원구,11350,서울특별시,11,은평구,11380,12,20,7,18,57,3,49,11,45,19,22
20230327,서울특별시,11,노원구,11350,서울특별시,11,서대문구,11410,3,8,6,23,32,6,30,9,45,17,16
20230327,서울특별시,11,노원구,11350,서울특별시,11,마포구,11440,9,23,8,31,74,11,36,6,61,27,17
20230327,서울특별시,11,노원구,11350,서울특별시,11,양천구,11470,9,25,16,26,56,9,38,8,37,23,26
20230327,서울특별시,11,노원구,11350,서울특별시,11,강서구,11500,7,26,15,39,67,9,48,11,69,29,27
20230327,서울특별시,11,노원구,11350,서울특별시,11,구로구,11530,4,16,3,22,53,8,37,6,47,19,17
20230327,서울특별시,11,노원구,11350,서울특별시,11,금천구,11545,10,80,7,18,38,5,25,5,53,22,16
20230327,서울특별시,11,노원구,11350,서울특별시,11,영등포구,11560,9,19,13,33,69,11,54,6,50,13,18
20230327,서울특별시,11,노원구,11350,서울특별시,11,동작구,11590,8,15,9,12,41,9,36,7,42,22,9
20230327,서울특별시,11,노원구,11350,서울특별시,11,관악구,11620,4,28,18,28,77,9,48,6,70,17,26
20230327,서울특별시,11,강서구,11500,서울특별시,11,종로구,11110,7,44,36,41,70,10,71,0,134,40,46
20230327,서울특별시,11,강서구,11500,서울특별시,11,중구,11140,7,56,45,38,68,8,66,8,137,48,54
20230327,서울특별시,11,강서구,11500,서울특별시,11,용산구,11170,11,57,25,61,65,15,308,10,113,47,94
20230327,서울특별시,11,강서구,11500,서울특별시,11,성동구,11200,8,80,66,49,94,24,135,14,257,116,85
20230327,서울특별시,11,강서구,11500,서울특별시,11,광진구,11215,14,54,35,58,96,20,125,14,196,77,82
20230327,서울특별시,11,강서구,11500,서울특별시,11,동대문구,11230,7,72,41,64,81,24,131,15,214,71,72
20230327,서울특별시,11,강서구,11500,서울특별시,11,중랑구,11260,24,63,31,49,92,26,548,16,199,57,98
20230327,서울특별시,11,강서구,11500,서울특별시,11,성북구,11290,23,71,50,72,96,26,163,20,259,88,110
20230327,서울특별시,11,강서구,11500,서울특별시,11,강북구,11305,11,33,31,38,68,15,83,8,155,74,56
20230327,서울특별시,11,강서구,11500,서울특별시,11,도봉구,11320,9,32,15,41,65,16,91,13,144,57,60
20230327,서울특별시,11,강서구,11500,서울특별시,11,노원구,11350,10,84,37,66,102,24,150,28,231,79,114
20230327,서울특별시,11,강서구,11500,서울특별시,11,은평구,11380,17,66,50,56,95,29,163,11,216,71,106
20230327,서울특별시,11,강서구,11500,서울특별시,11,서대문구,11410,16,53,51,52,80,14,143,11,164,68,89
20230327,서울특별시,11,강서구,11500,서울특별시,11,마포구,11440,20,92,60,78,114,21,173,20,220,200,115
20230327,서울특별시,11,강서구,11500,서울특별시,11,양천구,11470,9,103,61,54,110,18,177,29,232,76,111
20230327,서울특별시,11,강서구,11500,서울특별시,11,강서구,11500,20,104,107,109,159,35,287,33,268,93,146
20230327,서울특별시,11,강서구,11500,서울특별시,11,구로구,11530,19,67,48,75,96,28,152,16,206,60,106
20230327,서울특별시,11,강서구,11500,서울특별시,11,금천구,11545,10,46,29,42,63,12,81,8,152,51,49
20230327,서울특별시,11,강서구,11500,서울특별시,11,영등포구,11560,27,96,47,79,127,20,176,17,208,91,127
20230327,서울특별시,11,강서구,11500,서울특별시,11,동작구,11590,10,68,44,60,107,22,159,16,168,102,94
20230327,서울특별시,11,강서구,11500,서울특별시,11,관악구,11620,14,75,59,100,137,23,152,12,269,111,129
20230327,서울특별시,11,강서구,11500,서울특별시,11,서초구,11650,30,92,70,77,135,26,196,18,199,88,180
20230327,서울특별시,11,강서구,11500,서울특별시,11,강남구,11680,27,141,110,131,202,32,308,30,297,132,248
20230327,서울특별시,11,강서구,11500,서울특별시,11,송파구,11710,29,104,71,119,213,52,282,35,309,132,199
20230327,서울특별시,11,강서구,11500,서울특별시,11,강동구,11740,20,60,50,58,127,15,166,35,198,78,116
20230327,서울특별시,11,노원구,11350,서울특별시,11,서초구,11650,13,20,12,32,94,14,35,9,37,19,23
20230327,서울특별시,11,노원구,11350,서울특별시,11,강남구,11680,20,30,25,43,135,22,78,15,79,38,33
20230327,서울특별시,11,노원구,11350,서울특별시,11,송파구,11710,13,29,20,40,105,15,64,15,82,32,29
20230327,서울특별시,11,노원구,11350,서울특별시,11,강동구,11740,9,17,12,17,54,14,49,13,46,18,18
20230327,서울특별시,11,중랑구,11260,서울특별시,11,노원구,11350,8,81,19,21,68,20,84,23,168,82,41
20230327,서울특별시,11,중랑구,11260,서울특별시,11,은평구,11380,15,47,16,23,70,18,93,26,149,75,36
20230327,서울특별시,11,중랑구,11260,서울특별시,11,서대문구,11410,10,46,26,11,51,19,46,17,115,67,33
20230327,서울특별시,11,중랑구,11260,서울특별시,11,마포구,11440,20,69,25,24,71,21,88,22,150,67,41
20230327,서울특별시,11,중랑구,11260,서울특별시,11,양천구,11470,12,87,16,25,78,18,59,20,132,61,30
20230327,서울특별시,11,중랑구,11260,서울특별시,11,강서구,11500,15,103,24,20,101,38,120,18,221,92,54
20230327,서울특별시,11,중랑구,11260,서울특별시,11,구로구,11530,12,63,14,23,66,15,48,26,157,76,39
20230327,서울특별시,11,중랑구,11260,서울특별시,11,금천구,11545,4,46,9,10,32,19,32,16,93,33,15
20230327,서울특별시,11,중랑구,11260,서울특별시,11,영등포구,11560,13,83,18,30,80,26,49,21,149,75,44
20230327,서울특별시,11,중랑구,11260,서울특별시,11,동작구,11590,15,55,12,14,60,24,66,15,168,65,39
20230327,서울특별시,11,중랑구,11260,서울특별시,11,관악구,11620,17,82,25,30,71,23,76,18,237,84,45
20230327,서울특별시,11,중랑구,11260,서울특별시,11,서초구,11650,12,55,31,26,59,35,55,28,152,76,44
20230327,서울특별시,11,중랑구,11260,서울특별시,11,강남구,11680,21,114,38,57,99,32,112,25,252,96,89
20230327,서울특별시,11,중랑구,11260,서울특별시,11,송파구,11710,30,117,38,35,120,31,100,50,247,130,56
20230327,서울특별시,11,중랑구,11260,서울특별시,11,강동구,11740,11,80,29,23,68,25,67,32,156,90,38
20230327,서울특별시,11,서초구,11650,서울특별시,11,노원구,11350,14,63,38,21,97,6,71,8,63,29,39
20230327,서울특별시,11,서초구,11650,서울특별시,11,은평구,11380,11,56,41,26,83,6,83,15,65,32,27
20230327,서울특별시,11,서초구,11650,서울특별시,11,서대문구,11410,8,45,36,18,59,5,81,6,70,33,24
20230327,서울특별시,11,서초구,11650,서울특별시,11,마포구,11440,29,97,47,44,114,10,112,11,80,32,52
20230327,서울특별시,11,서초구,11650,서울특별시,11,양천구,11470,7,59,48,27,78,9,81,9,58,30,24
20230327,서울특별시,11,서초구,11650,서울특별시,11,강서구,11500,35,105,58,32,111,16,108,7,123,40,37
20230327,서울특별시,11,서초구,11650,서울특별시,11,구로구,11530,11,59,39,26,79,3,84,4,66,23,25
20230327,서울특별시,11,서초구,11650,서울특별시,11,금천구,11545,7,40,35,17,47,4,54,6,69,24,20
20230327,서울특별시,11,서초구,11650,서울특별시,11,영등포구,11560,16,88,38,26,96,19,98,11,81,39,50
20230327,서울특별시,11,서초구,11650,서울특별시,11,동작구,11590,20,68,56,22,83,7,86,7,74,25,37
20230327,서울특별시,11,서초구,11650,서울특별시,11,관악구,11620,14,76,50,33,79,9,103,7,83,41,48
20230327,서울특별시,11,서초구,11650,서울특별시,11,서초구,11650,68,184,106,41,143,19,382,10,203,75,72
20230327,서울특별시,11,서초구,11650,서울특별시,11,강남구,11680,86,233,136,85,172,32,244,20,204,87,91
20230327,서울특별시,11,서초구,11650,서울특별시,11,송파구,11710,46,134,97,42,164,20,151,16,135,60,67
20230327,서울특별시,11,영등포구,11560,서울특별시,11,종로구,11110,5,58,19,14,35,3,29,0,55,33,34
20230327,서울특별시,11,영등포구,11560,서울특별시,11,중구,11140,3,76,20,20,33,0,32,5,62,36,25
20230327,서울특별시,11,영등포구,11560,서울특별시,11,용산구,11170,9,74,27,29,51,0,50,6,53,31,45
20230327,서울특별시,11,양천구,11470,서울특별시,11,강동구,11740,3,21,13,19,53,7,24,0,25,23,12
20230327,서울특별시,11,양천구,11470,서울특별시,11,송파구,11710,7,50,18,49,83,20,42,5,49,56,21
20230327,서울특별시,11,양천구,11470,서울특별시,11,강남구,11680,7,57,27,43,110,15,31,3,58,54,17
20230327,서울특별시,11,양천구,11470,서울특별시,11,서초구,11650,5,25,23,29,74,8,29,0,37,27,15
20230327,서울특별시,11,양천구,11470,서울특별시,11,관악구,11620,3,12,17,36,54,8,18,3,47,45,22
20230327,서울특별시,11,양천구,11470,서울특별시,11,동작구,11590,6,31,9,31,72,11,27,0,20,36,11
20230327,서울특별시,11,양천구,11470,서울특별시,11,영등포구,11560,3,20,20,25,76,7,20,0,30,61,18
20230327,서울특별시,11,양천구,11470,서울특별시,11,금천구,11545,0,19,6,23,31,11,19,0,45,21,9
20230327,서울특별시,11,양천구,11470,서울특별시,11,구로구,11530,3,16,17,36,52,8,19,5,38,34,10
20230327,서울특별시,11,양천구,11470,서울특별시,11,강서구,11500,4,31,37,43,73,6,31,0,77,31,19
20230327,서울특별시,11,양천구,11470,서울특별시,11,양천구,11470,6,34,25,32,48,6,74,0,50,20,14
20230327,서울특별시,11,양천구,11470,서울특별시,11,마포구,11440,3,38,10,42,63,22,17,3,33,53,17
20230327,서울특별시,11,양천구,11470,서울특별시,11,서대문구,11410,0,19,10,32,47,5,18,0,17,37,10
20230327,서울특별시,11,양천구,11470,서울특별시,11,은평구,11380,5,16,13,21,64,4,24,0,20,38,18
20230327,서울특별시,11,양천구,11470,서울특별시,11,노원구,11350,6,12,11,21,66,3,23,0,31,25,20
20230327,서울특별시,11,양천구,11470,서울특별시,11,도봉구,11320,3,9,7,21,36,0,15,0,20,14,18
20230327,서울특별시,11,양천구,11470,서울특별시,11,강북구,11305,0,11,6,17,34,0,10,0,20,14,11
20230327,서울특별시,11,양천구,11470,서울특별시,11,성북구,11290,5,20,8,30,54,11,17,0,59,27,10
20230327,서울특별시,11,양천구,11470,서울특별시,11,중랑구,11260,3,16,12,28,47,6,18,0,25,21,14
20230327,서울특별시,11,양천구,11470,서울특별시,11,동대문구,11230,0,22,7,33,32,11,22,3,48,40,11
20230327,서울특별시,11,양천구,11470,서울특별시,11,광진구,11215,0,28,9,19,51,7,18,4,40,31,14
20230328,서울특별시,11,강북구,11305,서울특별시,11,금천구,11545,0,28,0,5,4,0,5,0,82,12,4
20230328,서울특별시,11,강북구,11305,서울특별시,11,구로구,11530,0,14,4,6,14,0,9,0,54,16,8
20230328,서울특별시,11,강북구,11305,서울특별시,11,강서구,11500,3,20,3,9,17,0,10,4,97,14,5
20230328,서울특별시,11,강북구,11305,서울특별시,11,양천구,11470,0,11,10,6,9,0,3,4,48,9,9
20230328,서울특별시,11,성동구,11200,서울특별시,11,구로구,11530,3,50,0,11,25,4,28,3,178,34,34
20230328,서울특별시,11,성동구,11200,서울특별시,11,강서구,11500,13,91,15,32,46,9,57,15,277,60,32
20230328,서울특별시,11,성동구,11200,서울특별시,11,양천구,11470,10,54,13,11,28,4,19,8,169,33,24
20230328,서울특별시,11,서초구,11650,서울특별시,11,서대문구,11410,8,34,31,20,81,8,52,4,45,15,11
20230328,서울특별시,11,서초구,11650,서울특별시,11,마포구,11440,12,63,35,11,111,15,77,8,90,18,34
20230328,서울특별시,11,강서구,11500,서울특별시,11,구로구,11530,14,60,34,49,65,12,92,17,104,54,49
20230328,서울특별시,11,강서구,11500,서울특별시,11,금천구,11545,9,58,24,37,56,9,52,0,116,38,43
20230328,서울특별시,11,강서구,11500,서울특별시,11,영등포구,11560,9,68,46,66,97,15,111,26,102,61,71
20230328,서울특별시,11,강서구,11500,서울특별시,11,동작구,11590,8,37,22,55,75,5,97,17,103,451,61
20230328,서울특별시,11,강서구,11500,서울특별시,11,관악구,11620,10,55,38,59,101,13,106,9,135,61,92
20230328,서울특별시,11,강서구,11500,서울특별시,11,서초구,11650,10,70,42,83,98,9,112,11,105,69,70
20230328,서울특별시,11,강서구,11500,서울특별시,11,강남구,11680,16,124,65,113,165,20,169,32,162,97,156
20230328,서울특별시,11,강서구,11500,서울특별시,11,송파구,11710,24,89,53,94,158,13,166,21,149,96,132
20230328,서울특별시,11,강서구,11500,서울특별시,11,강동구,11740,10,36,38,42,77,11,103,19,97,63,72
20230328,서울특별시,11,서초구,11650,서울특별시,11,양천구,11470,11,50,26,19,68,22,49,12,51,16,19
20230328,서울특별시,11,강서구,11500,서울특별시,11,강서구,11500,12,100,70,92,139,18,177,27,201,65,119
20230328,서울특별시,11,강서구,11500,서울특별시,11,양천구,11470,8,76,27,56,81,5,122,22,86,46,53
20230328,서울특별시,11,영등포구,11560,서울특별시,11,동대문구,11230,0,50,10,18,18,3,16,0,66,14,14
20230328,서울특별시,11,영등포구,11560,서울특별시,11,중랑구,11260,3,55,6,15,21,0,21,0,41,20,15
20230328,서울특별시,11,영등포구,11560,서울특별시,11,성북구,11290,6,75,17,20,35,7,30,3,79,34,33
20230328,서울특별시,11,영등포구,11560,서울특별시,11,강북구,11305,3,60,6,11,13,9,14,0,34,20,27
20230328,서울특별시,11,영등포구,11560,서울특별시,11,도봉구,11320,0,47,10,9,17,4,11,0,41,17,25
20230328,서울특별시,11,영등포구,11560,서울특별시,11,노원구,11350,6,90,14,21,24,7,28,0,59,43,25
20230328,서울특별시,11,종로구,11110,서울특별시,11,송파구,11710,22,76,16,25,41,0,27,10,225,75,10
20230328,서울특별시,11,종로구,11110,서울특별시,11,강남구,11680,33,111,34,25,50,9,29,9,311,102,30
20230328,서울특별시,11,광진구,11215,서울특별시,11,강북구,11305,5,17,5,5,23,0,6,3,62,36,3
20230328,서울특별시,11,광진구,11215,서울특별시,11,도봉구,11320,4,17,7,6,23,0,9,7,60,24,0
20230328,서울특별시,11,광진구,11215,서울특별시,11,노원구,11350,5,25,14,18,26,4,14,8,103,32,10
20230328,서울특별시,11,광진구,11215,서울특별시,11,은평구,11380,9,23,0,11,35,7,13,6,75,38,5
20230328,서울특별시,11,광진구,11215,서울특별시,11,서대문구,11410,10,20,18,8,34,4,9,6,72,37,0
20230328,서울특별시,11,광진구,11215,서울특별시,11,마포구,11440,10,29,12,27,48,9,13,8,97,48,8
20230328,서울특별시,11,광진구,11215,서울특별시,11,양천구,11470,8,26,3,11,19,5,7,0,81,43,7
20230328,서울특별시,11,송파구,11710,서울특별시,11,서대문구,11410,0,25,8,10,26,13,27,0,76,30,11
20230328,서울특별시,11,강서구,11500,서울특별시,11,마포구,11440,23,67,43,65,87,18,88,16,134,252,64
20230328,서울특별시,11,강서구,11500,서울특별시,11,서대문구,11410,9,35,28,43,73,14,79,23,83,46,55
20230328,서울특별시,11,강서구,11500,서울특별시,11,은평구,11380,8,49,30,53,85,10,116,9,102,50,56
20230328,서울특별시,11,강서구,11500,서울특별시,11,노원구,11350,9,52,33,68,94,13,118,13,112,47,66
20230328,서울특별시,11,강서구,11500,서울특별시,11,도봉구,11320,3,39,14,28,35,6,66,7,67,31,38
20230328,서울특별시,11,강서구,11500,서울특별시,11,강북구,11305,5,23,20,36,40,5,59,10,52,32,37
20230328,서울특별시,11,강서구,11500,서울특별시,11,성북구,11290,8,43,40,51,92,8,96,18,123,65,68
20230328,서울특별시,11,강서구,11500,서울특별시,11,중랑구,11260,8,40,19,46,72,12,86,7,86,40,51
20230328,서울특별시,11,강서구,11500,서울특별시,11,동대문구,11230,0,48,23,51,61,8,69,10,105,91,47
20230328,서울특별시,11,강서구,11500,서울특별시,11,광진구,11215,14,52,26,53,74,9,88,6,103,79,64
20230328,서울특별시,11,강서구,11500,서울특별시,11,성동구,11200,8,91,47,44,62,47,72,15,123,82,62
20230328,서울특별시,11,강서구,11500,서울특별시,11,용산구,11170,9,43,23,46,74,9,75,13,54,30,46
20230328,서울특별시,11,송파구,11710,서울특별시,11,은평구,11380,5,27,15,16,41,6,42,4,80,19,18
20230328,서울특별시,11,송파구,11710,서울특별시,11,노원구,11350,0,51,27,7,36,16,52,5,121,27,17
20230328,서울특별시,11,송파구,11710,서울특별시,11,도봉구,11320,0,24,7,3,27,12,21,0,66,17,11
20230328,서울특별시,11,송파구,11710,서울특별시,11,강북구,11305,0,22,28,7,17,6,17,0,62,17,5
20230328,서울특별시,11,송파구,11710,서울특별시,11,성북구,11290,3,61,21,8,39,8,35,5,129,32,14
20230328,서울특별시,11,송파구,11710,서울특별시,11,중랑구,11260,4,28,10,8,32,12,35,0,81,16,9
20230328,서울특별시,11,송파구,11710,서울특별시,11,동대문구,11230,4,37,24,7,26,13,24,0,138,30,7
20230328,서울특별시,11,송파구,11710,서울특별시,11,광진구,11215,5,55,17,9,47,12,40,3,93,34,11
20230328,서울특별시,11,송파구,11710,서울특별시,11,성동구,11200,5,49,42,19,18,15,41,4,154,63,14
20230328,서울특별시,11,송파구,11710,서울특별시,11,용산구,11170,5,36,20,22,33,14,33,3,61,21,14
20230328,서울특별시,11,송파구,11710,서울특별시,11,중구,11140,0,43,17,6,32,11,30,4,72,26,15
20230328,서울특별시,11,송파구,11710,서울특별시,11,종로구,11110,6,19,20,5,20,10,20,0,67,23,6
20230328,서울특별시,11,서초구,11650,서울특별시,11,강서구,11500,9,96,39,29,140,19,92,12,69,21,31
20230328,서울특별시,11,중구,11140,서울특별시,11,금천구,11545,3,31,16,7,88,0,18,7,117,46,11
20230328,서울특별시,11,중구,11140,서울특별시,11,영등포구,11560,12,62,24,11,109,8,44,7,241,62,19
20230328,서울특별시,11,강북구,11305,서울특별시,11,강동구,11740,0,15,4,3,13,0,10,4,63,12,7
20230328,서울특별시,11,강북구,11305,서울특별시,11,송파구,11710,0,28,15,14,16,0,10,5,99,16,8
20230328,서울특별시,11,동작구,11590,서울특별시,11,강동구,11740,3,11,14,9,28,5,13,6,46,14,14
20230328,서울특별시,11,동작구,11590,서울특별시,11,송파구,11710,9,25,20,15,71,10,34,10,62,18,22
20230328,서울특별시,11,은평구,11380,서울특별시,11,동작구,11590,0,8,5,3,27,0,35,0,16,0,15
20230328,서울특별시,11,은평구,11380,서울특별시,11,영등포구,11560,0,19,7,7,37,8,46,0,17,18,22
20230328,서울특별시,11,은평구,11380,서울특별시,11,금천구,11545,0,12,0,5,16,3,21,3,45,14,31
20230328,서울특별시,11,동작구,11590,서울특별시,11,강남구,11680,19,51,33,13,48,6,44,6,59,17,37
20230328,서울특별시,11,동작구,11590,서울특별시,11,서초구,11650,8,11,24,19,35,6,29,3,50,18,26
20230328,서울특별시,11,동작구,11590,서울특별시,11,관악구,11620,8,17,47,13,39,4,38,5,62,13,22
20230328,서울특별시,11,구로구,11530,서울특별시,11,강동구,11740,16,73,12,20,23,6,20,7,105,42,33
20230328,서울특별시,11,구로구,11530,서울특별시,11,송파구,11710,25,119,30,50,70,15,23,4,181,30,42
20230328,서울특별시,11,구로구,11530,서울특별시,11,강남구,11680,14,106,32,57,92,16,29,6,151,31,52
20230328,서울특별시,11,구로구,11530,서울특별시,11,서초구,11650,9,88,16,32,52,7,10,4,83,19,30
20230328,서울특별시,11,구로구,11530,서울특별시,11,관악구,11620,20,94,10,47,37,10,24,0,145,47,37
20230328,서울특별시,11,구로구,11530,서울특별시,11,동작구,11590,12,68,7,20,26,6,18,8,109,31,23
20230328,서울특별시,11,구로구,11530,서울특별시,11,영등포구,11560,12,77,14,41,38,13,14,0,125,34,30
20230328,서울특별시,11,구로구,11530,서울특별시,11,금천구,11545,4,59,15,37,30,4,8,3,102,30,13
20230328,서울특별시,11,구로구,11530,서울특별시,11,구로구,11530,6,91,24,30,44,9,27,3,132,27,29
20230328,서울특별시,11,구로구,11530,서울특별시,11,강서구,11500,16,106,26,42,50,10,24,3,163,49,41
20230328,서울특별시,11,구로구,11530,서울특별시,11,양천구,11470,5,73,16,30,29,9,15,9,86,29,19
20230328,서울특별시,11,구로구,11530,서울특별시,11,마포구,11440,20,89,20,31,31,11,11,4,92,29,39
20230328,서울특별시,11,강서구,11500,서울특별시,11,중구,11140,10,83,21,51,63,4,49,14,88,61,48
20230328,서울특별시,11,강서구,11500,서울특별시,11,종로구,11110,8,31,19,30,41,11,73,0,92,25,36
20230328,서울특별시,11,종로구,11110,서울특별시,11,종로구,11110,7,32,16,8,17,0,21,0,84,21,9
20230328,서울특별시,11,종로구,11110,서울특별시,11,중구,11140,9,48,13,10,16,0,12,4,88,26,8
20230328,서울특별시,11,서초구,11650,서울특별시,11,동작구,11590,14,50,28,16,88,13,77,11,68,20,22
20230328,서울특별시,11,서초구,11650,서울특별시,11,관악구,11620,6,61,28,15,110,20,64,6,76,17,31
20230328,서울특별시,11,서초구,11650,서울특별시,11,서초구,11650,42,147,68,43,166,37,366,30,161,57,39
20230328,서울특별시,11,서초구,11650,서울특별시,11,강남구,11680,36,163,92,36,206,43,225,11,175,63,58
20230328,서울특별시,11,서초구,11650,서울특별시,11,송파구,11710,11,84,56,17,170,30,120,18,129,41,39
20230328,서울특별시,11,서초구,11650,서울특별시,11,강동구,11740,10,46,28,15,105,17,57,11,68,21,20
20230328,서울특별시,11,종로구,11110,서울특별시,11,용산구,11170,9,26,19,13,10,3,10,5,126,27,5
20230328,서울특별시,11,종로구,11110,서울특별시,11,성동구,11200,11,45,25,15,37,0,10,5,205,59,10
20230328,서울특별시,11,종로구,11110,서울특별시,11,광진구,11215,7,25,13,12,25,0,17,7,167,28,15
20230328,서울특별시,11,종로구,11110,서울특별시,11,동대문구,11230,16,23,13,7,23,0,8,3,135,23,14
20230328,서울특별시,11,종로구,11110,서울특별시,11,중랑구,11260,7,25,4,7,21,3,9,0,128,22,6
20230328,서울특별시,11,종로구,11110,서울특별시,11,성북구,11290,11,53,12,17,34,0,10,0,172,35,11
20230328,서울특별시,11,종로구,11110,서울특별시,11,강북구,11305,3,22,11,8,17,0,8,0,98,26,3
20230328,서울특별시,11,동작구,11590,서울특별시,11,동작구,11590,4,12,28,8,32,5,37,0,40,10,13
20230328,서울특별시,11,강북구,11305,서울특별시,11,강남구,11680,3,32,13,12,11,4,14,5,73,15,14
20230328,서울특별시,11,관악구,11620,서울특별시,11,강동구,11740,0,16,12,3,28,0,7,0,41,21,5
20230328,서울특별시,11,관악구,11620,서울특별시,11,송파구,11710,3,32,25,14,45,0,17,4,55,31,14
20230328,서울특별시,11,강북구,11305,서울특별시,11,종로구,11110,0,11,8,0,7,0,6,0,20,7,0
20230328,서울특별시,11,강북구,11305,서울특별시,11,중구,11140,0,11,9,5,3,0,9,0,30,6,6
20230328,서울특별시,11,강북구,11305,서울특별시,11,용산구,11170,0,4,7,7,11,0,0,0,28,4,0
20230328,서울특별시,11,강북구,11305,서울특별시,11,성동구,11200,3,16,14,3,5,0,7,0,72,22,6
20230328,서울특별시,11,관악구,11620,서울특별시,11,강남구,11680,6,50,37,18,69,3,22,4,66,34,20
20230328,서울특별시,11,관악구,11620,서울특별시,11,서초구,11650,5,24,27,4,39,3,20,0,48,16,8
20230328,서울특별시,11,관악구,11620,서울특별시,11,관악구,11620,0,60,44,19,37,4,51,0,50,32,149
20230328,서울특별시,11,관악구,11620,서울특별시,11,동작구,11590,0,25,41,8,38,0,27,0,26,21,144
20230328,서울특별시,11,관악구,11620,서울특별시,11,영등포구,11560,6,22,25,11,33,3,15,0,24,20,6
20230328,서울특별시,11,관악구,11620,서울특별시,11,금천구,11545,5,25,10,11,22,0,17,0,66,27,94
20230328,서울특별시,11,관악구,11620,서울특별시,11,구로구,11530,4,31,16,8,17,0,16,3,47,11,7
20230328,서울특별시,11,관악구,11620,서울특별시,11,강서구,11500,9,29,20,12,32,0,17,4,65,22,11
20230328,서울특별시,11,관악구,11620,서울특별시,11,양천구,11470,4,28,18,3,28,4,16,4,31,20,9
20230328,서울특별시,11,관악구,11620,서울특별시,11,마포구,11440,4,27,29,14,28,0,12,0,46,23,11
20230328,서울특별시,11,관악구,11620,서울특별시,11,서대문구,11410,0,11,23,7,26,0,11,0,27,10,6
20230328,서울특별시,11,관악구,11620,서울특별시,11,은평구,11380,0,16,14,4,33,0,14,0,35,17,8
20230328,서울특별시,11,관악구,11620,서울특별시,11,노원구,11350,0,20,18,5,24,4,13,0,32,23,14
20230328,서울특별시,11,관악구,11620,서울특별시,11,도봉구,11320,0,7,8,3,17,0,4,0,34,17,7
20230328,서울특별시,11,관악구,11620,서울특별시,11,강북구,11305,0,10,5,3,13,0,7,0,22,14,0
20230328,서울특별시,11,관악구,11620,서울특별시,11,성북구,11290,5,34,17,6,24,0,18,0,54,18,8
20230328,서울특별시,11,관악구,11620,서울특별시,11,중랑구,11260,0,19,8,7,20,0,7,0,31,14,7
20230328,서울특별시,11,관악구,11620,서울특별시,11,동대문구,11230,0,17,33,0,19,0,11,0,40,12,5
20230328,서울특별시,11,관악구,11620,서울특별시,11,광진구,11215,3,12,14,5,25,0,8,3,33,10,4
20230328,서울특별시,11,관악구,11620,서울특별시,11,성동구,11200,5,46,31,9,34,3,5,0,78,43,3
20230328,서울특별시,11,관악구,11620,서울특별시,11,용산구,11170,0,12,18,11,19,0,9,0,18,10,10
20230328,서울특별시,11,관악구,11620,서울특별시,11,중구,11140,5,18,13,5,16,0,12,0,34,16,3
20230328,서울특별시,11,관악구,11620,서울특별시,11,종로구,11110,0,12,22,0,21,4,11,0,24,13,4
20230328,서울특별시,11,강북구,11305,서울특별시,11,서초구,11650,0,9,10,7,9,0,9,3,41,12,10
20230328,서울특별시,11,동작구,11590,서울특별시,11,영등포구,11560,6,22,24,14,29,6,27,8,29,14,22
20230328,서울특별시,11,광진구,11215,서울특별시,11,강서구,11500,10,41,9,21,55,10,18,12,147,57,14
20230328,서울특별시,11,광진구,11215,서울특별시,11,구로구,11530,8,30,14,19,36,5,7,0,96,34,4
20230328,서울특별시,11,광진구,11215,서울특별시,11,금천구,11545,8,9,7,17,17,4,5,0,64,33,4
20230328,서울특별시,11,광진구,11215,서울특별시,11,영등포구,11560,8,28,12,12,38,6,9,6,86,57,4
20230328,서울특별시,11,광진구,11215,서울특별시,11,동작구,11590,12,21,11,10,31,5,3,5,76,37,6
20230328,서울특별시,11,광진구,11215,서울특별시,11,관악구,11620,17,29,7,13,42,9,5,10,104,64,14
20230328,서울특별시,11,광진구,11215,서울특별시,11,서초구,11650,10,26,16,20,34,7,12,0,92,32,9
20230328,서울특별시,11,광진구,11215,서울특별시,11,강남구,11680,11,62,20,47,54,15,21,4,147,58,13
20230328,서울특별시,11,광진구,11215,서울특별시,11,송파구,11710,9,41,21,47,44,12,26,15,137,65,18
20230328,서울특별시,11,광진구,11215,서울특별시,11,강동구,11740,9,18,9,12,34,0,11,8,80,38,6
20230328,서울특별시,11,구로구,11530,서울특별시,11,서대문구,11410,11,58,8,26,21,5,5,4,81,27,14
20230328,서울특별시,11,구로구,11530,서울특별시,11,은평구,11380,10,76,13,27,33,7,12,9,103,30,32
20230328,서울특별시,11,구로구,11530,서울특별시,11,노원구,11350,21,83,14,25,36,6,13,5,105,39,29
20230328,서울특별시,11,구로구,11530,서울특별시,11,도봉구,11320,8,47,0,12,17,0,11,0,80,23,9
20230328,서울특별시,11,구로구,11530,서울특별시,11,강북구,11305,5,34,4,15,19,6,10,5,68,13,22
20230328,서울특별시,11,구로구,11530,서울특별시,11,성북구,11290,20,72,16,26,33,10,9,0,105,28,24
20230328,서울특별시,11,구로구,11530,서울특별시,11,중랑구,11260,4,56,6,23,24,6,8,4,109,21,20
20230328,서울특별시,11,구로구,11530,서울특별시,11,동대문구,11230,12,63,8,18,33,3,6,3,107,22,28
20230328,서울특별시,11,구로구,11530,서울특별시,11,광진구,11215,15,71,8,24,26,9,6,4,99,30,26
20230328,서울특별시,11,구로구,11530,서울특별시,11,성동구,11200,15,67,33,22,40,5,11,3,96,25,30
20230328,서울특별시,11,구로구,11530,서울특별시,11,용산구,11170,7,42,11,32,32,0,14,3,43,17,17
20230328,서울특별시,11,구로구,11530,서울특별시,11,중구,11140,9,33,9,19,30,4,5,3,61,16,16
20230328,서울특별시,11,동작구,11590,서울특별시,11,금천구,11545,0,12,7,4,24,0,23,4,40,18,8
20230328,서울특별시,11,동작구,11590,서울특별시,11,구로구,11530,3,8,16,11,28,5,21,12,51,12,13
20230328,서울특별시,11,마포구,11440,서울특별시,11,강동구,11740,4,69,31,63,66,5,91,10,102,55,39
20230328,서울특별시,11,마포구,11440,서울특별시,11,송파구,11710,22,145,36,108,137,7,110,10,181,94,75
20230328,서울특별시,11,마포구,11440,서울특별시,11,강남구,11680,14,168,65,115,108,3,197,9,177,90,65
20230328,서울특별시,11,마포구,11440,서울특별시,11,서초구,11650,13,108,47,99,95,5,109,3,115,64,42
20230328,서울특별시,11,마포구,11440,서울특별시,11,관악구,11620,10,89,39,78,66,13,80,4,201,84,74
20230328,서울특별시,11,구로구,11530,서울특별시,11,종로구,11110,8,41,11,14,30,4,11,0,50,13,14
20230328,서울특별시,11,종로구,11110,서울특별시,11,서초구,11650,23,69,19,15,41,3,32,4,164,55,8
20230328,서울특별시,11,종로구,11110,서울특별시,11,관악구,11620,10,50,19,14,23,0,16,8,231,48,16
20230328,서울특별시,11,종로구,11110,서울특별시,11,동작구,11590,3,26,12,17,20,0,9,4,160,31,9
20230328,서울특별시,11,종로구,11110,서울특별시,11,영등포구,11560,10,56,28,6,28,0,22,15,148,41,15
20230328,서울특별시,11,종로구,11110,서울특별시,11,금천구,11545,5,36,5,10,16,0,10,3,89,22,5
20230328,서울특별시,11,종로구,11110,서울특별시,11,구로구,11530,8,37,7,14,28,0,12,0,131,37,13
20230328,서울특별시,11,종로구,11110,서울특별시,11,강서구,11500,14,54,15,21,39,3,23,6,205,53,15
20230328,서울특별시,11,종로구,11110,서울특별시,11,양천구,11470,12,37,17,8,28,3,19,0,116,34,13
20230328,서울특별시,11,종로구,11110,서울특별시,11,마포구,11440,14,62,28,15,41,0,13,0,176,42,17
20230328,서울특별시,11,종로구,11110,서울특별시,11,서대문구,11410,6,24,15,12,30,0,18,4,147,24,10
20230328,서울특별시,11,종로구,11110,서울특별시,11,은평구,11380,11,43,21,11,31,0,19,0,144,35,10
20230328,서울특별시,11,마포구,11440,서울특별시,11,동작구,11590,10,59,28,58,54,5,60,5,132,52,34
20230328,서울특별시,11,마포구,11440,서울특별시,11,영등포구,11560,9,99,43,76,84,11,109,4,146,72,65
20230328,서울특별시,11,마포구,11440,서울특별시,11,금천구,11545,8,51,15,60,37,6,46,5,93,43,34
20230328,서울특별시,11,마포구,11440,서울특별시,11,구로구,11530,15,67,34,62,62,0,83,9,101,49,48
20230328,서울특별시,11,종로구,11110,서울특별시,11,노원구,11350,12,36,15,12,37,3,14,0,148,34,15
20230328,서울특별시,11,종로구,11110,서울특별시,11,도봉구,11320,3,20,7,4,19,0,14,0,79,31,5
20230328,서울특별시,11,영등포구,11560,서울특별시,11,은평구,11380,7,85,15,17,33,3,27,3,61,27,17
20230328,서울특별시,11,영등포구,11560,서울특별시,11,서대문구,11410,4,59,12,14,27,5,19,0,50,21,18
20230328,서울특별시,11,영등포구,11560,서울특별시,11,마포구,11440,7,90,23,35,45,4,47,6,84,35,23
20230328,서울특별시,11,영등포구,11560,서울특별시,11,양천구,11470,6,68,15,21,21,0,27,3,61,15,18
20230328,서울특별시,11,강북구,11305,서울특별시,11,광진구,11215,0,16,4,5,5,0,5,0,55,13,6
20230328,서울특별시,11,강북구,11305,서울특별시,11,관악구,11620,0,19,3,5,5,0,6,3,81,10,8
20230328,서울특별시,11,강북구,11305,서울특별시,11,동작구,11590,3,11,6,4,7,0,8,0,54,11,6
20230328,서울특별시,11,마포구,11440,서울특별시,11,강서구,11500,10,104,41,112,95,8,111,6,167,82,58
20230328,서울특별시,11,용산구,11170,서울특별시,11,종로구,11110,5,22,10,107,21,0,14,4,47,7,5
20230328,서울특별시,11,용산구,11170,서울특별시,11,중구,11140,0,34,13,144,35,3,7,0,64,13,4
20230328,서울특별시,11,용산구,11170,서울특별시,11,용산구,11170,5,52,40,237,27,0,31,3,96,19,10
20230328,서울특별시,11,용산구,11170,서울특별시,11,성동구,11200,7,95,25,169,20,3,12,0,137,21,9
20230328,서울특별시,11,용산구,11170,서울특별시,11,광진구,11215,3,39,13,164,23,5,11,3,96,20,8
20230328,서울특별시,11,용산구,11170,서울특별시,11,동대문구,11230,5,30,3,166,18,0,15,0,89,18,8
20230328,서울특별시,11,용산구,11170,서울특별시,11,중랑구,11260,4,41,3,127,11,3,12,4,53,12,4
20230328,서울특별시,11,용산구,11170,서울특별시,11,성북구,11290,6,35,6,163,21,0,15,0,105,23,9
20230328,서울특별시,11,용산구,11170,서울특별시,11,강북구,11305,3,17,0,90,11,0,14,4,52,12,7
20230328,서울특별시,11,용산구,11170,서울특별시,11,도봉구,11320,0,16,9,81,13,0,6,0,53,9,9
20230328,서울특별시,11,용산구,11170,서울특별시,11,노원구,11350,0,49,7,205,20,5,17,4,99,15,9
20230328,서울특별시,11,용산구,11170,서울특별시,11,은평구,11380,4,28,18,152,19,3,17,3,85,22,6
20230328,서울특별시,11,용산구,11170,서울특별시,11,서대문구,11410,3,23,8,136,19,0,8,0,79,10,4
20230328,서울특별시,11,용산구,11170,서울특별시,11,마포구,11440,3,50,10,268,29,3,30,9,144,26,6
20230328,서울특별시,11,용산구,11170,서울특별시,11,양천구,11470,7,41,11,138,21,3,13,0,80,15,7
20230328,서울특별시,11,용산구,11170,서울특별시,11,강서구,11500,3,70,17,302,35,0,24,5,129,32,10
20230328,서울특별시,11,용산구,11170,서울특별시,11,구로구,11530,6,28,7,244,24,3,15,5,85,10,4
20230328,서울특별시,11,용산구,11170,서울특별시,11,금천구,11545,0,30,10,252,16,0,8,3,63,14,7
20230328,서울특별시,11,용산구,11170,서울특별시,11,영등포구,11560,6,49,15,261,33,12,21,3,89,16,8
20230328,서울특별시,11,용산구,11170,서울특별시,11,동작구,11590,0,32,7,160,21,3,20,3,90,14,10
20230328,서울특별시,11,용산구,11170,서울특별시,11,관악구,11620,5,28,16,210,31,3,21,7,108,18,12
20230328,서울특별시,11,용산구,11170,서울특별시,11,서초구,11650,5,43,20,321,36,7,22,3,98,27,13
20230328,서울특별시,11,용산구,11170,서울특별시,11,강남구,11680,11,78,29,523,68,8,20,9,180,49,18
20230328,서울특별시,11,용산구,11170,서울특별시,11,송파구,11710,0,79,23,318,44,15,26,8,168,34,23
20230328,서울특별시,11,강북구,11305,서울특별시,11,영등포구,11560,0,15,6,12,12,0,10,0,64,12,5
20230328,서울특별시,11,서대문구,11410,서울특별시,11,종로구,11110,3,24,10,12,29,0,11,0,31,23,13
20230328,서울특별시,11,서대문구,11410,서울특별시,11,중구,11140,8,22,12,11,28,5,11,3,40,21,14
20230328,서울특별시,11,서대문구,11410,서울특별시,11,용산구,11170,3,14,6,29,32,16,16,8,46,28,23
20230328,서울특별시,11,용산구,11170,서울특별시,11,강동구,11740,3,50,11,175,20,0,19,0,104,16,8
20230328,서울특별시,11,영등포구,11560,서울특별시,11,강동구,11740,0,90,19,17,28,6,32,0,51,21,19
20230328,서울특별시,11,중랑구,11260,서울특별시,11,종로구,11110,0,15,3,5,14,4,25,9,48,15,12
20230328,서울특별시,11,중랑구,11260,서울특별시,11,중구,11140,5,28,13,10,13,7,22,5,52,12,11
20230328,서울특별시,11,중랑구,11260,서울특별시,11,용산구,11170,8,26,4,18,26,4,28,5,56,14,21
20230328,서울특별시,11,중랑구,11260,서울특별시,11,성동구,11200,8,40,30,6,28,8,33,12,112,42,18
20230328,서울특별시,11,중랑구,11260,서울특별시,11,광진구,11215,8,37,10,11,27,8,42,0,107,27,20
20230328,서울특별시,11,중랑구,11260,서울특별시,11,동대문구,11230,5,32,10,14,25,13,39,0,86,34,24
20230328,서울특별시,11,중랑구,11260,서울특별시,11,중랑구,11260,3,23,8,8,25,7,62,3,88,36,12
20230328,서울특별시,11,중랑구,11260,서울특별시,11,성북구,11290,9,43,11,8,30,4,51,5,126,32,15
20230328,서울특별시,11,중랑구,11260,서울특별시,11,강북구,11305,7,27,3,8,18,3,30,0,65,25,14
20230328,서울특별시,11,중랑구,11260,서울특별시,11,도봉구,11320,6,19,3,6,19,8,32,0,70,18,10
20230328,서울특별시,11,중랑구,11260,서울특별시,11,노원구,11350,5,46,13,16,26,25,49,0,113,36,23
20230328,서울특별시,11,중랑구,11260,서울특별시,11,은평구,11380,9,17,4,13,25,10,48,0,93,24,18
20230328,서울특별시,11,중랑구,11260,서울특별시,11,서대문구,11410,6,33,5,9,32,6,32,3,72,29,16
20230328,서울특별시,11,중랑구,11260,서울특별시,11,마포구,11440,8,57,18,12,43,11,41,7,105,35,21
20230328,서울특별시,11,중랑구,11260,서울특별시,11,양천구,11470,3,44,10,12,33,17,37,7,87,28,16
20230328,서울특별시,11,중랑구,11260,서울특별시,11,강서구,11500,11,58,12,17,45,23,61,12,149,45,30
20230328,서울특별시,11,중랑구,11260,서울특별시,11,구로구,11530,8,32,7,13,24,11,40,8,94,34,17
20230328,서울특별시,11,중랑구,11260,서울특별시,11,금천구,11545,4,23,5,8,18,9,21,4,64,24,9
20230328,서울특별시,11,중랑구,11260,서울특별시,11,영등포구,11560,11,36,6,24,27,16,34,8,86,23,20
20230328,서울특별시,11,중랑구,11260,서울특별시,11,동작구,11590,5,20,5,8,32,27,41,7,85,29,20
20230328,서울특별시,11,중랑구,11260,서울특별시,11,관악구,11620,12,41,6,16,34,26,47,3,142,47,27
20230328,서울특별시,11,중랑구,11260,서울특별시,11,서초구,11650,7,39,7,19,38,12,65,11,68,30,18
20230328,서울특별시,11,중랑구,11260,서울특별시,11,강남구,11680,8,58,13,34,58,17,64,8,152,44,34
20230328,서울특별시,11,중랑구,11260,서울특별시,11,송파구,11710,12,66,9,22,48,24,64,11,155,45,28
20230328,서울특별시,11,중랑구,11260,서울특별시,11,강동구,11740,13,46,7,3,39,8,44,5,103,31,29
20230328,서울특별시,11,서대문구,11410,서울특별시,11,성동구,11200,5,26,24,22,36,15,7,6,87,50,18
20230328,서울특별시,11,서대문구,11410,서울특별시,11,광진구,11215,6,20,5,22,34,14,18,5,55,34,42
20230328,서울특별시,11,서대문구,11410,서울특별시,11,동대문구,11230,8,30,5,19,44,9,9,0,61,44,27
20230328,서울특별시,11,서대문구,11410,서울특별시,11,중랑구,11260,7,17,6,20,33,4,10,4,45,39,21
20230328,서울특별시,11,서대문구,11410,서울특별시,11,성북구,11290,8,35,8,23,42,11,20,12,74,34,32
20230328,서울특별시,11,서대문구,11410,서울특별시,11,강북구,11305,4,22,5,18,33,5,14,6,22,21,15
20230328,서울특별시,11,서대문구,11410,서울특별시,11,도봉구,11320,0,12,4,21,26,7,12,4,37,24,10
20230328,서울특별시,11,서대문구,11410,서울특별시,11,노원구,11350,11,20,8,36,47,13,17,10,77,29,34
20230328,서울특별시,11,서대문구,11410,서울특별시,11,은평구,11380,9,31,3,29,44,7,13,8,76,37,31
20230328,서울특별시,11,서대문구,11410,서울특별시,11,서대문구,11410,5,27,6,23,45,16,26,0,70,32,23
20230328,서울특별시,11,서대문구,11410,서울특별시,11,마포구,11440,13,47,15,30,46,10,18,6,86,36,28
20230328,서울특별시,11,영등포구,11560,서울특별시,11,송파구,11710,8,115,19,38,53,4,47,8,100,36,38
20230328,서울특별시,11,영등포구,11560,서울특별시,11,강남구,11680,12,176,30,46,72,10,86,0,112,40,31
20230328,서울특별시,11,영등포구,11560,서울특별시,11,서초구,11650,4,86,35,40,40,8,52,4,76,25,23
20230328,서울특별시,11,영등포구,11560,서울특별시,11,관악구,11620,7,78,15,29,28,0,23,3,63,30,25
20230328,서울특별시,11,영등포구,11560,서울특별시,11,동작구,11590,6,64,17,11,26,3,32,0,60,17,25
20230328,서울특별시,11,영등포구,11560,서울특별시,11,영등포구,11560,8,109,40,31,47,0,82,5,86,29,38
20230328,서울특별시,11,영등포구,11560,서울특별시,11,금천구,11545,3,84,19,24,24,0,13,0,63,30,19
20230328,서울특별시,11,영등포구,11560,서울특별시,11,구로구,11530,7,103,28,18,29,0,28,0,62,23,29
20230328,서울특별시,11,영등포구,11560,서울특별시,11,강서구,11500,4,102,21,25,34,8,28,10,85,37,20
20230328,서울특별시,11,광진구,11215,서울특별시,11,종로구,11110,3,14,15,11,19,3,5,0,41,23,3
20230328,서울특별시,11,마포구,11440,서울특별시,11,양천구,11470,7,111,24,44,56,5,59,6,66,39,33
20230328,서울특별시,11,마포구,11440,서울특별시,11,마포구,11440,20,168,59,94,135,6,137,11,199,90,44
20230328,서울특별시,11,강북구,11305,서울특별시,11,도봉구,11320,0,12,7,5,7,3,0,0,55,3,7
20230328,서울특별시,11,강북구,11305,서울특별시,11,노원구,11350,0,19,6,7,9,0,9,0,76,6,7
20230328,서울특별시,11,강북구,11305,서울특별시,11,은평구,11380,0,14,10,7,10,0,5,3,76,10,6
20230328,서울특별시,11,마포구,11440,서울특별시,11,서대문구,11410,8,93,29,58,84,7,83,12,126,57,39
20230328,서울특별시,11,마포구,11440,서울특별시,11,은평구,11380,4,83,26,65,71,8,90,7,152,46,40
20230328,서울특별시,11,마포구,11440,서울특별시,11,노원구,11350,6,93,22,59,60,6,82,8,110,53,43
20230328,서울특별시,11,마포구,11440,서울특별시,11,도봉구,11320,4,48,17,35,25,3,53,0,65,28,32
20230328,서울특별시,11,금천구,11545,서울특별시,11,강동구,11740,14,43,15,39,57,32,41,15,200,89,149
20230328,서울특별시,11,금천구,11545,서울특별시,11,송파구,11710,21,87,30,98,99,55,91,23,290,144,275
20230328,서울특별시,11,금천구,11545,서울특별시,11,강남구,11680,40,125,56,88,122,78,86,20,320,146,292
20230328,서울특별시,11,금천구,11545,서울특별시,11,서초구,11650,19,63,46,48,72,53,61,23,198,91,194
20230328,서울특별시,11,금천구,11545,서울특별시,11,관악구,11620,15,39,13,76,64,18,67,19,200,93,160
20230328,서울특별시,11,금천구,11545,서울특별시,11,동작구,11590,16,38,17,30,48,32,53,14,150,75,148
20230328,서울특별시,11,금천구,11545,서울특별시,11,영등포구,11560,17,43,22,56,64,36,60,21,192,92,178
20230328,서울특별시,11,금천구,11545,서울특별시,11,금천구,11545,10,42,18,33,33,22,49,9,100,75,60
20230328,서울특별시,11,마포구,11440,서울특별시,11,강북구,11305,13,39,12,27,28,0,40,5,86,38,28
20230328,서울특별시,11,마포구,11440,서울특별시,11,성북구,11290,7,111,30,50,73,13,74,7,144,65,43
20230328,서울특별시,11,마포구,11440,서울특별시,11,중랑구,11260,10,60,15,38,51,4,53,5,88,40,40
20230328,서울특별시,11,마포구,11440,서울특별시,11,동대문구,11230,10,53,25,56,68,5,59,3,132,54,32
20230328,서울특별시,11,마포구,11440,서울특별시,11,광진구,11215,4,72,30,60,100,0,68,4,139,68,43
20230328,서울특별시,11,마포구,11440,서울특별시,11,성동구,11200,6,127,36,47,56,6,69,8,197,79,29
20230328,서울특별시,11,마포구,11440,서울특별시,11,용산구,11170,5,74,31,54,60,0,53,3,104,43,25
20230328,서울특별시,11,마포구,11440,서울특별시,11,중구,11140,14,73,38,38,82,5,44,0,117,32,23
20230328,서울특별시,11,도봉구,11320,서울특별시,11,종로구,11110,3,8,0,8,11,5,9,0,28,8,4
20230328,서울특별시,11,도봉구,11320,서울특별시,11,중구,11140,4,7,0,6,20,0,6,0,39,7,0
20230328,서울특별시,11,도봉구,11320,서울특별시,11,용산구,11170,7,7,0,14,12,0,21,5,41,9,4
20230328,서울특별시,11,도봉구,11320,서울특별시,11,성동구,11200,8,13,16,17,19,0,21,3,54,18,4
20230328,서울특별시,11,도봉구,11320,서울특별시,11,광진구,11215,4,12,6,20,21,7,11,0,56,13,0
20230328,서울특별시,11,도봉구,11320,서울특별시,11,동대문구,11230,7,7,4,11,20,3,11,3,56,14,0
20230328,서울특별시,11,도봉구,11320,서울특별시,11,중랑구,11260,3,12,0,13,17,3,5,0,49,15,0
20230328,서울특별시,11,도봉구,11320,서울특별시,11,성북구,11290,6,18,4,21,20,0,12,4,85,14,3
20230328,서울특별시,11,도봉구,11320,서울특별시,11,강북구,11305,0,9,3,9,15,4,8,5,40,4,4
20230328,서울특별시,11,도봉구,11320,서울특별시,11,도봉구,11320,3,16,5,13,23,4,20,0,44,21,0
20230328,서울특별시,11,도봉구,11320,서울특별시,11,노원구,11350,3,10,11,24,22,3,11,7,72,18,3
20230328,서울특별시,11,도봉구,11320,서울특별시,11,은평구,11380,3,15,4,18,15,4,13,3,71,20,3
20230328,서울특별시,11,도봉구,11320,서울특별시,11,서대문구,11410,0,5,0,18,15,4,24,0,38,10,4
20230328,서울특별시,11,도봉구,11320,서울특별시,11,마포구,11440,6,16,0,27,20,5,18,4,59,15,5
20230328,서울특별시,11,도봉구,11320,서울특별시,11,양천구,11470,5,21,6,20,22,3,5,0,45,12,0
20230328,서울특별시,11,도봉구,11320,서울특별시,11,강서구,11500,11,26,4,26,26,17,28,0,85,35,4
20230328,서울특별시,11,도봉구,11320,서울특별시,11,구로구,11530,4,5,3,25,15,11,6,0,42,23,4
20230328,서울특별시,11,도봉구,11320,서울특별시,11,금천구,11545,0,9,5,22,23,9,5,0,53,25,3
20230328,서울특별시,11,도봉구,11320,서울특별시,11,영등포구,11560,6,16,6,28,27,5,8,4,57,21,0
20230328,서울특별시,11,도봉구,11320,서울특별시,11,동작구,11590,3,6,0,17,21,0,10,4,52,21,3
20230328,서울특별시,11,도봉구,11320,서울특별시,11,관악구,11620,11,13,4,20,22,6,10,3,61,31,3
20230328,서울특별시,11,도봉구,11320,서울특별시,11,서초구,11650,9,13,4,21,45,3,13,3,52,17,3
20230328,서울특별시,11,도봉구,11320,서울특별시,11,강남구,11680,5,20,6,30,61,8,33,0,94,31,7
20230328,서울특별시,11,도봉구,11320,서울특별시,11,송파구,11710,7,13,0,25,44,4,26,7,97,26,6
20230328,서울특별시,11,도봉구,11320,서울특별시,11,강동구,11740,4,11,7,20,24,5,10,0,47,23,6
20230328,서울특별시,11,강남구,11680,서울특별시,11,강동구,11740,9,97,37,25,94,10,73,12,315,67,80
20230328,서울특별시,11,강남구,11680,서울특별시,11,송파구,11710,21,168,76,48,167,35,161,16,549,126,350
20230328,서울특별시,11,강남구,11680,서울특별시,11,강남구,11680,35,315,131,76,251,31,244,24,686,143,400
20230328,서울특별시,11,강북구,11305,서울특별시,11,마포구,11440,0,13,11,6,12,3,5,0,64,15,8
20230328,서울특별시,11,강남구,11680,서울특별시,11,서초구,11650,19,171,90,47,135,20,132,18,387,91,261
20230328,서울특별시,11,강남구,11680,서울특별시,11,관악구,11620,11,104,33,26,78,20,92,13,523,85,112
20230328,서울특별시,11,강남구,11680,서울특별시,11,동작구,11590,3,87,26,21,60,11,81,12,335,65,74
20230328,서울특별시,11,강남구,11680,서울특별시,11,영등포구,11560,7,112,48,44,122,15,82,10,307,78,88
20230328,서울특별시,11,강남구,11680,서울특별시,11,금천구,11545,9,84,23,29,71,14,40,8,283,46,37
20230328,서울특별시,11,강남구,11680,서울특별시,11,구로구,11530,3,78,30,28,68,13,74,11,331,52,70
20230328,서울특별시,11,강남구,11680,서울특별시,11,강서구,11500,10,122,38,52,120,29,120,17,486,93,138
20230328,서울특별시,11,강남구,11680,서울특별시,11,양천구,11470,4,95,32,25,76,12,51,4,323,52,72
20230328,서울특별시,11,강남구,11680,서울특별시,11,마포구,11440,19,142,58,50,103,17,79,13,370,90,103
20230328,서울특별시,11,강남구,11680,서울특별시,11,서대문구,11410,7,91,24,19,87,10,68,6,335,51,85
20230328,서울특별시,11,광진구,11215,서울특별시,11,중구,11140,3,21,10,53,16,0,11,3,44,19,4
20230328,서울특별시,11,광진구,11215,서울특별시,11,용산구,11170,6,22,7,12,19,0,11,0,58,23,5
20230328,서울특별시,11,중구,11140,서울특별시,11,종로구,11110,6,54,16,4,70,3,23,0,82,26,6
20230328,서울특별시,11,중구,11140,서울특별시,11,중구,11140,11,64,22,10,93,6,40,0,147,37,14
20230328,서울특별시,11,중구,11140,서울특별시,11,용산구,11170,14,63,26,9,58,5,23,5,147,39,11
20230328,서울특별시,11,중구,11140,서울특별시,11,성동구,11200,7,118,22,8,80,3,38,5,227,71,11
20230328,서울특별시,11,중구,11140,서울특별시,11,광진구,11215,5,55,11,3,50,9,37,11,225,67,22
20230328,서울특별시,11,중구,11140,서울특별시,11,동대문구,11230,4,50,6,0,79,12,25,7,203,50,10
20230328,서울특별시,11,광진구,11215,서울특별시,11,성동구,11200,4,81,25,9,16,9,9,8,149,86,12
20230328,서울특별시,11,광진구,11215,서울특별시,11,광진구,11215,6,65,30,17,27,0,19,7,95,37,8
20230328,서울특별시,11,광진구,11215,서울특별시,11,동대문구,11230,12,21,18,15,27,7,9,0,75,44,7
20230328,서울특별시,11,광진구,11215,서울특별시,11,중랑구,11260,9,19,16,8,37,6,8,4,78,29,8
20230328,서울특별시,11,광진구,11215,서울특별시,11,성북구,11290,10,25,13,12,15,3,18,4,116,53,8
20230328,서울특별시,11,성동구,11200,서울특별시,11,은평구,11380,4,61,8,11,22,16,37,5,181,42,29
20230328,서울특별시,11,성동구,11200,서울특별시,11,노원구,11350,9,52,15,20,37,5,37,9,193,38,21
20230328,서울특별시,11,성동구,11200,서울특별시,11,도봉구,11320,0,29,3,11,15,5,11,0,107,16,18
20230328,서울특별시,11,성동구,11200,서울특별시,11,강북구,11305,3,32,8,6,16,6,20,0,122,25,15
20230328,서울특별시,11,성동구,11200,서울특별시,11,성북구,11290,10,57,14,12,46,10,37,10,205,42,186
20230328,서울특별시,11,성동구,11200,서울특별시,11,중랑구,11260,8,41,4,17,30,6,24,0,157,34,24
20230328,서울특별시,11,마포구,11440,서울특별시,11,종로구,11110,5,43,41,22,55,0,51,4,63,37,22
20230328,서울특별시,11,성동구,11200,서울특별시,11,동대문구,11230,14,72,11,22,36,7,37,0,208,39,149
20230328,서울특별시,11,성동구,11200,서울특별시,11,광진구,11215,13,67,11,13,24,5,40,4,187,34,25
20230328,서울특별시,11,성동구,11200,서울특별시,11,성동구,11200,11,153,30,25,44,0,42,9,264,52,39
20230328,서울특별시,11,성동구,11200,서울특별시,11,용산구,11170,10,48,9,16,24,5,18,3,132,30,20
20230328,서울특별시,11,성동구,11200,서울특별시,11,중구,11140,6,69,23,36,40,4,31,6,111,37,95
20230328,서울특별시,11,성동구,11200,서울특별시,11,종로구,11110,7,36,10,10,46,6,24,0,88,14,64
20230328,서울특별시,11,영등포구,11560,서울특별시,11,종로구,11110,5,57,15,7,31,5,28,0,46,21,11
20230328,서울특별시,11,영등포구,11560,서울특별시,11,중구,11140,6,96,14,13,35,4,37,0,47,35,21
20230328,서울특별시,11,영등포구,11560,서울특별시,11,용산구,11170,5,56,15,33,32,3,35,6,54,17,15
20230328,서울특별시,11,영등포구,11560,서울특별시,11,성동구,11200,3,96,27,14,30,4,45,0,123,91,31
20230328,서울특별시,11,영등포구,11560,서울특별시,11,광진구,11215,4,64,14,19,35,3,37,0,65,44,23
20230328,서울특별시,11,강남구,11680,서울특별시,11,은평구,11380,10,86,20,25,84,11,68,15,316,54,74
20230328,서울특별시,11,강남구,11680,서울특별시,11,노원구,11350,11,94,27,25,91,9,73,8,333,62,73
20230328,서울특별시,11,강남구,11680,서울특별시,11,도봉구,11320,6,46,9,16,50,9,40,5,226,29,30
20230328,서울특별시,11,강남구,11680,서울특별시,11,강북구,11305,3,39,14,10,36,8,36,11,226,47,51
20230328,서울특별시,11,강남구,11680,서울특별시,11,성북구,11290,8,109,24,22,74,10,72,7,393,80,98
20230328,서울특별시,11,강남구,11680,서울특별시,11,중랑구,11260,7,77,24,16,52,15,60,6,305,46,64
20230328,서울특별시,11,강남구,11680,서울특별시,11,동대문구,11230,11,79,23,20,62,7,63,11,330,57,72
20230328,서울특별시,11,강남구,11680,서울특별시,11,광진구,11215,17,77,22,22,60,12,56,9,339,61,87
20230328,서울특별시,11,강남구,11680,서울특별시,11,성동구,11200,9,154,38,28,79,6,72,8,333,87,69
20230328,서울특별시,11,강남구,11680,서울특별시,11,용산구,11170,7,96,35,51,64,5,60,5,204,51,57
20230328,서울특별시,11,강남구,11680,서울특별시,11,중구,11140,8,112,30,27,74,5,58,7,196,40,70
20230328,서울특별시,11,강남구,11680,서울특별시,11,종로구,11110,5,85,32,18,64,10,41,7,150,41,33
20230328,서울특별시,11,동작구,11590,서울특별시,11,양천구,11470,4,10,10,3,22,0,19,6,36,13,9
20230328,서울특별시,11,동작구,11590,서울특별시,11,마포구,11440,7,13,22,11,27,3,45,3,60,12,18
20230328,서울특별시,11,동작구,11590,서울특별시,11,서대문구,11410,4,12,19,9,32,4,26,6,37,9,9
20230328,서울특별시,11,동작구,11590,서울특별시,11,은평구,11380,7,8,10,9,32,3,25,10,45,9,14
20230328,서울특별시,11,동작구,11590,서울특별시,11,노원구,11350,3,9,9,9,29,4,36,6,39,21,17
20230328,서울특별시,11,동작구,11590,서울특별시,11,도봉구,11320,4,14,8,8,22,4,21,8,29,6,10
20230328,서울특별시,11,서초구,11650,서울특별시,11,금천구,11545,9,41,29,18,63,7,33,3,69,18,13
20230328,서울특별시,11,서초구,11650,서울특별시,11,영등포구,11560,12,51,24,21,109,21,91,7,71,26,20
20230328,서울특별시,11,동작구,11590,서울특별시,11,강북구,11305,3,7,7,3,12,0,12,0,37,3,7
20230328,서울특별시,11,동작구,11590,서울특별시,11,성북구,11290,7,24,23,15,35,0,24,4,84,13,22
20230328,서울특별시,11,동작구,11590,서울특별시,11,중랑구,11260,4,10,6,9,26,0,22,8,43,5,16
20230328,서울특별시,11,동작구,11590,서울특별시,11,동대문구,11230,5,13,15,9,27,0,25,4,49,10,14
20230328,서울특별시,11,동작구,11590,서울특별시,11,광진구,11215,6,15,8,9,34,5,23,4,48,16,14
20230328,서울특별시,11,동작구,11590,서울특별시,11,성동구,11200,5,81,32,12,29,0,22,5,86,39,12
20230328,서울특별시,11,동작구,11590,서울특별시,11,용산구,11170,5,6,6,9,20,0,21,5,32,5,12
20230328,서울특별시,11,동작구,11590,서울특별시,11,중구,11140,0,22,7,4,10,0,15,0,39,7,6
20230328,서울특별시,11,중구,11140,서울특별시,11,중랑구,11260,7,55,14,3,51,6,24,13,160,44,11
20230328,서울특별시,11,중구,11140,서울특별시,11,성북구,11290,12,52,13,10,67,4,23,5,223,66,13
20230328,서울특별시,11,중구,11140,서울특별시,11,강북구,11305,4,39,9,7,37,0,25,0,144,43,4
20230328,서울특별시,11,중구,11140,서울특별시,11,도봉구,11320,8,32,10,3,47,4,12,0,117,49,9
20230328,서울특별시,11,중구,11140,서울특별시,11,노원구,11350,9,56,10,8,84,18,20,7,207,67,10
20230328,서울특별시,11,중구,11140,서울특별시,11,은평구,11380,10,46,16,5,49,12,24,5,197,73,13
20230328,서울특별시,11,중구,11140,서울특별시,11,서대문구,11410,7,68,10,8,74,9,25,4,176,59,7
20230328,서울특별시,11,중구,11140,서울특별시,11,마포구,11440,25,99,34,12,122,8,34,10,277,75,14
20230328,서울특별시,11,중구,11140,서울특별시,11,양천구,11470,7,48,9,3,62,5,26,5,199,53,10
20230328,서울특별시,11,강북구,11305,서울특별시,11,동대문구,11230,0,16,6,3,4,0,3,5,78,11,4
20230328,서울특별시,11,강북구,11305,서울특별시,11,중랑구,11260,0,13,5,4,5,0,7,0,66,10,5
20230328,서울특별시,11,강북구,11305,서울특별시,11,성북구,11290,0,29,7,8,10,0,10,0,77,10,13
20230328,서울특별시,11,강북구,11305,서울특별시,11,강북구,11305,0,18,7,4,10,0,10,0,69,11,8
20230328,서울특별시,11,은평구,11380,서울특별시,11,구로구,11530,0,7,6,3,29,6,37,0,27,5,22
20230328,서울특별시,11,은평구,11380,서울특별시,11,강서구,11500,3,24,9,5,45,6,50,0,56,7,40
20230328,서울특별시,11,은평구,11380,서울특별시,11,양천구,11470,0,16,3,3,26,11,43,0,22,12,30
20230328,서울특별시,11,중구,11140,서울특별시,11,강서구,11500,14,91,20,8,117,19,30,18,322,103,13
20230328,서울특별시,11,중구,11140,서울특별시,11,구로구,11530,3,58,14,5,84,7,22,8,185,63,10
20230328,서울특별시,11,서대문구,11410,서울특별시,11,양천구,11470,7,19,7,30,43,6,9,11,70,40,25
20230328,서울특별시,11,서대문구,11410,서울특별시,11,강서구,11500,9,32,19,36,59,19,16,11,97,55,40
20230328,서울특별시,11,서대문구,11410,서울특별시,11,구로구,11530,8,34,6,26,56,9,3,8,73,46,20
20230328,서울특별시,11,서대문구,11410,서울특별시,11,금천구,11545,6,15,5,18,30,9,7,0,51,39,18
20230328,서울특별시,11,서대문구,11410,서울특별시,11,영등포구,11560,5,32,11,29,51,19,13,0,78,48,25
20230328,서울특별시,11,서대문구,11410,서울특별시,11,동작구,11590,7,22,6,30,40,8,10,4,54,34,31
20230328,서울특별시,11,서대문구,11410,서울특별시,11,관악구,11620,9,23,9,43,45,16,13,8,64,51,36
20230328,서울특별시,11,은평구,11380,서울특별시,11,마포구,11440,0,19,10,13,23,6,34,3,19,9,38
20230328,서울특별시,11,은평구,11380,서울특별시,11,서대문구,11410,0,7,8,3,27,0,30,0,28,11,18
20230328,서울특별시,11,은평구,11380,서울특별시,11,은평구,11380,4,13,13,4,45,7,78,3,38,11,42
20230328,서울특별시,11,은평구,11380,서울특별시,11,노원구,11350,0,9,8,0,44,5,41,0,21,7,24
20230328,서울특별시,11,은평구,11380,서울특별시,11,도봉구,11320,0,4,0,0,19,6,27,0,16,5,19
20230328,서울특별시,11,은평구,11380,서울특별시,11,강북구,11305,0,6,3,0,22,0,33,0,25,4,17
20230328,서울특별시,11,은평구,11380,서울특별시,11,성북구,11290,0,20,6,4,51,5,36,3,44,8,31
20230328,서울특별시,11,은평구,11380,서울특별시,11,중랑구,11260,3,3,0,7,24,3,40,0,21,10,20
20230328,서울특별시,11,은평구,11380,서울특별시,11,동대문구,11230,0,10,7,7,29,5,30,4,33,7,29
20230328,서울특별시,11,은평구,11380,서울특별시,11,광진구,11215,0,15,0,0,32,5,25,3,22,9,25
20230328,서울특별시,11,양천구,11470,서울특별시,11,강동구,11740,0,24,5,31,20,6,11,0,49,28,18
20230328,서울특별시,11,양천구,11470,서울특별시,11,송파구,11710,0,27,6,60,60,11,16,3,90,35,30
20230328,서울특별시,11,양천구,11470,서울특별시,11,강남구,11680,5,51,12,61,56,12,19,0,65,36,31
20230328,서울특별시,11,양천구,11470,서울특별시,11,서초구,11650,0,19,12,29,31,7,15,6,54,17,29
20230328,서울특별시,11,양천구,11470,서울특별시,11,관악구,11620,0,13,13,26,27,9,18,0,72,30,25
20230328,서울특별시,11,양천구,11470,서울특별시,11,동작구,11590,0,10,11,25,30,0,9,0,49,18,18
20230328,서울특별시,11,양천구,11470,서울특별시,11,영등포구,11560,0,22,13,31,27,8,15,5,53,38,23
20230328,서울특별시,11,양천구,11470,서울특별시,11,금천구,11545,0,10,6,12,33,13,8,0,62,29,6
20230328,서울특별시,11,양천구,11470,서울특별시,11,구로구,11530,3,12,21,16,25,6,15,0,69,14,17
20230328,서울특별시,11,강북구,11305,서울특별시,11,서대문구,11410,0,11,6,6,4,0,5,0,49,6,5
20230328,서울특별시,11,은평구,11380,서울특별시,11,성동구,11200,3,19,24,0,18,0,39,0,64,32,29
20230328,서울특별시,11,은평구,11380,서울특별시,11,용산구,11170,3,6,3,12,23,4,26,0,9,4,15
20230328,서울특별시,11,은평구,11380,서울특별시,11,중구,11140,0,8,7,5,27,7,28,0,22,8,5
20230328,서울특별시,11,은평구,11380,서울특별시,11,종로구,11110,0,7,7,5,16,0,27,0,9,6,11
20230328,서울특별시,11,동작구,11590,서울특별시,11,종로구,11110,6,13,13,8,16,0,21,0,26,8,7
20230328,서울특별시,11,동작구,11590,서울특별시,11,강서구,11500,9,24,26,18,41,5,28,19,84,14,32
20230328,서울특별시,11,서초구,11650,서울특별시,11,구로구,11530,9,54,16,20,97,12,58,7,55,13,23
20230328,서울특별시,11,서초구,11650,서울특별시,11,성북구,11290,6,46,34,12,89,11,69,9,92,24,19
20230328,서울특별시,11,종로구,11110,서울특별시,11,강동구,11740,10,33,7,13,27,3,13,3,157,49,17
20230328,서울특별시,11,서초구,11650,서울특별시,11,강북구,11305,10,23,11,7,44,5,41,4,30,7,10
20230328,서울특별시,11,성동구,11200,서울특별시,11,마포구,11440,14,87,24,21,61,8,42,10,215,53,32
20230328,서울특별시,11,노원구,11350,서울특별시,11,종로구,11110,0,4,0,4,18,0,15,0,25,4,0
20230328,서울특별시,11,노원구,11350,서울특별시,11,중구,11140,0,19,6,6,21,0,15,3,34,10,10
20230328,서울특별시,11,노원구,11350,서울특별시,11,용산구,11170,3,8,3,15,25,5,11,6,30,6,0
20230328,서울특별시,11,노원구,11350,서울특별시,11,성동구,11200,3,12,10,7,30,4,17,5,59,22,9
20230328,서울특별시,11,노원구,11350,서울특별시,11,광진구,11215,4,10,8,8,21,10,23,0,44,8,3
20230328,서울특별시,11,노원구,11350,서울특별시,11,동대문구,11230,0,15,7,14,21,0,26,0,40,12,3
20230328,서울특별시,11,노원구,11350,서울특별시,11,중랑구,11260,0,20,5,16,26,5,25,6,53,9,6
20230328,서울특별시,11,노원구,11350,서울특별시,11,성북구,11290,5,25,16,16,27,4,23,5,72,16,4
20230328,서울특별시,11,노원구,11350,서울특별시,11,강북구,11305,0,12,8,12,14,3,17,8,17,8,11
20230328,서울특별시,11,노원구,11350,서울특별시,11,도봉구,11320,0,9,15,12,21,3,9,4,30,5,6
20230328,서울특별시,11,노원구,11350,서울특별시,11,노원구,11350,8,21,36,19,39,4,63,6,47,9,17
20230328,서울특별시,11,노원구,11350,서울특별시,11,은평구,11380,3,5,7,9,29,6,20,4,32,12,6
20230328,서울특별시,11,노원구,11350,서울특별시,11,서대문구,11410,0,15,7,15,14,3,16,0,22,9,3
20230328,서울특별시,11,노원구,11350,서울특별시,11,마포구,11440,9,21,7,18,36,13,26,3,44,10,5
20230328,서울특별시,11,노원구,11350,서울특별시,11,양천구,11470,6,18,3,8,27,7,32,4,31,13,10
20230328,서울특별시,11,노원구,11350,서울특별시,11,강서구,11500,6,19,8,20,41,10,31,8,57,24,14
20230328,서울특별시,11,노원구,11350,서울특별시,11,구로구,11530,4,8,9,8,26,6,31,10,28,13,11
20230328,서울특별시,11,노원구,11350,서울특별시,11,금천구,11545,3,12,0,10,22,0,20,0,65,16,5
20230328,서울특별시,11,노원구,11350,서울특별시,11,영등포구,11560,3,20,10,9,32,6,28,4,47,14,6
20230328,서울특별시,11,노원구,11350,서울특별시,11,동작구,11590,5,14,4,10,29,7,26,0,32,11,7
20230328,서울특별시,11,노원구,11350,서울특별시,11,관악구,11620,0,16,7,16,28,7,46,6,38,17,8
20230328,서울특별시,11,노원구,11350,서울특별시,11,서초구,11650,8,12,7,12,26,6,35,5,49,13,8
20230328,서울특별시,11,노원구,11350,서울특별시,11,강남구,11680,4,40,11,25,68,8,45,6,66,21,13
20230328,서울특별시,11,노원구,11350,서울특별시,11,송파구,11710,5,32,12,24,38,7,40,8,72,20,18
20230328,서울특별시,11,노원구,11350,서울특별시,11,강동구,11740,0,21,6,12,18,0,40,9,39,21,9
20230328,서울특별시,11,성동구,11200,서울특별시,11,서대문구,11410,4,51,13,21,30,6,23,7,134,37,18
20230328,서울특별시,11,금천구,11545,서울특별시,11,구로구,11530,10,41,17,45,55,26,37,18,150,129,134
20230328,서울특별시,11,금천구,11545,서울특별시,11,강서구,11500,26,60,96,57,90,32,56,28,237,126,202
20230328,서울특별시,11,금천구,11545,서울특별시,11,양천구,11470,7,47,15,43,44,30,43,26,152,70,166
20230328,서울특별시,11,금천구,11545,서울특별시,11,마포구,11440,10,44,18,63,79,30,56,21,187,110,148
20230328,서울특별시,11,금천구,11545,서울특별시,11,서대문구,11410,13,37,9,41,42,26,43,12,129,55,126
20230328,서울특별시,11,금천구,11545,서울특별시,11,은평구,11380,14,31,38,45,58,24,43,22,155,86,149
20230328,서울특별시,11,금천구,11545,서울특별시,11,노원구,11350,13,36,16,44,55,37,52,13,164,80,130
20230328,서울특별시,11,금천구,11545,서울특별시,11,도봉구,11320,11,32,6,29,30,9,30,15,97,57,90
20230328,서울특별시,11,금천구,11545,서울특별시,11,강북구,11305,8,23,9,27,29,8,32,10,118,53,84
20230328,서울특별시,11,금천구,11545,서울특별시,11,성북구,11290,15,29,17,46,38,24,39,18,169,82,161
20230328,서울특별시,11,금천구,11545,서울특별시,11,중랑구,11260,9,33,14,35,39,14,33,10,116,71,126
20230328,서울특별시,11,금천구,11545,서울특별시,11,동대문구,11230,11,43,18,49,44,24,53,12,153,69,134
20230328,서울특별시,11,동대문구,11230,서울특별시,11,종로구,11110,3,27,5,7,27,4,38,0,66,9,8
20230328,서울특별시,11,동대문구,11230,서울특별시,11,중구,11140,6,36,12,9,28,0,34,5,86,18,0
20230328,서울특별시,11,동대문구,11230,서울특별시,11,용산구,11170,0,19,3,15,30,0,39,7,93,10,8
20230328,서울특별시,11,동대문구,11230,서울특별시,11,성동구,11200,5,100,23,20,34,4,51,4,193,170,9
20230328,서울특별시,11,동대문구,11230,서울특별시,11,광진구,11215,5,50,7,13,41,0,38,7,157,31,11
20230328,서울특별시,11,동대문구,11230,서울특별시,11,동대문구,11230,7,41,15,7,40,4,87,5,181,33,13
20230328,서울특별시,11,동대문구,11230,서울특별시,11,중랑구,11260,0,40,11,8,40,0,61,6,142,27,6
20230328,서울특별시,11,동대문구,11230,서울특별시,11,성북구,11290,7,54,9,12,49,0,68,10,188,21,13
20230328,서울특별시,11,서대문구,11410,서울특별시,11,서초구,11650,5,34,7,33,58,23,24,7,55,45,32
20230328,서울특별시,11,서대문구,11410,서울특별시,11,강남구,11680,9,55,16,44,76,20,28,10,92,71,60
20230328,서울특별시,11,서대문구,11410,서울특별시,11,송파구,11710,14,23,14,30,64,17,17,12,77,57,52
20230328,서울특별시,11,서대문구,11410,서울특별시,11,강동구,11740,12,19,7,29,38,9,11,21,57,49,20
20230328,서울특별시,11,동대문구,11230,서울특별시,11,강북구,11305,0,33,6,4,28,3,39,4,117,17,5
20230328,서울특별시,11,동대문구,11230,서울특별시,11,도봉구,11320,0,29,8,10,25,4,41,3,107,19,11
20230328,서울특별시,11,동대문구,11230,서울특별시,11,노원구,11350,10,52,8,17,34,3,69,5,194,31,16
20230328,서울특별시,11,동대문구,11230,서울특별시,11,은평구,11380,0,50,4,6,42,8,60,11,156,37,17
20230328,서울특별시,11,동대문구,11230,서울특별시,11,서대문구,11410,0,39,12,3,39,0,51,0,136,25,15
20230328,서울특별시,11,동대문구,11230,서울특별시,11,마포구,11440,7,54,9,16,53,4,71,6,157,23,19
20230328,서울특별시,11,동대문구,11230,서울특별시,11,양천구,11470,4,50,5,8,37,7,58,0,152,19,9
20230328,서울특별시,11,동대문구,11230,서울특별시,11,강서구,11500,11,78,14,18,71,3,96,8,233,36,22
20230328,서울특별시,11,동대문구,11230,서울특별시,11,구로구,11530,8,39,8,6,45,6,62,8,172,26,28
20230328,서울특별시,11,동대문구,11230,서울특별시,11,금천구,11545,5,37,13,18,33,0,36,3,103,17,7
20230328,서울특별시,11,동대문구,11230,서울특별시,11,영등포구,11560,7,52,10,10,50,6,74,11,171,39,9
20230328,서울특별시,11,동대문구,11230,서울특별시,11,동작구,11590,6,34,7,8,41,0,59,0,141,27,13
20230328,서울특별시,11,동대문구,11230,서울특별시,11,관악구,11620,5,58,6,12,49,3,96,8,195,32,23
20230328,서울특별시,11,동대문구,11230,서울특별시,11,서초구,11650,9,44,9,21,41,0,77,9,144,31,26
20230328,서울특별시,11,동대문구,11230,서울특별시,11,강남구,11680,14,86,11,19,99,7,89,12,223,51,38
20230328,서울특별시,11,동대문구,11230,서울특별시,11,송파구,11710,3,83,9,15,65,3,102,9,291,37,22
20230328,서울특별시,11,동대문구,11230,서울특별시,11,강동구,11740,9,55,7,11,42,9,58,8,181,36,18
20230328,서울특별시,11,양천구,11470,서울특별시,11,강서구,11500,5,38,23,34,38,18,40,4,102,41,33
20230328,서울특별시,11,양천구,11470,서울특별시,11,양천구,11470,0,38,12,27,24,5,41,0,72,18,23
20230328,서울특별시,11,양천구,11470,서울특별시,11,마포구,11440,6,22,9,31,31,25,16,0,60,25,11
20230328,서울특별시,11,양천구,11470,서울특별시,11,서대문구,11410,0,19,6,23,13,26,4,0,39,17,24
20230328,서울특별시,11,양천구,11470,서울특별시,11,은평구,11380,0,9,7,37,41,0,14,0,50,23,19
20230328,서울특별시,11,양천구,11470,서울특별시,11,노원구,11350,0,8,4,21,29,5,7,8,53,20,27
20230328,서울특별시,11,양천구,11470,서울특별시,11,도봉구,11320,0,9,5,11,23,4,8,6,32,14,13
20230328,서울특별시,11,양천구,11470,서울특별시,11,강북구,11305,0,8,3,10,19,5,8,0,36,6,7
20230328,서울특별시,11,양천구,11470,서울특별시,11,성북구,11290,0,28,12,27,26,5,16,0,77,18,12
20230328,서울특별시,11,양천구,11470,서울특별시,11,중랑구,11260,0,13,8,16,25,0,12,4,63,19,12
20230328,서울특별시,11,양천구,11470,서울특별시,11,동대문구,11230,0,22,7,30,29,16,6,4,52,27,20
20230328,서울특별시,11,양천구,11470,서울특별시,11,광진구,11215,0,11,5,30,22,6,5,0,54,17,21
20230328,서울특별시,11,양천구,11470,서울특별시,11,성동구,11200,0,34,14,19,31,20,7,0,97,66,22
20230328,서울특별시,11,양천구,11470,서울특별시,11,용산구,11170,0,10,3,28,20,9,11,0,29,25,12
20230328,서울특별시,11,양천구,11470,서울특별시,11,중구,11140,3,21,5,17,16,4,9,0,27,85,7
20230328,서울특별시,11,양천구,11470,서울특별시,11,종로구,11110,0,13,5,19,17,0,6,0,23,18,8
20230328,서울특별시,11,금천구,11545,서울특별시,11,광진구,11215,16,45,22,41,40,18,35,14,139,87,133
20230328,서울특별시,11,금천구,11545,서울특별시,11,성동구,11200,8,67,11,50,51,25,32,14,123,102,111
20230328,서울특별시,11,강동구,11740,서울특별시,11,강동구,11740,29,49,17,18,42,8,95,10,59,22,9
20230328,서울특별시,11,강동구,11740,서울특별시,11,송파구,11710,29,49,16,21,61,13,75,6,53,32,12
20230328,서울특별시,11,금천구,11545,서울특별시,11,용산구,11170,4,42,7,43,46,13,28,14,85,49,83
20230328,서울특별시,11,금천구,11545,서울특별시,11,중구,11140,5,47,8,32,46,32,26,6,76,55,78
20230328,서울특별시,11,금천구,11545,서울특별시,11,종로구,11110,7,32,30,31,44,17,27,4,73,31,48
20230328,서울특별시,11,중구,11140,서울특별시,11,동작구,11590,7,41,12,10,56,8,23,7,196,70,10
20230328,서울특별시,11,중구,11140,서울특별시,11,관악구,11620,5,45,10,8,55,9,31,6,274,77,19
20230328,서울특별시,11,중구,11140,서울특별시,11,서초구,11650,21,69,34,7,149,7,42,8,280,66,16
20230328,서울특별시,11,중구,11140,서울특별시,11,강남구,11680,27,120,47,15,243,18,71,11,393,118,25
20230328,서울특별시,11,중구,11140,서울특별시,11,송파구,11710,13,93,18,13,140,8,49,4,374,111,25
20230328,서울특별시,11,중구,11140,서울특별시,11,강동구,11740,12,52,20,0,78,4,21,6,179,67,10
20230328,서울특별시,11,서초구,11650,서울특별시,11,도봉구,11320,5,30,14,9,49,7,44,0,32,5,8
20230328,서울특별시,11,은평구,11380,서울특별시,11,강동구,11740,0,4,5,4,36,4,30,0,23,7,22
20230328,서울특별시,11,은평구,11380,서울특별시,11,송파구,11710,0,18,9,3,52,13,62,0,43,13,39
20230328,서울특별시,11,은평구,11380,서울특별시,11,강남구,11680,4,28,11,9,62,12,65,3,43,9,43
20230328,서울특별시,11,은평구,11380,서울특별시,11,서초구,11650,6,8,9,8,28,10,29,3,24,7,29
20230328,서울특별시,11,은평구,11380,서울특별시,11,관악구,11620,0,7,7,9,22,5,56,0,21,10,29
20230328,서울특별시,11,성동구,11200,서울특별시,11,강동구,11740,9,54,11,12,35,11,30,4,168,44,31
20230328,서울특별시,11,성동구,11200,서울특별시,11,송파구,11710,18,101,20,29,58,19,57,12,312,79,58
20230328,서울특별시,11,성동구,11200,서울특별시,11,강남구,11680,29,135,30,27,89,17,75,14,352,86,98
20230328,서울특별시,11,성동구,11200,서울특별시,11,서초구,11650,24,92,26,18,52,11,39,10,234,48,54
20230328,서울특별시,11,성동구,11200,서울특별시,11,관악구,11620,9,86,16,23,30,11,39,9,275,55,35
20230328,서울특별시,11,성동구,11200,서울특별시,11,동작구,11590,8,44,6,16,32,0,20,7,194,39,27
20230328,서울특별시,11,송파구,11710,서울특별시,11,강동구,11740,4,55,25,21,58,12,41,4,88,31,8
20230328,서울특별시,11,송파구,11710,서울특별시,11,송파구,11710,13,122,58,45,89,43,110,7,196,40,23
20230328,서울특별시,11,송파구,11710,서울특별시,11,강남구,11680,7,126,58,43,105,31,75,10,194,71,40
20230328,서울특별시,11,송파구,11710,서울특별시,11,서초구,11650,4,56,33,14,56,31,47,8,122,41,28
20230328,서울특별시,11,송파구,11710,서울특별시,11,관악구,11620,9,33,14,13,39,16,37,0,154,41,24
20230328,서울특별시,11,송파구,11710,서울특별시,11,동작구,11590,8,26,20,7,56,13,33,3,91,29,11
20230328,서울특별시,11,서초구,11650,서울특별시,11,종로구,11110,5,30,18,8,50,6,41,4,35,10,15
20230328,서울특별시,11,서초구,11650,서울특별시,11,중구,11140,0,46,16,13,53,6,59,3,49,19,17
20230328,서울특별시,11,서초구,11650,서울특별시,11,용산구,11170,11,41,19,37,70,6,95,5,66,18,17
20230328,서울특별시,11,서초구,11650,서울특별시,11,성동구,11200,10,73,51,19,96,11,52,9,118,40,26
20230328,서울특별시,11,서초구,11650,서울특별시,11,광진구,11215,12,40,29,15,76,15,40,8,61,12,20
20230328,서울특별시,11,강동구,11740,서울특별시,11,강남구,11680,43,89,24,26,88,9,87,4,60,24,16
20230328,서울특별시,11,강동구,11740,서울특별시,11,서초구,11650,29,48,15,11,48,5,67,0,36,23,8
20230328,서울특별시,11,강동구,11740,서울특별시,11,관악구,11620,26,28,4,7,38,0,45,3,32,7,9
20230328,서울특별시,11,강동구,11740,서울특별시,11,동작구,11590,27,28,4,9,33,3,41,0,31,14,9
20230328,서울특별시,11,강동구,11740,서울특별시,11,영등포구,11560,19,45,11,17,43,5,49,0,25,15,11
20230328,서울특별시,11,강동구,11740,서울특별시,11,금천구,11545,7,33,6,10,24,5,18,0,48,20,4
20230328,서울특별시,11,강동구,11740,서울특별시,11,구로구,11530,21,27,10,13,48,0,37,5,28,9,10
20230328,서울특별시,11,강동구,11740,서울특별시,11,강서구,11500,30,48,5,24,51,5,97,3,53,15,9
20230328,서울특별시,11,강동구,11740,서울특별시,11,양천구,11470,19,32,3,5,30,4,40,6,19,15,3
20230328,서울특별시,11,강동구,11740,서울특별시,11,마포구,11440,29,40,11,11,41,9,81,0,31,16,5
20230328,서울특별시,11,강동구,11740,서울특별시,11,서대문구,11410,19,17,6,13,33,3,29,0,14,10,4
20230328,서울특별시,11,강동구,11740,서울특별시,11,은평구,11380,19,21,0,5,25,7,55,0,19,10,4
20230328,서울특별시,11,강동구,11740,서울특별시,11,노원구,11350,26,28,8,15,56,5,38,3,20,17,3
20230328,서울특별시,11,강동구,11740,서울특별시,11,도봉구,11320,19,10,4,10,18,0,34,0,16,8,7
20230328,서울특별시,11,강동구,11740,서울특별시,11,강북구,11305,7,11,0,4,24,0,23,0,18,5,0
20230328,서울특별시,11,강동구,11740,서울특별시,11,성북구,11290,16,30,11,11,28,3,50,7,41,17,4
20230328,서울특별시,11,강동구,11740,서울특별시,11,중랑구,11260,18,19,11,7,23,0,38,7,24,12,0
20230328,서울특별시,11,강동구,11740,서울특별시,11,동대문구,11230,16,25,6,12,31,4,30,0,28,12,5
20230328,서울특별시,11,강동구,11740,서울특별시,11,광진구,11215,17,27,12,10,24,5,42,0,28,14,7
20230328,서울특별시,11,강동구,11740,서울특별시,11,성동구,11200,19,41,22,10,37,0,33,0,78,25,4
20230328,서울특별시,11,강동구,11740,서울특별시,11,용산구,11170,20,17,8,16,38,3,27,0,28,11,3
20230328,서울특별시,11,강동구,11740,서울특별시,11,중구,11140,8,17,7,7,23,0,34,0,26,7,0
20230328,서울특별시,11,강동구,11740,서울특별시,11,종로구,11110,7,15,9,0,18,0,27,0,15,8,4
20230328,서울특별시,11,성북구,11290,서울특별시,11,강동구,11740,8,61,10,15,27,4,35,13,274,95,9
20230328,서울특별시,11,성북구,11290,서울특별시,11,송파구,11710,8,73,8,26,58,21,102,30,430,160,30
20230328,서울특별시,11,성북구,11290,서울특별시,11,강남구,11680,16,99,15,28,58,20,92,14,429,143,32
20230328,서울특별시,11,성북구,11290,서울특별시,11,서초구,11650,11,60,14,19,28,16,50,20,287,89,16
20230328,서울특별시,11,성북구,11290,서울특별시,11,관악구,11620,8,64,17,21,32,8,52,20,379,123,13
20230328,서울특별시,11,성북구,11290,서울특별시,11,동작구,11590,13,46,10,19,22,4,38,17,268,79,17
20230328,서울특별시,11,성북구,11290,서울특별시,11,영등포구,11560,8,50,10,31,38,13,43,25,292,97,14
20230328,서울특별시,11,성북구,11290,서울특별시,11,금천구,11545,4,48,4,14,24,5,28,15,184,64,0
20230328,서울특별시,11,성북구,11290,서울특별시,11,구로구,11530,8,56,10,12,29,10,35,19,247,61,15
20230328,서울특별시,11,성북구,11290,서울특별시,11,강서구,11500,6,80,19,26,45,16,53,40,422,132,24
20230328,서울특별시,11,성북구,11290,서울특별시,11,양천구,11470,8,35,6,15,27,8,37,11,248,82,12
20230328,서울특별시,11,성북구,11290,서울특별시,11,마포구,11440,9,60,7,18,38,10,51,15,273,106,20
20230328,서울특별시,11,성북구,11290,서울특별시,11,서대문구,11410,6,35,12,15,25,8,41,7,207,58,19
20230328,서울특별시,11,성북구,11290,서울특별시,11,은평구,11380,5,61,12,27,37,9,47,23,309,63,18
20230328,서울특별시,11,성북구,11290,서울특별시,11,노원구,11350,4,52,15,26,25,6,49,13,339,95,27
20230328,서울특별시,11,성북구,11290,서울특별시,11,도봉구,11320,6,28,6,13,13,3,32,14,174,44,15
20230328,서울특별시,11,성북구,11290,서울특별시,11,강북구,11305,3,34,7,16,17,3,38,10,180,55,5
20230328,서울특별시,11,성북구,11290,서울특별시,11,성북구,11290,6,82,27,19,38,6,95,24,339,89,12
20230328,서울특별시,11,성북구,11290,서울특별시,11,중랑구,11260,6,50,13,12,42,3,42,12,242,65,16
20230328,서울특별시,11,성북구,11290,서울특별시,11,동대문구,11230,8,38,14,19,29,6,72,15,263,85,14
20230328,서울특별시,11,성북구,11290,서울특별시,11,광진구,11215,24,47,10,17,20,7,55,19,274,79,15
20230328,서울특별시,11,성북구,11290,서울특별시,11,성동구,11200,3,87,24,19,28,11,26,15,260,104,13
20230328,서울특별시,11,성북구,11290,서울특별시,11,용산구,11170,3,45,7,10,19,6,39,11,156,39,10
20230328,서울특별시,11,성북구,11290,서울특별시,11,중구,11140,9,41,9,10,23,6,41,8,139,35,5
20230328,서울특별시,11,성북구,11290,서울특별시,11,종로구,11110,5,24,8,7,15,6,27,4,107,40,7
20230328,서울특별시,11,서초구,11650,서울특별시,11,동대문구,11230,7,48,18,13,83,12,54,7,59,21,12
20230328,서울특별시,11,서초구,11650,서울특별시,11,중랑구,11260,6,33,18,7,89,10,48,4,48,14,14
20230328,서울특별시,11,송파구,11710,서울특별시,11,영등포구,11560,11,51,25,22,50,12,49,7,107,39,18
20230328,서울특별시,11,송파구,11710,서울특별시,11,금천구,11545,7,38,14,18,39,6,17,5,100,38,9
20230328,서울특별시,11,송파구,11710,서울특별시,11,구로구,11530,8,34,26,23,31,15,31,6,110,27,9
20230328,서울특별시,11,송파구,11710,서울특별시,11,강서구,11500,8,65,34,15,61,15,50,5,139,36,12
20230328,서울특별시,11,송파구,11710,서울특별시,11,양천구,11470,4,43,22,9,24,21,41,0,100,31,12
20230328,서울특별시,11,송파구,11710,서울특별시,11,마포구,11440,7,43,22,14,49,19,35,0,128,20,20
20230328,서울특별시,11,서초구,11650,서울특별시,11,노원구,11350,0,42,22,17,103,17,68,7,61,17,20
20230328,서울특별시,11,서초구,11650,서울특별시,11,은평구,11380,9,54,41,15,112,13,61,7,69,26,22
20230328,서울특별시,11,성동구,11200,서울특별시,11,영등포구,11560,9,73,17,18,53,7,37,10,167,41,29
20230328,서울특별시,11,성동구,11200,서울특별시,11,금천구,11545,7,51,8,22,19,8,25,4,119,25,13
20230329,서울특별시,11,성동구,11200,서울특별시,11,동작구,11590,6,46,17,19,33,8,36,10,180,35,19
20230329,서울특별시,11,성동구,11200,서울특별시,11,서초구,11650,13,73,30,21,51,11,40,7,203,56,37
20230329,서울특별시,11,성동구,11200,서울특별시,11,강남구,11680,20,135,39,32,89,14,76,14,369,102,59
20230329,서울특별시,11,성동구,11200,서울특별시,11,송파구,11710,18,105,33,26,62,13,63,12,319,73,36
20230329,서울특별시,11,성동구,11200,서울특별시,11,강동구,11740,7,59,26,21,41,6,30,4,174,42,26
20230329,서울특별시,11,동작구,11590,서울특별시,11,종로구,11110,0,7,9,4,12,5,16,3,27,0,4
20230329,서울특별시,11,동작구,11590,서울특별시,11,중구,11140,0,15,18,4,10,0,20,0,33,8,15
20230329,서울특별시,11,동작구,11590,서울특별시,11,용산구,11170,3,6,11,11,14,0,18,5,40,12,13
20230329,서울특별시,11,동작구,11590,서울특별시,11,성동구,11200,6,30,29,4,19,5,21,3,79,42,15
20230329,서울특별시,11,동작구,11590,서울특별시,11,광진구,11215,7,6,10,7,19,4,32,0,39,7,20
20230329,서울특별시,11,동작구,11590,서울특별시,11,동대문구,11230,0,7,19,9,22,0,16,3,42,19,5
20230329,서울특별시,11,동작구,11590,서울특별시,11,중랑구,11260,3,7,12,5,28,4,16,0,40,9,8
20230329,서울특별시,11,동작구,11590,서울특별시,11,성북구,11290,4,7,17,9,25,4,28,4,58,6,12
20230329,서울특별시,11,동작구,11590,서울특별시,11,강북구,11305,4,3,4,4,8,0,15,0,24,0,10
20230329,서울특별시,11,동작구,11590,서울특별시,11,도봉구,11320,4,8,11,8,14,3,16,0,25,0,9
20230329,서울특별시,11,동작구,11590,서울특별시,11,노원구,11350,0,7,11,11,36,6,29,7,49,7,13
20230329,서울특별시,11,동작구,11590,서울특별시,11,은평구,11380,4,12,13,7,36,4,20,4,29,12,6
20230329,서울특별시,11,동작구,11590,서울특별시,11,서대문구,11410,0,4,17,11,28,3,16,4,34,8,10
20230329,서울특별시,11,동작구,11590,서울특별시,11,마포구,11440,0,12,21,15,31,7,36,3,46,14,21
20230329,서울특별시,11,동작구,11590,서울특별시,11,양천구,11470,0,12,13,10,26,3,14,0,44,10,14
20230329,서울특별시,11,동작구,11590,서울특별시,11,강서구,11500,7,20,22,12,33,0,38,10,65,15,31
20230329,서울특별시,11,동작구,11590,서울특별시,11,구로구,11530,4,3,16,9,25,4,27,8,42,14,12
20230329,서울특별시,11,동작구,11590,서울특별시,11,금천구,11545,0,9,11,8,21,6,29,3,40,16,4
20230329,서울특별시,11,동작구,11590,서울특별시,11,영등포구,11560,7,22,26,17,28,0,32,0,43,22,17
20230329,서울특별시,11,동작구,11590,서울특별시,11,동작구,11590,0,9,47,6,24,6,49,0,48,16,13
20230329,서울특별시,11,동작구,11590,서울특별시,11,관악구,11620,6,13,36,8,43,5,39,0,48,15,23
20230329,서울특별시,11,동작구,11590,서울특별시,11,서초구,11650,9,18,32,16,32,9,41,6,50,7,20
20230329,서울특별시,11,동작구,11590,서울특별시,11,강남구,11680,23,25,35,13,38,9,43,3,57,19,24
20230329,서울특별시,11,동작구,11590,서울특별시,11,송파구,11710,7,18,30,11,45,10,49,8,60,17,35
20230329,서울특별시,11,동작구,11590,서울특별시,11,강동구,11740,0,5,13,8,39,4,18,13,29,18,6
20230329,서울특별시,11,강동구,11740,서울특별시,11,성동구,11200,9,40,20,6,33,6,35,4,59,28,4
20230329,서울특별시,11,강동구,11740,서울특별시,11,광진구,11215,8,20,6,10,30,7,35,0,26,18,10
20230329,서울특별시,11,강동구,11740,서울특별시,11,동대문구,11230,9,15,0,8,22,4,40,0,48,9,4
20230329,서울특별시,11,강동구,11740,서울특별시,11,중랑구,11260,8,19,4,7,22,0,37,0,25,7,5
20230329,서울특별시,11,강동구,11740,서울특별시,11,성북구,11290,7,25,4,6,40,3,57,0,41,20,4
20230329,서울특별시,11,강동구,11740,서울특별시,11,강북구,11305,3,12,0,9,15,0,19,0,15,5,4
20230329,서울특별시,11,강동구,11740,서울특별시,11,도봉구,11320,0,15,5,8,23,4,15,0,19,10,0
20230329,서울특별시,11,강동구,11740,서울특별시,11,노원구,11350,10,32,5,11,31,3,52,0,20,21,9
20230329,서울특별시,11,강동구,11740,서울특별시,11,은평구,11380,12,14,6,4,25,3,47,4,26,13,9
20230329,서울특별시,11,강동구,11740,서울특별시,11,서대문구,11410,7,15,8,9,25,3,25,0,20,18,4
20230329,서울특별시,11,강동구,11740,서울특별시,11,마포구,11440,16,27,5,18,36,0,97,3,36,20,7
20230329,서울특별시,11,강동구,11740,서울특별시,11,양천구,11470,5,30,8,9,29,6,38,0,22,14,5
20230329,서울특별시,11,강동구,11740,서울특별시,11,강서구,11500,15,55,7,15,44,13,67,4,48,24,12
20230329,서울특별시,11,강동구,11740,서울특별시,11,구로구,11530,10,22,7,9,34,3,28,0,26,8,14
20230329,서울특별시,11,강동구,11740,서울특별시,11,금천구,11545,5,36,5,11,24,0,32,0,38,15,5
20230329,서울특별시,11,강동구,11740,서울특별시,11,영등포구,11560,12,39,7,9,31,8,35,3,16,19,4
20230329,서울특별시,11,강동구,11740,서울특별시,11,동작구,11590,9,12,3,9,16,0,30,5,20,12,3
20230329,서울특별시,11,강동구,11740,서울특별시,11,관악구,11620,26,30,3,5,28,0,66,4,30,15,7
20230329,서울특별시,11,강동구,11740,서울특별시,11,서초구,11650,12,68,15,14,44,8,80,3,22,22,10
20230329,서울특별시,11,광진구,11215,서울특별시,11,종로구,11110,0,24,12,12,14,0,8,0,28,8,0
20230329,서울특별시,11,광진구,11215,서울특별시,11,중구,11140,3,33,15,21,27,0,10,4,56,17,0
20230329,서울특별시,11,광진구,11215,서울특별시,11,용산구,11170,0,16,5,19,18,3,5,0,50,24,3
20230329,서울특별시,11,광진구,11215,서울특별시,11,성동구,11200,7,59,13,25,21,0,17,6,123,62,7
20230329,서울특별시,11,광진구,11215,서울특별시,11,광진구,11215,8,37,11,20,32,6,40,0,77,32,7
20230329,서울특별시,11,광진구,11215,서울특별시,11,동대문구,11230,4,23,4,11,30,4,10,0,75,37,3
20230329,서울특별시,11,광진구,11215,서울특별시,11,중랑구,11260,3,22,8,15,24,5,12,0,78,30,0
20230329,서울특별시,11,광진구,11215,서울특별시,11,성북구,11290,11,24,14,15,44,7,10,9,87,46,6
20230329,서울특별시,11,광진구,11215,서울특별시,11,강북구,11305,4,23,6,8,15,0,7,0,49,16,3
20230329,서울특별시,11,광진구,11215,서울특별시,11,도봉구,11320,0,13,3,6,24,3,0,0,50,18,3
20230329,서울특별시,11,광진구,11215,서울특별시,11,노원구,11350,7,41,11,37,42,5,10,0,85,33,4
20230329,서울특별시,11,광진구,11215,서울특별시,11,은평구,11380,5,26,3,10,46,4,11,5,73,31,0
20230329,서울특별시,11,광진구,11215,서울특별시,11,서대문구,11410,0,24,11,6,30,8,8,3,64,37,5
20230329,서울특별시,11,광진구,11215,서울특별시,11,마포구,11440,14,36,18,26,38,6,10,0,70,29,8
20230329,서울특별시,11,광진구,11215,서울특별시,11,양천구,11470,5,23,11,7,25,0,9,7,74,27,6
20230329,서울특별시,11,광진구,11215,서울특별시,11,강서구,11500,13,37,16,43,43,11,10,11,136,51,5
20230329,서울특별시,11,광진구,11215,서울특별시,11,구로구,11530,4,18,11,25,37,3,9,7,67,37,4
20230329,서울특별시,11,광진구,11215,서울특별시,11,금천구,11545,0,21,0,10,24,6,3,0,60,28,0
20230329,서울특별시,11,광진구,11215,서울특별시,11,영등포구,11560,0,34,18,17,39,7,11,5,80,36,4
20230329,서울특별시,11,광진구,11215,서울특별시,11,동작구,11590,4,17,8,17,27,4,11,4,77,23,4
20230329,서울특별시,11,광진구,11215,서울특별시,11,관악구,11620,8,29,9,25,45,5,11,4,124,45,4
20230329,서울특별시,11,광진구,11215,서울특별시,11,서초구,11650,3,28,26,16,37,6,10,0,80,28,8
20230329,서울특별시,11,광진구,11215,서울특별시,11,강남구,11680,8,58,27,46,71,10,25,9,130,53,10
20230329,서울특별시,11,광진구,11215,서울특별시,11,송파구,11710,10,50,11,35,52,8,25,6,107,45,7
20230329,서울특별시,11,광진구,11215,서울특별시,11,강동구,11740,5,22,8,22,33,3,17,6,90,31,7
20230329,서울특별시,11,서대문구,11410,서울특별시,11,노원구,11350,6,15,13,27,37,12,12,18,48,36,117
20230329,서울특별시,11,서대문구,11410,서울특별시,11,은평구,11380,4,23,7,42,40,8,4,19,62,24,38
20230329,서울특별시,11,서대문구,11410,서울특별시,11,서대문구,11410,6,17,11,26,34,15,26,15,41,26,40
20230329,서울특별시,11,서대문구,11410,서울특별시,11,마포구,11440,10,21,18,23,53,6,10,10,76,29,42
20230329,서울특별시,11,서대문구,11410,서울특별시,11,양천구,11470,3,24,10,26,27,10,3,9,37,28,33
20230329,서울특별시,11,서대문구,11410,서울특별시,11,강서구,11500,11,37,15,41,50,6,14,13,97,39,49
20230329,서울특별시,11,서대문구,11410,서울특별시,11,구로구,11530,6,18,11,41,28,13,10,29,42,40,38
20230329,서울특별시,11,서대문구,11410,서울특별시,11,금천구,11545,0,20,12,19,26,7,6,4,42,26,118
20230329,서울특별시,11,서대문구,11410,서울특별시,11,영등포구,11560,3,26,8,25,63,14,7,3,67,28,37
20230329,서울특별시,11,서대문구,11410,서울특별시,11,동작구,11590,5,21,6,22,38,6,4,15,55,24,35
20230329,서울특별시,11,서대문구,11410,서울특별시,11,관악구,11620,5,18,12,39,35,15,7,10,61,33,85
20230329,서울특별시,11,서대문구,11410,서울특별시,11,서초구,11650,11,17,11,31,39,14,23,10,54,34,37
20230329,서울특별시,11,서대문구,11410,서울특별시,11,강남구,11680,11,32,21,38,52,15,47,14,72,54,70
20230329,서울특별시,11,서대문구,11410,서울특별시,11,송파구,11710,16,43,16,40,59,18,20,25,99,53,56
20230329,서울특별시,11,서대문구,11410,서울특별시,11,강동구,11740,4,18,12,26,32,11,8,5,47,33,120
20230329,서울특별시,11,용산구,11170,서울특별시,11,강동구,11740,5,53,4,153,21,0,13,3,72,20,7
20230329,서울특별시,11,용산구,11170,서울특별시,11,송파구,11710,4,52,17,335,63,7,42,6,112,33,10
20230329,서울특별시,11,용산구,11170,서울특별시,11,강남구,11680,8,84,11,494,73,8,38,5,145,30,14
20230329,서울특별시,11,용산구,11170,서울특별시,11,서초구,11650,5,44,9,321,37,4,33,4,92,19,9
20230329,서울특별시,11,용산구,11170,서울특별시,11,관악구,11620,7,45,7,232,37,8,25,0,89,12,5
20230329,서울특별시,11,용산구,11170,서울특별시,11,동작구,11590,3,25,8,125,20,17,18,0,69,11,4
20230329,서울특별시,11,용산구,11170,서울특별시,11,영등포구,11560,4,44,13,262,27,5,32,6,77,13,9
20230329,서울특별시,11,용산구,11170,서울특별시,11,금천구,11545,3,24,7,225,23,0,20,0,28,11,4
20230329,서울특별시,11,용산구,11170,서울특별시,11,구로구,11530,4,32,9,206,22,9,14,3,67,23,11
20230329,서울특별시,11,용산구,11170,서울특별시,11,강서구,11500,4,49,20,271,54,10,42,5,114,43,23
20230329,서울특별시,11,은평구,11380,서울특별시,11,강동구,11740,6,4,11,4,35,10,44,0,26,11,35
20230329,서울특별시,11,은평구,11380,서울특별시,11,송파구,11710,0,15,7,3,71,11,56,6,48,23,47
20230329,서울특별시,11,은평구,11380,서울특별시,11,강남구,11680,3,34,14,6,59,10,39,0,45,10,39
20230329,서울특별시,11,은평구,11380,서울특별시,11,서초구,11650,0,15,4,5,54,7,31,0,29,9,29
20230329,서울특별시,11,은평구,11380,서울특별시,11,관악구,11620,4,10,8,0,41,0,35,0,30,9,26
20230329,서울특별시,11,은평구,11380,서울특별시,11,동작구,11590,0,6,6,4,22,3,32,3,27,7,28
20230329,서울특별시,11,은평구,11380,서울특별시,11,영등포구,11560,4,11,3,6,44,11,36,3,23,9,26
20230329,서울특별시,11,은평구,11380,서울특별시,11,금천구,11545,0,6,3,6,14,0,23,0,37,19,19
20230329,서울특별시,11,은평구,11380,서울특별시,11,구로구,11530,0,7,9,4,24,5,46,0,35,6,27
20230329,서울특별시,11,은평구,11380,서울특별시,11,강서구,11500,5,19,13,4,69,14,38,3,54,16,44
20230329,서울특별시,11,은평구,11380,서울특별시,11,양천구,11470,0,14,6,0,33,6,32,0,21,14,26
20230329,서울특별시,11,은평구,11380,서울특별시,11,마포구,11440,3,7,12,5,27,11,32,0,23,10,19
20230329,서울특별시,11,은평구,11380,서울특별시,11,서대문구,11410,0,6,6,6,26,3,17,0,22,6,19
20230329,서울특별시,11,은평구,11380,서울특별시,11,은평구,11380,0,27,10,0,43,4,57,3,23,11,26
20230329,서울특별시,11,은평구,11380,서울특별시,11,노원구,11350,0,7,8,0,34,8,34,4,24,7,18
20230329,서울특별시,11,은평구,11380,서울특별시,11,도봉구,11320,0,5,4,0,28,3,26,0,31,15,22
20230329,서울특별시,11,은평구,11380,서울특별시,11,강북구,11305,0,7,6,0,19,3,21,3,9,8,17
20230329,서울특별시,11,은평구,11380,서울특별시,11,성북구,11290,0,12,4,4,35,0,35,4,44,8,33
20230329,서울특별시,11,은평구,11380,서울특별시,11,중랑구,11260,0,5,4,5,26,0,19,3,19,7,20
20230329,서울특별시,11,은평구,11380,서울특별시,11,동대문구,11230,0,5,8,6,28,4,28,0,32,7,17
20230329,서울특별시,11,은평구,11380,서울특별시,11,광진구,11215,0,6,3,0,26,4,18,0,21,9,26
20230329,서울특별시,11,은평구,11380,서울특별시,11,성동구,11200,0,19,19,0,24,5,17,0,52,19,28
20230329,서울특별시,11,은평구,11380,서울특별시,11,용산구,11170,0,4,5,3,19,6,22,0,19,3,14
20230329,서울특별시,11,은평구,11380,서울특별시,11,중구,11140,0,11,7,6,9,0,16,0,22,13,7
20230329,서울특별시,11,은평구,11380,서울특별시,11,종로구,11110,0,6,7,3,18,0,14,0,16,4,7
20230329,서울특별시,11,금천구,11545,서울특별시,11,노원구,11350,9,50,13,42,47,12,37,16,135,45,177
20230329,서울특별시,11,금천구,11545,서울특별시,11,은평구,11380,22,42,15,46,35,15,24,17,118,61,147
20230329,서울특별시,11,금천구,11545,서울특별시,11,서대문구,11410,10,29,10,38,37,13,28,8,92,56,111
20230329,서울특별시,11,금천구,11545,서울특별시,11,마포구,11440,10,66,32,54,60,22,30,15,128,66,127
20230329,서울특별시,11,금천구,11545,서울특별시,11,양천구,11470,13,41,33,46,44,12,38,24,138,75,160
20230329,서울특별시,11,금천구,11545,서울특별시,11,강서구,11500,16,76,24,60,60,21,55,14,201,95,185
20230329,서울특별시,11,금천구,11545,서울특별시,11,구로구,11530,16,43,16,46,57,15,51,23,131,74,160
20230329,서울특별시,11,금천구,11545,서울특별시,11,금천구,11545,13,47,18,42,34,13,41,5,84,50,73
20230329,서울특별시,11,금천구,11545,서울특별시,11,영등포구,11560,9,54,85,49,47,29,48,11,124,87,126
20230329,서울특별시,11,금천구,11545,서울특별시,11,동작구,11590,9,40,19,37,40,11,31,19,125,62,98
20230329,서울특별시,11,금천구,11545,서울특별시,11,관악구,11620,21,44,24,50,39,10,55,8,155,67,146
20230329,서울특별시,11,금천구,11545,서울특별시,11,서초구,11650,8,78,59,59,65,19,43,19,149,66,135
20230329,서울특별시,11,금천구,11545,서울특별시,11,강남구,11680,33,119,29,91,101,31,84,23,201,134,243
20230329,서울특별시,11,금천구,11545,서울특별시,11,송파구,11710,19,93,21,89,69,23,68,23,204,105,239
20230329,서울특별시,11,금천구,11545,서울특별시,11,강동구,11740,16,41,9,27,33,15,35,16,131,89,150
20230329,서울특별시,11,종로구,11110,서울특별시,11,은평구,11380,6,27,9,11,30,4,18,0,102,34,8
20230329,서울특별시,11,서초구,11650,서울특별시,11,강동구,11740,7,39,26,15,70,11,41,0,46,26,14
20230329,서울특별시,11,서초구,11650,서울특별시,11,송파구,11710,12,88,59,30,135,8,77,8,92,39,39
20230329,서울특별시,11,서초구,11650,서울특별시,11,강남구,11680,20,178,79,42,130,20,121,3,144,56,53
20230329,서울특별시,11,서초구,11650,서울특별시,11,서초구,11650,27,134,72,34,133,15,297,7,149,53,40
20230329,서울특별시,11,서초구,11650,서울특별시,11,관악구,11620,10,50,33,20,75,8,51,3,54,20,27
20230329,서울특별시,11,서초구,11650,서울특별시,11,동작구,11590,3,53,33,12,64,8,45,3,36,21,22
20230329,서울특별시,11,서초구,11650,서울특별시,11,영등포구,11560,14,53,21,24,84,7,39,0,56,19,17
20230329,서울특별시,11,서초구,11650,서울특별시,11,금천구,11545,7,29,26,16,30,3,25,0,51,15,20
20230329,서울특별시,11,서초구,11650,서울특별시,11,구로구,11530,8,27,23,18,50,8,41,4,33,15,24
20230329,서울특별시,11,서초구,11650,서울특별시,11,강서구,11500,13,51,34,28,91,6,57,7,68,29,30
20230329,서울특별시,11,서초구,11650,서울특별시,11,양천구,11470,6,34,30,11,44,4,51,4,47,18,20
20230329,서울특별시,11,서초구,11650,서울특별시,11,마포구,11440,11,48,51,20,62,8,51,4,57,22,26
20230329,서울특별시,11,구로구,11530,서울특별시,11,강동구,11740,8,69,31,18,46,16,14,0,89,34,21
20230329,서울특별시,11,구로구,11530,서울특별시,11,송파구,11710,10,97,40,35,57,20,21,16,132,42,32
20230329,서울특별시,11,구로구,11530,서울특별시,11,강남구,11680,23,124,40,42,72,9,32,5,115,39,34
20230329,서울특별시,11,구로구,11530,서울특별시,11,서초구,11650,8,71,31,31,77,15,22,3,94,19,17
20230329,서울특별시,11,구로구,11530,서울특별시,11,관악구,11620,13,90,54,36,33,11,12,0,104,44,19
20230329,서울특별시,11,종로구,11110,서울특별시,11,금천구,11545,5,27,9,10,19,0,9,3,79,62,5
20230329,서울특별시,11,종로구,11110,서울특별시,11,구로구,11530,6,32,27,13,24,5,10,3,95,77,11
20230329,서울특별시,11,종로구,11110,서울특별시,11,강서구,11500,12,50,26,17,29,4,14,6,141,98,12
20230329,서울특별시,11,종로구,11110,서울특별시,11,양천구,11470,6,32,13,12,31,0,10,0,92,91,5
20230329,서울특별시,11,종로구,11110,서울특별시,11,마포구,11440,10,48,31,13,28,3,19,8,159,65,12
20230329,서울특별시,11,종로구,11110,서울특별시,11,서대문구,11410,4,29,15,20,27,0,12,3,96,50,10
20230329,서울특별시,11,종로구,11110,서울특별시,11,종로구,11110,4,27,52,0,20,0,33,0,73,11,0
20230329,서울특별시,11,종로구,11110,서울특별시,11,중구,11140,12,42,35,13,20,0,15,0,72,20,7
20230329,서울특별시,11,강동구,11740,서울특별시,11,강남구,11680,16,88,11,19,65,11,103,6,50,34,11
20230329,서울특별시,11,강동구,11740,서울특별시,11,송파구,11710,12,79,12,15,58,14,64,4,55,26,6
20230329,서울특별시,11,강동구,11740,서울특별시,11,강동구,11740,6,48,16,7,22,5,54,5,47,33,12
20230329,서울특별시,11,종로구,11110,서울특별시,11,용산구,11170,7,33,14,14,24,0,8,5,94,48,3
20230329,서울특별시,11,종로구,11110,서울특별시,11,성동구,11200,5,47,19,15,25,0,14,5,151,83,8
20230329,서울특별시,11,종로구,11110,서울특별시,11,광진구,11215,3,24,9,8,21,0,8,0,115,77,8
20230329,서울특별시,11,종로구,11110,서울특별시,11,동대문구,11230,8,28,20,8,20,0,7,4,119,64,11
20230329,서울특별시,11,서초구,11650,서울특별시,11,서대문구,11410,7,36,41,14,49,9,25,0,36,16,19
20230329,서울특별시,11,도봉구,11320,서울특별시,11,종로구,11110,0,14,5,11,9,3,13,0,29,6,0
20230329,서울특별시,11,도봉구,11320,서울특별시,11,중구,11140,3,8,4,13,16,0,6,0,25,3,4
20230329,서울특별시,11,도봉구,11320,서울특별시,11,용산구,11170,0,3,4,19,24,3,7,0,30,7,5
20230329,서울특별시,11,도봉구,11320,서울특별시,11,성동구,11200,7,24,14,21,20,7,12,4,49,18,3
20230329,서울특별시,11,도봉구,11320,서울특별시,11,광진구,11215,5,12,0,18,16,5,7,3,48,19,10
20230329,서울특별시,11,서초구,11650,서울특별시,11,은평구,11380,0,26,30,16,62,8,41,7,49,31,24
20230329,서울특별시,11,서초구,11650,서울특별시,11,노원구,11350,10,43,31,13,72,12,43,8,55,13,26
20230329,서울특별시,11,서초구,11650,서울특별시,11,도봉구,11320,5,19,20,8,28,3,27,0,39,10,10
20230329,서울특별시,11,서초구,11650,서울특별시,11,강북구,11305,4,20,10,7,27,0,31,0,29,14,12
20230329,서울특별시,11,서초구,11650,서울특별시,11,성북구,11290,9,43,26,14,60,8,31,5,73,16,18
20230329,서울특별시,11,서초구,11650,서울특별시,11,중랑구,11260,10,27,17,12,69,5,26,3,58,15,19
20230329,서울특별시,11,서초구,11650,서울특별시,11,동대문구,11230,4,32,22,14,52,6,28,6,51,12,14
20230329,서울특별시,11,서초구,11650,서울특별시,11,광진구,11215,5,47,23,14,64,0,34,3,46,14,20
20230329,서울특별시,11,서초구,11650,서울특별시,11,성동구,11200,5,48,35,19,54,5,32,5,79,35,18
20230329,서울특별시,11,서초구,11650,서울특별시,11,용산구,11170,8,48,26,14,47,10,50,0,58,17,17
20230329,서울특별시,11,서초구,11650,서울특별시,11,중구,11140,6,39,20,12,27,10,38,0,44,16,15
20230329,서울특별시,11,서초구,11650,서울특별시,11,종로구,11110,3,30,24,10,41,5,23,0,37,11,12
20230329,서울특별시,11,영등포구,11560,서울특별시,11,서초구,11650,4,107,25,31,41,4,45,5,72,28,17
20230329,서울특별시,11,영등포구,11560,서울특별시,11,강남구,11680,13,190,39,43,68,3,64,5,118,47,31
20230329,서울특별시,11,종로구,11110,서울특별시,11,중랑구,11260,7,22,5,13,18,0,8,11,83,22,8
20230329,서울특별시,11,종로구,11110,서울특별시,11,성북구,11290,8,38,21,13,27,0,16,11,113,69,14
20230329,서울특별시,11,도봉구,11320,서울특별시,11,동대문구,11230,3,9,3,24,17,3,13,0,57,14,0
20230329,서울특별시,11,도봉구,11320,서울특별시,11,중랑구,11260,0,13,0,16,18,3,5,4,49,15,8
20230329,서울특별시,11,도봉구,11320,서울특별시,11,성북구,11290,6,16,0,21,17,5,10,3,83,15,3
20230329,서울특별시,11,도봉구,11320,서울특별시,11,강북구,11305,0,6,3,18,14,6,5,0,46,5,0
20230329,서울특별시,11,도봉구,11320,서울특별시,11,도봉구,11320,0,14,6,19,20,5,17,5,63,10,6
20230329,서울특별시,11,도봉구,11320,서울특별시,11,노원구,11350,11,15,14,25,34,6,7,0,73,16,6
20230329,서울특별시,11,도봉구,11320,서울특별시,11,은평구,11380,6,6,6,17,19,8,12,0,52,12,4
20230329,서울특별시,11,도봉구,11320,서울특별시,11,서대문구,11410,0,9,0,13,13,6,6,3,43,16,0
20230329,서울특별시,11,도봉구,11320,서울특별시,11,마포구,11440,0,14,3,24,37,7,13,6,48,10,6
20230329,서울특별시,11,도봉구,11320,서울특별시,11,양천구,11470,3,17,3,17,33,3,10,0,51,22,3
20230329,서울특별시,11,도봉구,11320,서울특별시,11,강서구,11500,5,11,8,34,30,6,15,0,92,30,6
20230329,서울특별시,11,도봉구,11320,서울특별시,11,구로구,11530,4,14,3,13,21,6,7,0,65,19,5
20230329,서울특별시,11,도봉구,11320,서울특별시,11,금천구,11545,0,8,3,13,12,3,8,0,40,12,7
20230329,서울특별시,11,도봉구,11320,서울특별시,11,영등포구,11560,3,16,0,19,16,6,15,4,45,24,8
20230329,서울특별시,11,도봉구,11320,서울특별시,11,동작구,11590,6,10,0,21,19,7,11,3,52,13,0
20230329,서울특별시,11,도봉구,11320,서울특별시,11,관악구,11620,8,12,4,23,30,6,16,6,64,19,4
20230329,서울특별시,11,도봉구,11320,서울특별시,11,서초구,11650,0,10,6,24,39,8,22,0,56,20,6
20230329,서울특별시,11,도봉구,11320,서울특별시,11,강남구,11680,8,23,3,30,59,15,30,3,94,33,5
20230329,서울특별시,11,도봉구,11320,서울특별시,11,송파구,11710,6,16,4,20,47,11,29,0,88,20,7
20230329,서울특별시,11,도봉구,11320,서울특별시,11,강동구,11740,6,14,3,18,19,5,8,0,65,26,9
20230329,서울특별시,11,영등포구,11560,서울특별시,11,송파구,11710,5,116,29,47,45,9,47,5,87,67,45
20230329,서울특별시,11,영등포구,11560,서울특별시,11,강동구,11740,6,71,16,25,39,4,22,0,45,38,28
20230329,서울특별시,11,관악구,11620,서울특별시,11,종로구,11110,0,5,23,7,17,0,8,0,30,13,5
20230329,서울특별시,11,관악구,11620,서울특별시,11,중구,11140,11,11,16,8,13,0,7,0,48,8,3
20230329,서울특별시,11,관악구,11620,서울특별시,11,용산구,11170,4,7,8,10,15,0,7,0,40,4,3
20230329,서울특별시,11,관악구,11620,서울특별시,11,성동구,11200,0,26,35,6,31,0,10,3,97,38,7
20230329,서울특별시,11,관악구,11620,서울특별시,11,광진구,11215,0,6,15,4,24,0,8,0,43,20,3
20230329,서울특별시,11,관악구,11620,서울특별시,11,동대문구,11230,0,11,35,4,17,0,9,0,55,14,6
20230329,서울특별시,11,관악구,11620,서울특별시,11,중랑구,11260,0,17,11,7,17,0,7,0,36,17,8
20230329,서울특별시,11,관악구,11620,서울특별시,11,성북구,11290,0,17,33,10,30,0,9,0,79,21,6
20230329,서울특별시,11,관악구,11620,서울특별시,11,강북구,11305,0,8,11,8,9,0,5,0,32,15,3
20230329,서울특별시,11,관악구,11620,서울특별시,11,도봉구,11320,0,9,7,4,14,0,8,0,29,12,0
20230329,서울특별시,11,관악구,11620,서울특별시,11,노원구,11350,3,13,19,7,25,4,8,0,40,18,4
20230329,서울특별시,11,관악구,11620,서울특별시,11,은평구,11380,5,10,24,6,24,0,9,4,44,17,6
20230329,서울특별시,11,관악구,11620,서울특별시,11,서대문구,11410,0,8,30,6,18,0,11,0,28,13,8
20230329,서울특별시,11,관악구,11620,서울특별시,11,마포구,11440,5,14,34,14,27,3,12,0,43,25,7
20230329,서울특별시,11,관악구,11620,서울특별시,11,양천구,11470,0,16,19,0,23,0,14,0,46,26,5
20230329,서울특별시,11,관악구,11620,서울특별시,11,강서구,11500,0,16,10,16,35,4,13,4,90,43,9
20230329,서울특별시,11,강남구,11680,서울특별시,11,종로구,11110,11,61,19,11,37,4,47,6,137,41,28
20230329,서울특별시,11,강남구,11680,서울특별시,11,중구,11140,10,117,34,18,36,8,37,5,169,45,25
20230329,서울특별시,11,강남구,11680,서울특별시,11,용산구,11170,12,84,30,51,55,13,53,5,196,49,31
20230329,서울특별시,11,강남구,11680,서울특별시,11,성동구,11200,10,111,58,19,67,9,65,8,310,106,50
20230329,서울특별시,11,강남구,11680,서울특별시,11,광진구,11215,11,101,30,17,44,6,48,7,258,61,44
20230329,서울특별시,11,강남구,11680,서울특별시,11,동대문구,11230,9,61,18,12,46,3,65,14,308,75,47
20230329,서울특별시,11,강남구,11680,서울특별시,11,중랑구,11260,4,67,20,11,38,8,41,14,238,55,43
20230329,서울특별시,11,강남구,11680,서울특별시,11,성북구,11290,12,77,19,24,61,7,71,12,345,72,45
20230329,서울특별시,11,강남구,11680,서울특별시,11,강북구,11305,7,53,17,9,39,9,34,7,175,58,30
20230329,서울특별시,11,강남구,11680,서울특별시,11,도봉구,11320,6,44,16,11,30,5,30,3,188,53,28
20230329,서울특별시,11,강남구,11680,서울특별시,11,노원구,11350,13,64,19,28,52,8,73,14,311,68,58
20230329,서울특별시,11,강남구,11680,서울특별시,11,은평구,11380,15,90,27,32,55,8,67,8,269,67,54
20230329,서울특별시,11,종로구,11110,서울특별시,11,강북구,11305,4,17,8,7,8,0,12,3,73,55,4
20230329,서울특별시,11,종로구,11110,서울특별시,11,도봉구,11320,0,22,14,6,19,0,4,0,67,55,5
20230329,서울특별시,11,종로구,11110,서울특별시,11,노원구,11350,5,28,18,14,40,0,18,4,111,73,9
20230329,서울특별시,11,성북구,11290,서울특별시,11,영등포구,11560,6,49,13,19,21,8,48,8,262,115,14
20230329,서울특별시,11,성북구,11290,서울특별시,11,금천구,11545,7,28,3,17,18,7,25,7,151,65,5
20230329,서울특별시,11,성북구,11290,서울특별시,11,구로구,11530,8,43,12,14,28,8,42,15,195,74,3
20230329,서울특별시,11,성북구,11290,서울특별시,11,강서구,11500,5,58,18,26,34,17,68,18,402,130,13
20230329,서울특별시,11,성북구,11290,서울특별시,11,양천구,11470,7,46,8,17,27,6,40,13,215,79,7
20230329,서울특별시,11,성북구,11290,서울특별시,11,마포구,11440,4,56,7,19,28,11,49,10,245,90,9
20230329,서울특별시,11,성북구,11290,서울특별시,11,서대문구,11410,9,25,7,15,26,3,31,10,215,71,4
20230329,서울특별시,11,성북구,11290,서울특별시,11,은평구,11380,7,32,13,20,23,11,40,12,280,82,11
20230329,서울특별시,11,중구,11140,서울특별시,11,강동구,11740,6,49,12,7,55,3,23,3,197,72,5
20230329,서울특별시,11,중구,11140,서울특별시,11,송파구,11710,14,73,23,8,124,13,42,7,352,88,17
20230329,서울특별시,11,중구,11140,서울특별시,11,강남구,11680,25,115,73,28,253,18,85,8,348,104,34
20230329,서울특별시,11,중구,11140,서울특별시,11,서초구,11650,13,74,38,10,100,9,35,6,257,63,19
20230329,서울특별시,11,중구,11140,서울특별시,11,관악구,11620,6,59,10,8,64,8,42,5,257,58,11
20230329,서울특별시,11,중구,11140,서울특별시,11,동작구,11590,7,46,12,4,59,4,18,6,187,42,7
20230329,서울특별시,11,중구,11140,서울특별시,11,영등포구,11560,12,78,28,25,84,5,46,3,223,43,21
20230329,서울특별시,11,중구,11140,서울특별시,11,금천구,11545,5,25,5,7,65,0,14,3,108,32,7
20230329,서울특별시,11,중구,11140,서울특별시,11,구로구,11530,10,54,11,4,66,4,20,5,168,50,9
20230329,서울특별시,11,중구,11140,서울특별시,11,강서구,11500,14,69,37,17,97,10,34,4,275,81,24
20230329,서울특별시,11,중구,11140,서울특별시,11,양천구,11470,7,51,7,5,49,7,27,6,166,47,9
20230329,서울특별시,11,중구,11140,서울특별시,11,마포구,11440,22,92,29,12,131,19,48,6,208,63,18
20230329,서울특별시,11,중구,11140,서울특별시,11,서대문구,11410,5,52,13,4,57,5,31,4,164,38,11
20230329,서울특별시,11,중구,11140,서울특별시,11,은평구,11380,11,59,6,3,53,7,33,0,161,61,10
20230329,서울특별시,11,중구,11140,서울특별시,11,노원구,11350,5,41,9,8,62,6,30,10,188,61,15
20230329,서울특별시,11,중구,11140,서울특별시,11,도봉구,11320,0,21,5,5,50,0,19,5,118,36,5
20230329,서울특별시,11,중구,11140,서울특별시,11,강북구,11305,6,34,7,11,25,6,19,5,121,35,6
20230329,서울특별시,11,중구,11140,서울특별시,11,성북구,11290,16,59,20,4,53,8,38,14,213,65,9
20230329,서울특별시,11,중구,11140,서울특별시,11,중랑구,11260,10,43,9,6,54,15,18,10,159,42,5
20230329,서울특별시,11,중구,11140,서울특별시,11,동대문구,11230,0,60,14,4,46,9,25,6,175,37,8
20230329,서울특별시,11,중구,11140,서울특별시,11,광진구,11215,6,38,7,5,58,5,30,0,176,59,10
20230329,서울특별시,11,중구,11140,서울특별시,11,성동구,11200,9,82,23,11,71,5,29,3,234,67,9
20230329,서울특별시,11,중구,11140,서울특별시,11,용산구,11170,5,69,22,9,52,5,17,5,136,51,9
20230329,서울특별시,11,중구,11140,서울특별시,11,중구,11140,11,83,39,5,84,6,56,13,145,37,13
20230329,서울특별시,11,중구,11140,서울특별시,11,종로구,11110,13,58,34,5,66,5,15,3,93,26,9
20230329,서울특별시,11,강남구,11680,서울특별시,11,서대문구,11410,6,103,25,24,45,14,49,11,241,57,42
20230329,서울특별시,11,강남구,11680,서울특별시,11,마포구,11440,21,143,53,36,70,14,83,9,286,76,70
20230329,서울특별시,11,강남구,11680,서울특별시,11,양천구,11470,14,96,20,22,62,10,54,6,249,62,43
20230329,서울특별시,11,강남구,11680,서울특별시,11,강서구,11500,21,128,43,24,85,16,95,20,394,77,79
20230329,서울특별시,11,강남구,11680,서울특별시,11,구로구,11530,11,67,23,24,52,3,62,15,237,56,46
20230329,서울특별시,11,강남구,11680,서울특별시,11,금천구,11545,7,72,25,24,26,11,34,13,226,51,34
20230329,서울특별시,11,강남구,11680,서울특별시,11,영등포구,11560,14,129,43,24,86,17,87,12,272,93,60
20230329,서울특별시,11,강남구,11680,서울특별시,11,동작구,11590,11,72,25,20,48,9,48,10,311,66,61
20230329,서울특별시,11,강남구,11680,서울특별시,11,관악구,11620,16,147,28,18,59,6,90,10,435,87,64
20230329,서울특별시,11,강남구,11680,서울특별시,11,서초구,11650,25,219,74,37,114,18,131,15,334,84,169
20230329,서울특별시,11,강남구,11680,서울특별시,11,강남구,11680,37,378,148,92,223,29,208,20,554,171,251
20230329,서울특별시,11,강남구,11680,서울특별시,11,송파구,11710,23,195,109,65,129,23,133,19,457,115,234
20230329,서울특별시,11,강남구,11680,서울특별시,11,강동구,11740,12,127,24,16,51,16,69,11,280,77,42
20230329,서울특별시,11,관악구,11620,서울특별시,11,구로구,11530,0,17,15,12,20,0,3,5,42,20,5
20230329,서울특별시,11,관악구,11620,서울특별시,11,금천구,11545,0,25,15,6,29,4,25,5,55,14,65
20230329,서울특별시,11,관악구,11620,서울특별시,11,영등포구,11560,5,21,28,12,32,0,10,0,36,26,9
20230329,서울특별시,11,관악구,11620,서울특별시,11,동작구,11590,0,22,27,9,29,4,17,0,52,25,96
20230329,서울특별시,11,관악구,11620,서울특별시,11,관악구,11620,3,33,43,7,40,0,40,0,56,29,119
20230329,서울특별시,11,관악구,11620,서울특별시,11,서초구,11650,0,24,33,15,36,0,14,3,47,21,9
20230329,서울특별시,11,관악구,11620,서울특별시,11,강남구,11680,7,37,44,16,58,3,17,0,65,39,13
20230329,서울특별시,11,관악구,11620,서울특별시,11,송파구,11710,10,18,37,11,29,5,13,0,68,27,16
20230329,서울특별시,11,관악구,11620,서울특별시,11,강동구,11740,0,17,25,4,25,4,9,3,44,26,15
20230329,서울특별시,11,서대문구,11410,서울특별시,11,광진구,11215,4,21,10,16,25,10,17,5,54,25,29
20230329,서울특별시,11,성북구,11290,서울특별시,11,노원구,11350,7,44,10,11,31,13,42,8,276,88,13
20230329,서울특별시,11,성북구,11290,서울특별시,11,도봉구,11320,4,30,6,5,20,3,27,7,167,51,5
20230329,서울특별시,11,성북구,11290,서울특별시,11,강북구,11305,5,30,11,4,13,8,18,6,175,46,4
20230329,서울특별시,11,성북구,11290,서울특별시,11,성북구,11290,9,49,21,15,15,4,49,9,285,112,4
20230329,서울특별시,11,성북구,11290,서울특별시,11,중랑구,11260,7,39,9,8,12,0,53,10,240,75,4
20230329,서울특별시,11,성북구,11290,서울특별시,11,동대문구,11230,5,34,14,14,28,0,32,9,226,80,13
20230329,서울특별시,11,성북구,11290,서울특별시,11,광진구,11215,9,41,6,18,15,9,26,9,258,91,7
20230329,서울특별시,11,성북구,11290,서울특별시,11,성동구,11200,7,73,26,11,22,9,26,10,239,89,5
20230329,서울특별시,11,성북구,11290,서울특별시,11,용산구,11170,6,49,3,15,22,0,27,13,107,32,8
20230329,서울특별시,11,성북구,11290,서울특별시,11,중구,11140,5,31,11,6,13,6,22,8,125,42,8
20230329,서울특별시,11,성북구,11290,서울특별시,11,종로구,11110,5,29,5,3,15,0,16,0,104,34,3
20230329,서울특별시,11,구로구,11530,서울특별시,11,동작구,11590,7,81,20,18,30,4,12,0,84,27,19
20230329,서울특별시,11,구로구,11530,서울특별시,11,영등포구,11560,11,69,28,30,64,10,13,4,102,27,21
20230329,서울특별시,11,서대문구,11410,서울특별시,11,성동구,11200,6,28,23,20,19,10,11,7,83,37,33
20230329,서울특별시,11,서대문구,11410,서울특별시,11,용산구,11170,4,21,10,15,16,9,7,13,38,15,31
20230329,서울특별시,11,서대문구,11410,서울특별시,11,중구,11140,6,25,7,13,13,3,0,5,43,18,13
20230329,서울특별시,11,서대문구,11410,서울특별시,11,종로구,11110,6,14,12,10,23,5,8,3,28,19,17
20230329,서울특별시,11,구로구,11530,서울특별시,11,금천구,11545,11,68,20,27,23,7,16,4,57,31,20
20230329,서울특별시,11,구로구,11530,서울특별시,11,구로구,11530,7,74,45,22,37,10,44,0,87,25,16
20230329,서울특별시,11,구로구,11530,서울특별시,11,강서구,11500,12,113,37,47,46,10,16,3,114,40,36
20230329,서울특별시,11,구로구,11530,서울특별시,11,양천구,11470,5,57,20,18,29,4,24,0,70,25,19
20230329,서울특별시,11,구로구,11530,서울특별시,11,마포구,11440,13,73,43,38,48,5,12,0,123,34,17
20230329,서울특별시,11,구로구,11530,서울특별시,11,서대문구,11410,8,66,14,13,17,11,5,4,63,28,17
20230329,서울특별시,11,구로구,11530,서울특별시,11,은평구,11380,7,63,31,25,30,6,23,4,75,28,20
20230329,서울특별시,11,구로구,11530,서울특별시,11,노원구,11350,10,76,21,27,41,5,16,0,67,31,23
20230329,서울특별시,11,구로구,11530,서울특별시,11,도봉구,11320,7,35,15,15,20,0,6,0,37,17,12
20230329,서울특별시,11,구로구,11530,서울특별시,11,강북구,11305,4,45,17,12,20,4,11,3,50,18,12
20230329,서울특별시,11,구로구,11530,서울특별시,11,성북구,11290,8,80,32,16,36,4,17,0,112,21,17
20230329,서울특별시,11,구로구,11530,서울특별시,11,중랑구,11260,6,53,17,14,25,5,9,0,47,30,9
20230329,서울특별시,11,구로구,11530,서울특별시,11,동대문구,11230,10,79,25,18,31,4,6,0,91,23,21
20230329,서울특별시,11,구로구,11530,서울특별시,11,광진구,11215,5,71,27,7,29,0,9,4,80,18,25
20230329,서울특별시,11,구로구,11530,서울특별시,11,성동구,11200,7,74,31,9,35,8,7,6,96,35,21
20230329,서울특별시,11,구로구,11530,서울특별시,11,용산구,11170,6,45,11,23,25,0,4,0,44,15,4
20230329,서울특별시,11,양천구,11470,서울특별시,11,강동구,11740,0,20,0,18,25,0,12,0,27,31,18
20230329,서울특별시,11,양천구,11470,서울특별시,11,송파구,11710,7,34,7,32,47,15,18,3,49,32,20
20230329,서울특별시,11,양천구,11470,서울특별시,11,강남구,11680,6,36,16,39,45,7,25,4,47,20,32
20230329,서울특별시,11,양천구,11470,서울특별시,11,서초구,11650,0,17,4,28,23,15,11,0,34,21,12
20230329,서울특별시,11,양천구,11470,서울특별시,11,관악구,11620,4,19,5,23,35,9,17,0,41,19,24
20230329,서울특별시,11,양천구,11470,서울특별시,11,동작구,11590,3,11,13,11,20,3,12,0,28,21,10
20230329,서울특별시,11,양천구,11470,서울특별시,11,영등포구,11560,0,29,11,33,23,3,16,0,38,32,22
20230329,서울특별시,11,양천구,11470,서울특별시,11,금천구,11545,0,18,6,21,15,10,4,0,47,30,11
20230329,서울특별시,11,양천구,11470,서울특별시,11,구로구,11530,0,16,9,26,21,4,20,0,34,14,20
20230329,서울특별시,11,마포구,11440,서울특별시,11,서초구,11650,5,106,36,104,85,7,74,4,107,46,56
20230329,서울특별시,11,마포구,11440,서울특별시,11,관악구,11620,7,79,27,88,76,9,57,0,141,70,53
20230329,서울특별시,11,마포구,11440,서울특별시,11,동작구,11590,8,56,14,59,53,3,52,0,112,56,37
20230329,서울특별시,11,마포구,11440,서울특별시,11,영등포구,11560,9,73,49,93,67,8,80,6,88,60,44
20230329,서울특별시,11,마포구,11440,서울특별시,11,금천구,11545,7,33,8,34,39,3,30,0,89,28,28
20230329,서울특별시,11,마포구,11440,서울특별시,11,구로구,11530,10,67,23,63,57,0,60,5,88,35,33
20230329,서울특별시,11,마포구,11440,서울특별시,11,강서구,11500,26,123,31,109,89,0,89,8,167,57,57
20230329,서울특별시,11,송파구,11710,서울특별시,11,서초구,11650,10,49,30,18,47,23,42,3,102,38,16
20230329,서울특별시,11,송파구,11710,서울특별시,11,강남구,11680,9,117,75,26,72,23,89,6,163,67,31
20230329,서울특별시,11,송파구,11710,서울특별시,11,송파구,11710,12,118,59,33,65,25,115,5,190,49,21
20230329,서울특별시,11,송파구,11710,서울특별시,11,강동구,11740,11,41,24,7,28,18,34,3,82,48,9
20230329,서울특별시,11,마포구,11440,서울특별시,11,양천구,11470,10,69,23,60,38,6,46,4,78,34,39
20230329,서울특별시,11,마포구,11440,서울특별시,11,마포구,11440,13,122,89,96,80,5,117,7,162,67,50
20230329,서울특별시,11,마포구,11440,서울특별시,11,서대문구,11410,5,67,26,58,41,0,49,3,124,31,22
20230329,서울특별시,11,마포구,11440,서울특별시,11,은평구,11380,9,70,31,63,60,7,49,4,92,41,31
20230329,서울특별시,11,마포구,11440,서울특별시,11,노원구,11350,8,153,18,64,63,6,44,9,103,44,39
20230329,서울특별시,11,마포구,11440,서울특별시,11,도봉구,11320,3,43,17,33,31,5,37,6,53,28,14
20230329,서울특별시,11,마포구,11440,서울특별시,11,강북구,11305,5,41,10,33,25,0,33,0,69,28,21
20230329,서울특별시,11,마포구,11440,서울특별시,11,성북구,11290,12,87,26,65,61,6,47,7,157,53,29
20230329,서울특별시,11,중랑구,11260,서울특별시,11,강동구,11740,14,21,8,9,20,9,35,5,78,24,19
20230329,서울특별시,11,중랑구,11260,서울특별시,11,송파구,11710,20,49,13,17,59,15,71,19,148,66,45
20230329,서울특별시,11,중랑구,11260,서울특별시,11,강남구,11680,16,50,18,28,69,15,54,24,127,71,40
20230329,서울특별시,11,중랑구,11260,서울특별시,11,서초구,11650,7,39,8,11,36,12,33,21,96,36,29
20230329,서울특별시,11,중랑구,11260,서울특별시,11,관악구,11620,10,41,4,13,30,13,52,0,163,41,27
20230329,서울특별시,11,중랑구,11260,서울특별시,11,동작구,11590,9,33,4,13,28,11,29,8,81,21,17
20230329,서울특별시,11,중랑구,11260,서울특별시,11,영등포구,11560,12,37,11,9,40,14,43,16,81,34,23
20230329,서울특별시,11,중랑구,11260,서울특별시,11,금천구,11545,13,25,4,10,27,10,17,0,68,23,13
20230329,서울특별시,11,중랑구,11260,서울특별시,11,구로구,11530,6,37,8,14,34,10,36,7,90,28,20
20230329,서울특별시,11,중랑구,11260,서울특별시,11,강서구,11500,21,46,9,27,46,17,61,6,124,62,42
20230329,서울특별시,11,중랑구,11260,서울특별시,11,양천구,11470,14,32,4,15,30,9,50,7,81,32,17
20230329,서울특별시,11,중랑구,11260,서울특별시,11,마포구,11440,5,34,13,13,49,16,55,15,84,40,18
20230329,서울특별시,11,중랑구,11260,서울특별시,11,서대문구,11410,6,26,6,8,30,17,37,6,87,24,18
20230329,서울특별시,11,중랑구,11260,서울특별시,11,은평구,11380,7,26,5,7,32,11,38,9,84,36,17
20230329,서울특별시,11,중랑구,11260,서울특별시,11,노원구,11350,6,26,5,15,32,9,43,5,118,31,25
20230329,서울특별시,11,중랑구,11260,서울특별시,11,도봉구,11320,9,12,5,9,14,9,28,0,63,18,15
20230329,서울특별시,11,중랑구,11260,서울특별시,11,강북구,11305,4,11,4,0,18,0,27,0,61,28,14
20230329,서울특별시,11,마포구,11440,서울특별시,11,강남구,11680,16,148,81,139,116,14,131,9,197,91,55
20230329,서울특별시,11,마포구,11440,서울특별시,11,송파구,11710,15,98,35,110,113,14,90,13,171,83,62
20230329,서울특별시,11,양천구,11470,서울특별시,11,강서구,11500,4,35,15,17,39,7,32,0,64,34,27
20230329,서울특별시,11,마포구,11440,서울특별시,11,강동구,11740,4,74,20,70,62,8,54,7,101,38,30
20230329,서울특별시,11,서대문구,11410,서울특별시,11,강북구,11305,6,14,7,13,7,11,7,6,37,18,17
20230329,서울특별시,11,서대문구,11410,서울특별시,11,성북구,11290,5,28,10,28,29,10,12,25,73,35,28
20230329,서울특별시,11,서대문구,11410,서울특별시,11,중랑구,11260,4,14,4,23,21,11,5,20,38,20,43
20230329,서울특별시,11,서대문구,11410,서울특별시,11,동대문구,11230,6,18,11,28,27,9,6,5,66,22,35
20230329,서울특별시,11,강서구,11500,서울특별시,11,강동구,11740,12,55,19,41,73,11,72,31,104,72,69
20230329,서울특별시,11,강서구,11500,서울특별시,11,송파구,11710,19,86,77,62,114,20,162,41,183,94,113
20230329,서울특별시,11,강서구,11500,서울특별시,11,강남구,11680,26,109,135,108,221,28,188,29,202,140,131
20230329,서울특별시,11,강서구,11500,서울특별시,11,서초구,11650,19,66,69,60,140,19,103,15,100,75,88
20230329,서울특별시,11,강서구,11500,서울특별시,11,관악구,11620,16,64,35,50,75,16,71,21,140,66,67
20230329,서울특별시,11,강서구,11500,서울특별시,11,동작구,11590,11,44,38,40,63,7,77,15,95,206,50
20230329,서울특별시,11,강서구,11500,서울특별시,11,영등포구,11560,11,60,77,60,63,14,105,19,94,67,71
20230329,서울특별시,11,강서구,11500,서울특별시,11,금천구,11545,5,41,27,38,45,11,51,10,95,44,33
20230329,서울특별시,11,강서구,11500,서울특별시,11,구로구,11530,17,71,29,35,77,15,74,28,111,48,59
20230329,서울특별시,11,강서구,11500,서울특별시,11,강서구,11500,21,89,73,63,100,24,166,22,209,72,81
20230329,서울특별시,11,강서구,11500,서울특별시,11,양천구,11470,12,47,33,33,65,11,67,15,127,52,61
20230329,서울특별시,11,강서구,11500,서울특별시,11,마포구,11440,22,62,45,39,74,13,88,15,125,173,67
20230329,서울특별시,11,강서구,11500,서울특별시,11,서대문구,11410,13,52,31,34,49,10,60,17,128,57,52
20230329,서울특별시,11,양천구,11470,서울특별시,11,양천구,11470,0,17,15,17,25,4,47,0,39,18,21
20230329,서울특별시,11,양천구,11470,서울특별시,11,마포구,11440,0,21,6,28,29,30,13,0,40,31,23
20230329,서울특별시,11,양천구,11470,서울특별시,11,서대문구,11410,0,17,8,13,17,24,11,4,23,20,15
20230329,서울특별시,11,양천구,11470,서울특별시,11,은평구,11380,3,13,3,17,27,0,12,0,24,26,20
20230329,서울특별시,11,양천구,11470,서울특별시,11,노원구,11350,0,19,0,15,20,9,14,0,38,23,21
20230329,서울특별시,11,양천구,11470,서울특별시,11,도봉구,11320,0,8,3,8,17,0,9,0,16,10,18
20230329,서울특별시,11,성북구,11290,서울특별시,11,강동구,11740,4,54,14,13,20,11,29,12,255,94,14
20230329,서울특별시,11,성북구,11290,서울특별시,11,송파구,11710,19,87,12,19,51,22,73,24,376,146,21
20230329,서울특별시,11,성북구,11290,서울특별시,11,강남구,11680,14,86,10,17,53,24,66,14,378,157,19
20230329,서울특별시,11,성북구,11290,서울특별시,11,서초구,11650,7,49,10,14,29,8,69,7,245,99,17
20230329,서울특별시,11,성북구,11290,서울특별시,11,관악구,11620,5,51,11,7,33,7,38,17,359,126,10
20230329,서울특별시,11,성북구,11290,서울특별시,11,동작구,11590,7,42,7,14,23,7,38,10,236,87,9
20230329,서울특별시,11,양천구,11470,서울특별시,11,강북구,11305,0,11,0,8,16,0,8,0,20,10,7
20230329,서울특별시,11,동대문구,11230,서울특별시,11,강동구,11740,3,41,13,10,26,5,42,35,127,38,10
20230329,서울특별시,11,동대문구,11230,서울특별시,11,송파구,11710,14,74,15,20,53,6,98,39,217,38,24
20230329,서울특별시,11,동대문구,11230,서울특별시,11,강남구,11680,10,62,21,26,79,9,71,19,218,46,23
20230329,서울특별시,11,동대문구,11230,서울특별시,11,서초구,11650,7,43,14,12,56,8,51,20,120,26,15
20230329,서울특별시,11,동대문구,11230,서울특별시,11,관악구,11620,8,46,8,9,49,0,53,15,163,43,13
20230329,서울특별시,11,동대문구,11230,서울특별시,11,동작구,11590,6,36,9,5,37,3,44,20,115,27,17
20230329,서울특별시,11,동대문구,11230,서울특별시,11,영등포구,11560,5,51,11,10,44,4,48,34,146,33,18
20230329,서울특별시,11,동대문구,11230,서울특별시,11,금천구,11545,4,39,4,8,24,0,29,15,98,16,8
20230329,서울특별시,11,동대문구,11230,서울특별시,11,구로구,11530,6,39,7,14,31,3,40,32,114,34,7
20230329,서울특별시,11,동대문구,11230,서울특별시,11,강서구,11500,13,80,13,15,52,12,68,43,199,40,19
20230329,서울특별시,11,동대문구,11230,서울특별시,11,양천구,11470,3,46,4,7,39,0,40,25,121,26,13
20230329,서울특별시,11,동대문구,11230,서울특별시,11,마포구,11440,3,60,12,15,39,0,42,21,121,28,25
20230329,서울특별시,11,동대문구,11230,서울특별시,11,서대문구,11410,4,32,7,6,29,0,42,25,110,35,10
20230329,서울특별시,11,동대문구,11230,서울특별시,11,은평구,11380,6,45,10,7,49,5,51,31,137,26,13
20230329,서울특별시,11,동대문구,11230,서울특별시,11,노원구,11350,0,47,12,9,29,3,37,32,137,27,13
20230329,서울특별시,11,동대문구,11230,서울특별시,11,도봉구,11320,0,21,10,10,20,5,31,15,83,12,9
20230329,서울특별시,11,동대문구,11230,서울특별시,11,강북구,11305,4,22,7,7,24,0,34,12,82,14,14
20230329,서울특별시,11,동대문구,11230,서울특별시,11,성북구,11290,0,49,12,12,36,6,56,25,156,30,13
20230329,서울특별시,11,동대문구,11230,서울특별시,11,중랑구,11260,0,35,13,8,24,5,44,31,113,26,10
20230329,서울특별시,11,동대문구,11230,서울특별시,11,동대문구,11230,4,49,12,7,38,0,42,30,155,31,13
20230329,서울특별시,11,동대문구,11230,서울특별시,11,광진구,11215,3,38,10,11,33,8,40,10,113,26,12
20230329,서울특별시,11,동대문구,11230,서울특별시,11,성동구,11200,5,100,13,19,34,5,29,20,162,46,24
20230329,서울특별시,11,동대문구,11230,서울특별시,11,용산구,11170,3,32,5,10,30,4,29,11,88,18,7
20230329,서울특별시,11,동대문구,11230,서울특별시,11,중구,11140,0,24,7,7,22,10,28,5,76,20,7
20230329,서울특별시,11,동대문구,11230,서울특별시,11,종로구,11110,7,16,10,8,24,0,36,8,54,18,0
20230329,서울특별시,11,양천구,11470,서울특별시,11,성북구,11290,4,32,9,17,37,0,16,3,54,18,17
20230329,서울특별시,11,양천구,11470,서울특별시,11,중랑구,11260,0,14,7,12,11,0,10,3,28,18,11
20230329,서울특별시,11,양천구,11470,서울특별시,11,동대문구,11230,4,24,7,9,15,15,11,0,40,37,20
20230329,서울특별시,11,양천구,11470,서울특별시,11,광진구,11215,0,18,4,21,17,4,10,0,35,16,19
20230329,서울특별시,11,구로구,11530,서울특별시,11,중구,11140,8,46,15,21,18,8,21,0,61,13,16
20230329,서울특별시,11,구로구,11530,서울특별시,11,종로구,11110,8,30,15,15,18,3,4,0,44,8,10
20230329,서울특별시,11,송파구,11710,서울특별시,11,종로구,11110,3,17,20,5,22,7,17,0,41,27,0
20230329,서울특별시,11,종로구,11110,서울특별시,11,강동구,11740,7,26,17,11,27,3,9,6,99,91,7
20230329,서울특별시,11,종로구,11110,서울특별시,11,송파구,11710,13,58,20,19,46,7,13,9,173,122,13
20230329,서울특별시,11,종로구,11110,서울특별시,11,강남구,11680,22,75,37,29,63,3,39,7,229,169,13
20230329,서울특별시,11,양천구,11470,서울특별시,11,성동구,11200,0,24,18,18,15,15,18,3,57,66,15
20230329,서울특별시,11,양천구,11470,서울특별시,11,용산구,11170,0,5,5,16,22,7,9,0,12,23,16
20230329,서울특별시,11,양천구,11470,서울특별시,11,중구,11140,0,9,0,17,19,6,6,0,36,70,12
20230329,서울특별시,11,양천구,11470,서울특별시,11,종로구,11110,0,10,3,8,12,8,5,0,16,18,10
20230329,서울특별시,11,종로구,11110,서울특별시,11,서초구,11650,11,38,26,16,43,0,13,10,106,111,10
20230329,서울특별시,11,종로구,11110,서울특별시,11,관악구,11620,5,33,15,16,28,0,12,6,128,100,15
20230329,서울특별시,11,종로구,11110,서울특별시,11,동작구,11590,6,27,9,10,25,4,10,6,99,50,10
20230329,서울특별시,11,종로구,11110,서울특별시,11,영등포구,11560,7,37,20,16,37,0,21,5,105,96,14
20230329,서울특별시,11,노원구,11350,서울특별시,11,강동구,11740,6,10,7,15,23,4,24,5,38,9,17
20230329,서울특별시,11,용산구,11170,서울특별시,11,양천구,11470,4,50,7,152,23,3,14,8,79,13,12
20230329,서울특별시,11,용산구,11170,서울특별시,11,마포구,11440,8,27,24,268,36,9,32,3,98,22,15
20230329,서울특별시,11,용산구,11170,서울특별시,11,서대문구,11410,6,37,6,123,16,4,22,0,55,12,7
20230329,서울특별시,11,용산구,11170,서울특별시,11,은평구,11380,0,29,8,157,28,4,20,5,60,17,7
20230329,서울특별시,11,용산구,11170,서울특별시,11,노원구,11350,0,34,14,164,33,3,27,0,76,13,9
20230329,서울특별시,11,용산구,11170,서울특별시,11,도봉구,11320,0,19,3,94,19,0,13,0,36,12,8
20230329,서울특별시,11,용산구,11170,서울특별시,11,강북구,11305,0,21,0,78,25,0,10,0,41,10,4
20230329,서울특별시,11,용산구,11170,서울특별시,11,성북구,11290,3,50,9,161,24,6,14,0,74,14,8
20230329,서울특별시,11,용산구,11170,서울특별시,11,중랑구,11260,5,31,0,130,15,4,18,5,66,11,7
20230329,서울특별시,11,용산구,11170,서울특별시,11,동대문구,11230,0,25,4,159,29,4,7,3,72,21,8
20230329,서울특별시,11,용산구,11170,서울특별시,11,광진구,11215,3,21,5,146,27,3,16,3,75,5,8
20230329,서울특별시,11,용산구,11170,서울특별시,11,성동구,11200,5,30,12,177,30,5,20,0,106,25,5
20230329,서울특별시,11,용산구,11170,서울특별시,11,용산구,11170,5,82,14,227,19,5,30,0,62,8,7
20230329,서울특별시,11,용산구,11170,서울특별시,11,중구,11140,3,31,12,170,16,3,15,0,42,13,0
20230329,서울특별시,11,용산구,11170,서울특별시,11,종로구,11110,0,27,10,111,18,3,21,0,33,8,9
20230329,서울특별시,11,금천구,11545,서울특별시,11,종로구,11110,7,36,15,31,30,6,29,8,37,43,49
20230329,서울특별시,11,금천구,11545,서울특별시,11,중구,11140,13,33,12,31,26,12,21,4,63,38,87
20230329,서울특별시,11,금천구,11545,서울특별시,11,용산구,11170,8,41,6,31,39,9,20,5,85,32,64
20230329,서울특별시,11,금천구,11545,서울특별시,11,성동구,11200,7,81,13,28,55,19,26,12,115,64,95
20230329,서울특별시,11,금천구,11545,서울특별시,11,광진구,11215,10,33,11,38,32,13,41,13,112,53,99
20230329,서울특별시,11,금천구,11545,서울특별시,11,동대문구,11230,13,29,5,28,34,17,34,6,112,59,83
20230329,서울특별시,11,금천구,11545,서울특별시,11,중랑구,11260,8,33,7,23,42,9,23,11,90,60,108
20230329,서울특별시,11,금천구,11545,서울특별시,11,성북구,11290,9,31,22,31,44,22,41,19,145,67,141
20230329,서울특별시,11,금천구,11545,서울특별시,11,강북구,11305,7,17,6,18,31,9,26,8,66,40,78
20230329,서울특별시,11,금천구,11545,서울특별시,11,도봉구,11320,6,11,6,24,32,5,22,8,76,38,70
20230329,서울특별시,11,강서구,11500,서울특별시,11,은평구,11380,14,50,31,38,60,16,79,25,116,46,63
20230329,서울특별시,11,강서구,11500,서울특별시,11,노원구,11350,13,53,39,39,57,9,58,12,108,56,59
20230329,서울특별시,11,강서구,11500,서울특별시,11,도봉구,11320,6,25,11,27,43,5,68,12,65,34,48
20230329,서울특별시,11,강서구,11500,서울특별시,11,강북구,11305,3,30,22,24,29,5,27,10,76,65,30
20230329,서울특별시,11,강서구,11500,서울특별시,11,성북구,11290,11,55,48,49,61,10,76,16,169,54,52
20230329,서울특별시,11,강서구,11500,서울특별시,11,중랑구,11260,12,52,14,39,52,16,74,10,97,34,44
20230329,서울특별시,11,강서구,11500,서울특별시,11,동대문구,11230,8,46,29,40,55,7,45,8,112,98,53
20230329,서울특별시,11,강서구,11500,서울특별시,11,광진구,11215,10,54,34,40,55,9,84,12,133,64,51
20230329,서울특별시,11,강서구,11500,서울특별시,11,성동구,11200,9,65,60,37,46,7,63,38,154,79,51
20230329,서울특별시,11,강서구,11500,서울특별시,11,용산구,11170,11,42,32,47,41,8,56,7,81,36,57
20230329,서울특별시,11,강서구,11500,서울특별시,11,중구,11140,10,46,59,27,58,9,39,7,101,74,33
20230329,서울특별시,11,강서구,11500,서울특별시,11,종로구,11110,7,26,39,22,45,3,78,0,103,34,28
20230329,서울특별시,11,중랑구,11260,서울특별시,11,성북구,11290,6,56,13,9,26,5,36,10,117,41,19
20230329,서울특별시,11,중랑구,11260,서울특별시,11,중랑구,11260,11,31,19,7,27,5,37,9,95,28,22
20230329,서울특별시,11,중랑구,11260,서울특별시,11,동대문구,11230,11,23,15,14,34,6,33,5,155,14,13
20230329,서울특별시,11,중랑구,11260,서울특별시,11,광진구,11215,10,32,9,14,38,11,36,4,92,32,22
20230329,서울특별시,11,중랑구,11260,서울특별시,11,성동구,11200,14,50,17,12,25,5,26,15,107,42,20
20230329,서울특별시,11,중랑구,11260,서울특별시,11,용산구,11170,3,14,8,12,14,12,15,14,55,32,13
20230329,서울특별시,11,중랑구,11260,서울특별시,11,중구,11140,4,33,5,10,19,5,18,3,60,19,11
20230329,서울특별시,11,중랑구,11260,서울특별시,11,종로구,11110,5,18,13,5,13,7,15,6,50,11,7
20230329,서울특별시,11,마포구,11440,서울특별시,11,중랑구,11260,9,67,20,47,38,4,29,4,97,41,28
20230329,서울특별시,11,마포구,11440,서울특별시,11,동대문구,11230,10,66,21,49,67,4,49,3,120,42,31
20230329,서울특별시,11,마포구,11440,서울특별시,11,광진구,11215,8,76,21,71,56,5,43,5,115,27,46
20230329,서울특별시,11,마포구,11440,서울특별시,11,성동구,11200,9,76,38,51,38,10,52,3,186,60,27
20230329,서울특별시,11,마포구,11440,서울특별시,11,용산구,11170,8,62,25,65,54,10,55,14,94,34,28
20230329,서울특별시,11,강동구,11740,서울특별시,11,종로구,11110,0,12,3,7,16,3,42,0,13,9,3
20230329,서울특별시,11,강동구,11740,서울특별시,11,중구,11140,11,30,7,4,23,0,20,0,42,17,3
20230329,서울특별시,11,강동구,11740,서울특별시,11,용산구,11170,12,19,5,11,29,0,56,0,15,12,13
20230329,서울특별시,11,노원구,11350,서울특별시,11,송파구,11710,8,29,10,18,42,8,41,8,66,20,25
20230329,서울특별시,11,노원구,11350,서울특별시,11,강남구,11680,4,25,5,22,52,15,66,10,50,21,13
20230329,서울특별시,11,노원구,11350,서울특별시,11,서초구,11650,5,15,10,15,52,7,28,4,33,14,11
20230329,서울특별시,11,노원구,11350,서울특별시,11,관악구,11620,3,8,5,11,25,8,19,0,46,9,18
20230329,서울특별시,11,노원구,11350,서울특별시,11,동작구,11590,10,6,8,12,19,3,16,3,19,12,17
20230329,서울특별시,11,노원구,11350,서울특별시,11,영등포구,11560,3,17,4,11,29,5,24,13,31,15,15
20230329,서울특별시,11,노원구,11350,서울특별시,11,금천구,11545,3,7,4,13,18,5,18,5,38,11,12
20230329,서울특별시,11,노원구,11350,서울특별시,11,구로구,11530,0,16,8,11,28,8,17,7,53,7,14
20230329,서울특별시,11,노원구,11350,서울특별시,11,강서구,11500,4,25,7,17,50,10,49,3,57,13,16
20230329,서울특별시,11,노원구,11350,서울특별시,11,양천구,11470,3,17,0,8,28,6,22,0,29,12,16
20230329,서울특별시,11,노원구,11350,서울특별시,11,마포구,11440,0,11,7,19,30,6,30,7,39,15,18
20230329,서울특별시,11,노원구,11350,서울특별시,11,서대문구,11410,4,8,5,5,23,5,24,5,32,6,12
20230329,서울특별시,11,노원구,11350,서울특별시,11,은평구,11380,3,24,3,12,33,6,34,5,34,8,23
20230329,서울특별시,11,노원구,11350,서울특별시,11,노원구,11350,7,43,9,14,30,7,50,8,65,17,19
20230329,서울특별시,11,노원구,11350,서울특별시,11,도봉구,11320,3,5,9,9,11,3,16,0,31,11,12
20230329,서울특별시,11,노원구,11350,서울특별시,11,강북구,11305,0,8,6,7,20,3,16,0,41,0,11
20230329,서울특별시,11,노원구,11350,서울특별시,11,성북구,11290,3,15,10,14,30,7,31,4,63,12,13
20230329,서울특별시,11,노원구,11350,서울특별시,11,중랑구,11260,3,16,8,14,20,4,23,3,34,13,27
20230329,서울특별시,11,노원구,11350,서울특별시,11,동대문구,11230,0,13,4,9,28,0,31,4,31,10,15
20230329,서울특별시,11,노원구,11350,서울특별시,11,광진구,11215,6,13,4,9,25,6,23,0,33,13,15
20230329,서울특별시,11,노원구,11350,서울특별시,11,성동구,11200,0,19,8,9,14,6,7,0,58,18,6
20230329,서울특별시,11,노원구,11350,서울특별시,11,용산구,11170,0,4,0,9,29,0,25,3,23,5,4
20230329,서울특별시,11,노원구,11350,서울특별시,11,중구,11140,3,10,5,10,28,3,14,3,33,4,12
20230329,서울특별시,11,노원구,11350,서울특별시,11,종로구,11110,4,7,0,0,13,0,16,0,14,5,7
20230329,서울특별시,11,마포구,11440,서울특별시,11,중구,11140,7,61,40,45,56,6,62,4,96,33,16
20230329,서울특별시,11,마포구,11440,서울특별시,11,종로구,11110,4,55,42,45,44,4,36,0,64,26,14
20230329,서울특별시,11,영등포구,11560,서울특별시,11,종로구,11110,3,48,22,15,23,4,36,0,43,20,18
20230329,서울특별시,11,영등포구,11560,서울특별시,11,중구,11140,0,66,23,20,19,5,21,0,49,29,17
20230329,서울특별시,11,영등포구,11560,서울특별시,11,용산구,11170,10,34,14,35,30,7,31,0,56,17,14
20230329,서울특별시,11,영등포구,11560,서울특별시,11,성동구,11200,3,60,15,18,35,3,22,6,111,60,17
20230329,서울특별시,11,영등포구,11560,서울특별시,11,광진구,11215,4,53,8,27,39,0,33,4,54,25,21
20230329,서울특별시,11,성동구,11200,서울특별시,11,종로구,11110,6,35,12,7,35,4,30,3,91,24,49
20230329,서울특별시,11,성동구,11200,서울특별시,11,중구,11140,10,69,19,14,36,6,40,0,122,32,69
20230329,서울특별시,11,성동구,11200,서울특별시,11,용산구,11170,5,57,15,23,26,6,29,6,119,36,16
20230329,서울특별시,11,성동구,11200,서울특별시,11,성동구,11200,7,150,28,14,35,9,30,5,217,51,31
20230329,서울특별시,11,성동구,11200,서울특별시,11,광진구,11215,7,68,18,18,29,0,28,4,176,37,30
20230329,서울특별시,11,성동구,11200,서울특별시,11,동대문구,11230,6,58,35,11,37,6,35,3,184,36,125
20230329,서울특별시,11,성동구,11200,서울특별시,11,중랑구,11260,8,49,30,12,28,6,24,7,132,32,14
20230329,서울특별시,11,성동구,11200,서울특별시,11,성북구,11290,9,49,24,26,46,6,38,3,180,36,125
20230329,서울특별시,11,성동구,11200,서울특별시,11,강북구,11305,3,35,11,7,24,3,9,3,91,12,7
20230329,서울특별시,11,성동구,11200,서울특별시,11,도봉구,11320,4,30,9,6,18,5,18,0,94,17,12
20230329,서울특별시,11,서대문구,11410,서울특별시,11,도봉구,11320,8,14,11,19,20,6,5,6,30,24,16
20230329,서울특별시,11,영등포구,11560,서울특별시,11,동대문구,11230,0,59,12,20,32,0,33,5,72,48,42
20230329,서울특별시,11,영등포구,11560,서울특별시,11,중랑구,11260,4,49,9,23,27,0,29,0,50,44,41
20230329,서울특별시,11,영등포구,11560,서울특별시,11,성북구,11290,10,59,20,15,33,0,17,0,72,32,19
20230329,서울특별시,11,영등포구,11560,서울특별시,11,강북구,11305,6,40,3,7,19,5,9,0,34,19,17
20230329,서울특별시,11,영등포구,11560,서울특별시,11,도봉구,11320,4,36,5,18,19,0,12,0,39,20,10
20230329,서울특별시,11,영등포구,11560,서울특별시,11,노원구,11350,0,61,14,24,36,4,17,0,66,26,32
20230329,서울특별시,11,영등포구,11560,서울특별시,11,은평구,11380,4,60,12,17,27,7,24,3,41,33,27
20230329,서울특별시,11,영등포구,11560,서울특별시,11,서대문구,11410,5,50,9,19,28,6,26,0,60,19,17
20230329,서울특별시,11,영등포구,11560,서울특별시,11,마포구,11440,8,76,19,29,46,0,39,6,91,35,26
20230329,서울특별시,11,영등포구,11560,서울특별시,11,양천구,11470,4,69,13,23,46,3,24,0,52,27,28
20230329,서울특별시,11,송파구,11710,서울특별시,11,중구,11140,0,38,28,9,23,7,25,0,81,30,8
20230329,서울특별시,11,송파구,11710,서울특별시,11,용산구,11170,4,32,21,21,25,7,18,0,58,21,10
20230329,서울특별시,11,송파구,11710,서울특별시,11,성동구,11200,6,50,26,10,23,12,25,3,144,61,8
20230329,서울특별시,11,송파구,11710,서울특별시,11,광진구,11215,4,39,18,10,37,9,35,5,69,35,20
20230329,서울특별시,11,송파구,11710,서울특별시,11,동대문구,11230,4,55,17,6,25,5,27,5,100,27,14
20230329,서울특별시,11,송파구,11710,서울특별시,11,중랑구,11260,4,30,12,5,30,12,38,6,77,26,10
20230329,서울특별시,11,송파구,11710,서울특별시,11,성북구,11290,0,47,18,6,19,12,24,0,127,20,9
20230329,서울특별시,11,송파구,11710,서울특별시,11,강북구,11305,6,30,5,5,14,3,25,0,60,15,7
20230329,서울특별시,11,송파구,11710,서울특별시,11,도봉구,11320,3,16,8,9,17,10,18,0,33,17,11
20230329,서울특별시,11,송파구,11710,서울특별시,11,노원구,11350,4,28,14,7,47,13,39,3,92,20,11
20230329,서울특별시,11,강북구,11305,서울특별시,11,강동구,11740,0,16,8,5,6,0,4,3,63,6,8
20230329,서울특별시,11,강북구,11305,서울특별시,11,송파구,11710,4,23,4,5,12,0,8,7,97,14,16
20230329,서울특별시,11,강북구,11305,서울특별시,11,강남구,11680,5,32,7,10,22,0,11,3,77,23,7
20230329,서울특별시,11,강북구,11305,서울특별시,11,서초구,11650,0,8,6,9,12,3,11,8,47,10,7
20230329,서울특별시,11,강북구,11305,서울특별시,11,관악구,11620,6,10,11,3,12,0,3,0,98,13,8
20230329,서울특별시,11,강북구,11305,서울특별시,11,동작구,11590,0,17,4,7,5,0,6,0,56,3,3
20230329,서울특별시,11,강북구,11305,서울특별시,11,영등포구,11560,3,17,3,9,8,0,11,4,64,9,6
20230329,서울특별시,11,강북구,11305,서울특별시,11,금천구,11545,0,14,0,0,8,0,4,3,52,13,5
20230329,서울특별시,11,강북구,11305,서울특별시,11,구로구,11530,0,13,5,5,9,0,3,0,72,8,5
20230329,서울특별시,11,강북구,11305,서울특별시,11,강서구,11500,3,14,7,12,14,0,6,6,107,15,13
20230329,서울특별시,11,강북구,11305,서울특별시,11,양천구,11470,0,11,5,11,6,0,4,3,67,14,0
20230329,서울특별시,11,강북구,11305,서울특별시,11,마포구,11440,0,13,5,8,15,0,0,5,69,17,3
20230329,서울특별시,11,강북구,11305,서울특별시,11,서대문구,11410,4,5,5,6,4,0,6,0,65,8,3
20230329,서울특별시,11,강북구,11305,서울특별시,11,은평구,11380,0,12,3,8,11,0,5,0,58,15,10
20230329,서울특별시,11,강북구,11305,서울특별시,11,노원구,11350,0,39,4,5,6,0,0,0,77,14,4
20230329,서울특별시,11,강북구,11305,서울특별시,11,도봉구,11320,0,14,9,5,6,0,0,0,47,9,5
20230329,서울특별시,11,강북구,11305,서울특별시,11,강북구,11305,0,15,7,4,7,0,13,3,60,9,6
20230329,서울특별시,11,강북구,11305,서울특별시,11,성북구,11290,0,23,10,10,12,0,7,0,84,8,8
20230329,서울특별시,11,강북구,11305,서울특별시,11,중랑구,11260,0,9,0,6,10,0,5,4,72,14,10
20230329,서울특별시,11,강북구,11305,서울특별시,11,동대문구,11230,0,11,7,7,4,0,7,0,67,9,11
20230329,서울특별시,11,강북구,11305,서울특별시,11,광진구,11215,3,19,3,7,8,0,3,4,77,7,13
20230329,서울특별시,11,강북구,11305,서울특별시,11,성동구,11200,0,24,9,6,5,0,0,0,70,17,8
20230329,서울특별시,11,강북구,11305,서울특별시,11,용산구,11170,0,5,3,10,7,0,3,4,40,4,3
20230329,서울특별시,11,강북구,11305,서울특별시,11,중구,11140,0,5,4,7,4,0,0,0,36,3,0
20230329,서울특별시,11,강북구,11305,서울특별시,11,종로구,11110,0,6,4,0,6,0,0,0,29,5,0
20230329,서울특별시,11,송파구,11710,서울특별시,11,은평구,11380,7,23,13,10,27,12,26,3,81,23,8
20230329,서울특별시,11,송파구,11710,서울특별시,11,서대문구,11410,5,25,17,9,18,8,25,0,67,24,6
20230329,서울특별시,11,송파구,11710,서울특별시,11,마포구,11440,4,47,26,16,40,16,29,3,109,38,12
20230329,서울특별시,11,송파구,11710,서울특별시,11,양천구,11470,5,29,18,7,25,16,34,0,77,29,10
20230329,서울특별시,11,송파구,11710,서울특별시,11,강서구,11500,7,51,21,12,50,23,41,5,156,41,14
20230329,서울특별시,11,송파구,11710,서울특별시,11,구로구,11530,6,33,16,14,34,7,49,3,75,28,7
20230329,서울특별시,11,송파구,11710,서울특별시,11,금천구,11545,0,28,11,13,22,5,22,6,82,34,10
20230329,서울특별시,11,송파구,11710,서울특별시,11,영등포구,11560,6,35,20,16,34,10,65,8,93,34,14
20230329,서울특별시,11,송파구,11710,서울특별시,11,동작구,11590,0,31,11,7,15,9,30,4,81,30,12
20230329,서울특별시,11,송파구,11710,서울특별시,11,관악구,11620,6,23,13,8,31,14,37,0,118,28,14
20230329,서울특별시,11,영등포구,11560,서울특별시,11,강서구,11500,10,153,27,33,34,6,28,0,101,42,52
20230329,서울특별시,11,영등포구,11560,서울특별시,11,구로구,11530,5,66,23,22,30,0,30,0,56,27,29
20230329,서울특별시,11,영등포구,11560,서울특별시,11,금천구,11545,0,65,13,15,24,3,20,3,51,21,21
20230329,서울특별시,11,영등포구,11560,서울특별시,11,영등포구,11560,8,110,52,38,38,4,136,4,46,17,21
20230329,서울특별시,11,영등포구,11560,서울특별시,11,동작구,11590,6,51,21,22,26,0,18,3,51,24,32
20230329,서울특별시,11,영등포구,11560,서울특별시,11,관악구,11620,9,85,20,25,30,4,18,0,80,24,35
20230329,서울특별시,11,성동구,11200,서울특별시,11,노원구,11350,8,48,41,24,36,5,21,4,184,40,23
20230329,서울특별시,11,성동구,11200,서울특별시,11,은평구,11380,9,52,18,20,29,5,24,44,159,28,22
20230329,서울특별시,11,성동구,11200,서울특별시,11,서대문구,11410,10,48,19,20,11,6,20,3,128,24,8
20230329,서울특별시,11,성동구,11200,서울특별시,11,마포구,11440,8,91,27,23,46,8,34,10,210,37,30
20230329,서울특별시,11,성동구,11200,서울특별시,11,양천구,11470,9,41,21,17,24,9,25,7,129,39,16
20230329,서울특별시,11,성동구,11200,서울특별시,11,강서구,11500,11,65,32,36,35,8,37,5,263,63,31
20230329,서울특별시,11,성동구,11200,서울특별시,11,구로구,11530,10,63,27,18,33,6,25,7,147,38,18
20230329,서울특별시,11,성동구,11200,서울특별시,11,금천구,11545,3,48,23,8,22,8,18,6,93,28,6
20230329,서울특별시,11,성동구,11200,서울특별시,11,영등포구,11560,8,70,20,13,40,5,33,11,179,34,28
20230329,서울특별시,11,성동구,11200,서울특별시,11,관악구,11620,5,55,22,13,36,6,27,0,233,41,24
20230330,서울특별시,11,강남구,11680,서울특별시,11,노원구,11350,6,72,27,13,62,16,73,5,340,41,35
20230330,서울특별시,11,강남구,11680,서울특별시,11,강북구,11305,5,41,16,6,30,3,58,0,169,37,24
20230330,서울특별시,11,강남구,11680,서울특별시,11,성북구,11290,6,92,24,13,59,17,94,16,359,61,39
20230330,서울특별시,11,강남구,11680,서울특별시,11,중랑구,11260,5,64,11,16,44,11,85,12,261,49,41
20230330,서울특별시,11,강남구,11680,서울특별시,11,동대문구,11230,8,78,14,16,58,7,70,10,330,57,35
20230330,서울특별시,11,강남구,11680,서울특별시,11,광진구,11215,8,96,23,24,40,6,98,5,279,50,28
20230330,서울특별시,11,강남구,11680,서울특별시,11,성동구,11200,10,137,46,17,55,10,101,8,320,81,33
20230330,서울특별시,11,강남구,11680,서울특별시,11,용산구,11170,6,85,30,47,44,9,79,3,211,40,32
20230330,서울특별시,11,강남구,11680,서울특별시,11,중구,11140,13,88,29,13,65,13,66,5,186,35,33
20230330,서울특별시,11,강남구,11680,서울특별시,11,종로구,11110,4,84,17,13,55,7,77,4,124,28,17
20230330,서울특별시,11,서대문구,11410,서울특별시,11,종로구,11110,3,12,7,5,6,6,8,0,47,7,7
20230330,서울특별시,11,서대문구,11410,서울특별시,11,중구,11140,4,16,6,7,20,4,7,5,41,12,103
20230330,서울특별시,11,서대문구,11410,서울특별시,11,용산구,11170,0,11,5,16,19,4,12,10,41,10,9
20230330,서울특별시,11,서대문구,11410,서울특별시,11,성동구,11200,7,25,17,8,23,6,6,8,72,32,9
20230330,서울특별시,11,서대문구,11410,서울특별시,11,광진구,11215,5,11,6,15,12,5,11,4,63,22,9
20230330,서울특별시,11,서대문구,11410,서울특별시,11,동대문구,11230,7,10,10,14,22,4,11,13,63,24,38
20230330,서울특별시,11,서대문구,11410,서울특별시,11,중랑구,11260,9,12,8,15,17,4,8,12,44,17,11
20230330,서울특별시,11,서대문구,11410,서울특별시,11,성북구,11290,4,13,8,13,24,12,13,6,77,22,65
20230330,서울특별시,11,서대문구,11410,서울특별시,11,강북구,11305,5,5,3,4,14,0,10,0,31,10,10
20230330,서울특별시,11,서대문구,11410,서울특별시,11,도봉구,11320,9,11,5,16,26,5,7,0,40,16,14
20230330,서울특별시,11,서대문구,11410,서울특별시,11,노원구,11350,6,11,6,16,19,7,14,6,36,29,9
20230330,서울특별시,11,서대문구,11410,서울특별시,11,은평구,11380,7,14,9,17,21,7,9,0,60,25,15
20230330,서울특별시,11,서대문구,11410,서울특별시,11,서대문구,11410,4,14,17,17,14,0,44,3,45,21,12
20230330,서울특별시,11,서대문구,11410,서울특별시,11,마포구,11440,3,21,19,18,42,8,8,5,78,20,13
20230330,서울특별시,11,서대문구,11410,서울특별시,11,양천구,11470,6,16,7,14,27,13,7,11,67,23,13
20230330,서울특별시,11,서대문구,11410,서울특별시,11,강서구,11500,9,19,8,17,28,12,18,13,101,28,50
20230330,서울특별시,11,서대문구,11410,서울특별시,11,구로구,11530,7,14,8,19,20,7,8,7,49,21,10
20230330,서울특별시,11,서대문구,11410,서울특별시,11,금천구,11545,9,8,3,16,19,4,9,6,67,19,15
20230330,서울특별시,11,서대문구,11410,서울특별시,11,영등포구,11560,8,20,14,20,60,12,9,3,57,24,9
20230330,서울특별시,11,서대문구,11410,서울특별시,11,동작구,11590,10,18,6,17,16,9,10,8,54,11,16
20230330,서울특별시,11,서대문구,11410,서울특별시,11,관악구,11620,9,19,13,19,44,5,8,5,70,33,13
20230330,서울특별시,11,서대문구,11410,서울특별시,11,서초구,11650,11,14,12,20,28,6,16,4,65,19,17
20230330,서울특별시,11,서대문구,11410,서울특별시,11,강남구,11680,16,49,21,40,34,23,24,0,105,42,61
20230330,서울특별시,11,서대문구,11410,서울특별시,11,송파구,11710,14,32,13,21,29,11,15,17,85,24,22
20230330,서울특별시,11,서대문구,11410,서울특별시,11,강동구,11740,8,18,7,16,33,7,8,13,63,34,12
20230330,서울특별시,11,금천구,11545,서울특별시,11,종로구,11110,8,25,20,15,27,7,27,0,59,32,33
20230330,서울특별시,11,금천구,11545,서울특별시,11,중구,11140,7,40,12,35,31,9,19,4,77,34,46
20230330,서울특별시,11,금천구,11545,서울특별시,11,용산구,11170,6,35,8,51,30,23,24,12,72,36,58
20230330,서울특별시,11,금천구,11545,서울특별시,11,성동구,11200,13,36,17,26,54,25,44,12,133,66,75
20230330,서울특별시,11,금천구,11545,서울특별시,11,광진구,11215,7,37,6,34,32,21,40,13,99,62,77
20230330,서울특별시,11,금천구,11545,서울특별시,11,동대문구,11230,5,24,18,27,41,26,37,8,125,52,80
20230330,서울특별시,11,금천구,11545,서울특별시,11,중랑구,11260,16,25,6,19,40,15,25,17,106,39,75
20230330,서울특별시,11,금천구,11545,서울특별시,11,성북구,11290,7,47,4,35,42,25,50,12,160,66,98
20230330,서울특별시,11,금천구,11545,서울특별시,11,강북구,11305,7,19,0,23,30,14,22,5,70,39,40
20230330,서울특별시,11,금천구,11545,서울특별시,11,도봉구,11320,8,17,6,24,34,7,23,6,86,33,39
20230330,서울특별시,11,금천구,11545,서울특별시,11,노원구,11350,15,29,15,50,50,25,38,14,152,57,82
20230330,서울특별시,11,금천구,11545,서울특별시,11,은평구,11380,11,41,8,42,49,18,32,11,127,64,83
20230330,서울특별시,11,금천구,11545,서울특별시,11,서대문구,11410,3,21,6,41,45,12,40,13,100,46,67
20230330,서울특별시,11,금천구,11545,서울특별시,11,마포구,11440,15,45,19,45,78,35,44,11,167,65,104
20230330,서울특별시,11,금천구,11545,서울특별시,11,양천구,11470,12,30,13,39,52,27,30,10,148,64,85
20230330,서울특별시,11,금천구,11545,서울특별시,11,강서구,11500,22,62,10,41,74,41,60,17,196,97,113
20230330,서울특별시,11,금천구,11545,서울특별시,11,구로구,11530,15,51,14,54,51,19,37,13,121,62,91
20230330,서울특별시,11,금천구,11545,서울특별시,11,금천구,11545,0,29,15,39,71,14,30,9,100,54,48
20230330,서울특별시,11,금천구,11545,서울특별시,11,영등포구,11560,13,49,9,62,59,34,42,21,150,61,91
20230330,서울특별시,11,금천구,11545,서울특별시,11,동작구,11590,17,29,6,37,43,26,30,12,142,53,80
20230330,서울특별시,11,금천구,11545,서울특별시,11,관악구,11620,19,42,20,51,61,19,50,10,156,72,106
20230330,서울특별시,11,금천구,11545,서울특별시,11,서초구,11650,20,66,11,53,58,44,49,13,150,73,118
20230330,서울특별시,11,금천구,11545,서울특별시,11,강남구,11680,33,125,25,68,109,85,82,24,253,91,202
20230330,서울특별시,11,금천구,11545,서울특별시,11,송파구,11710,25,83,14,73,72,67,64,29,205,92,142
20230330,서울특별시,11,금천구,11545,서울특별시,11,강동구,11740,10,35,3,42,42,19,32,18,143,71,112
20230330,서울특별시,11,용산구,11170,서울특별시,11,강동구,11740,4,31,12,157,13,0,19,3,65,16,6
20230330,서울특별시,11,용산구,11170,서울특별시,11,송파구,11710,9,75,13,293,38,8,33,7,122,30,15
20230330,서울특별시,11,용산구,11170,서울특별시,11,강남구,11680,9,90,31,435,48,7,31,4,129,40,13
20230330,서울특별시,11,용산구,11170,서울특별시,11,서초구,11650,4,52,28,315,42,6,24,7,72,21,6
20230330,서울특별시,11,용산구,11170,서울특별시,11,관악구,11620,3,41,16,222,24,3,13,4,81,19,8
20230330,서울특별시,11,용산구,11170,서울특별시,11,동작구,11590,5,33,8,139,23,6,16,0,64,18,7
20230330,서울특별시,11,용산구,11170,서울특별시,11,영등포구,11560,6,50,13,248,30,7,22,3,57,21,4
20230330,서울특별시,11,용산구,11170,서울특별시,11,금천구,11545,0,46,0,194,15,4,10,3,58,15,0
20230330,서울특별시,11,용산구,11170,서울특별시,11,구로구,11530,3,30,6,228,19,5,22,3,60,13,11
20230330,서울특별시,11,용산구,11170,서울특별시,11,강서구,11500,4,64,12,242,28,6,17,7,89,24,13
20230330,서울특별시,11,용산구,11170,서울특별시,11,양천구,11470,0,35,10,134,37,6,13,0,73,18,7
20230330,서울특별시,11,용산구,11170,서울특별시,11,마포구,11440,5,59,14,202,20,5,18,4,80,28,5
20230330,서울특별시,11,용산구,11170,서울특별시,11,서대문구,11410,0,24,7,146,11,4,10,4,63,15,7
20230330,서울특별시,11,용산구,11170,서울특별시,11,은평구,11380,0,42,7,122,21,5,12,3,64,17,6
20230330,서울특별시,11,용산구,11170,서울특별시,11,노원구,11350,0,30,14,130,35,3,24,4,49,14,6
20230330,서울특별시,11,용산구,11170,서울특별시,11,도봉구,11320,0,10,7,89,12,0,7,0,39,9,7
20230330,서울특별시,11,용산구,11170,서울특별시,11,강북구,11305,0,19,4,97,8,0,9,0,39,10,5
20230330,서울특별시,11,용산구,11170,서울특별시,11,성북구,11290,3,21,10,170,11,3,22,0,76,17,5
20230330,서울특별시,11,용산구,11170,서울특별시,11,중랑구,11260,5,25,4,106,20,0,10,0,49,8,6
20230330,서울특별시,11,용산구,11170,서울특별시,11,동대문구,11230,0,36,6,128,19,0,15,0,71,13,15
20230330,서울특별시,11,용산구,11170,서울특별시,11,광진구,11215,0,33,9,122,22,0,12,0,73,14,7
20230330,서울특별시,11,용산구,11170,서울특별시,11,성동구,11200,0,36,14,148,19,0,13,0,93,21,5
20230330,서울특별시,11,용산구,11170,서울특별시,11,용산구,11170,0,54,23,212,24,6,19,0,70,17,0
20230330,서울특별시,11,용산구,11170,서울특별시,11,중구,11140,0,39,20,128,34,3,22,3,71,14,5
20230330,서울특별시,11,용산구,11170,서울특별시,11,종로구,11110,0,16,15,136,17,0,14,0,44,13,4
20230330,서울특별시,11,강북구,11305,서울특별시,11,종로구,11110,0,7,4,3,8,0,0,0,22,6,4
20230330,서울특별시,11,강북구,11305,서울특별시,11,중구,11140,0,16,4,3,8,0,4,0,24,4,0
20230330,서울특별시,11,강북구,11305,서울특별시,11,용산구,11170,4,8,0,9,12,0,0,0,38,4,0
20230330,서울특별시,11,강북구,11305,서울특별시,11,성동구,11200,0,26,10,4,22,0,0,0,65,20,4
20230330,서울특별시,11,강북구,11305,서울특별시,11,광진구,11215,0,8,4,3,6,0,5,0,62,11,6
20230330,서울특별시,11,강북구,11305,서울특별시,11,동대문구,11230,0,9,3,4,5,3,0,0,68,8,0
20230330,서울특별시,11,강북구,11305,서울특별시,11,중랑구,11260,0,7,0,0,9,0,5,0,57,8,9
20230330,서울특별시,11,강북구,11305,서울특별시,11,성북구,11290,0,35,11,0,9,0,7,0,81,15,7
20230330,서울특별시,11,강북구,11305,서울특별시,11,강북구,11305,0,16,4,6,13,0,17,0,43,8,0
20230330,서울특별시,11,강북구,11305,서울특별시,11,도봉구,11320,0,15,4,0,11,0,4,0,46,7,3
20230330,서울특별시,11,강북구,11305,서울특별시,11,노원구,11350,0,14,0,9,8,0,6,4,79,17,4
20230330,서울특별시,11,강북구,11305,서울특별시,11,은평구,11380,0,14,5,0,13,3,8,4,84,6,6
20230330,서울특별시,11,강북구,11305,서울특별시,11,서대문구,11410,0,10,0,4,13,0,0,3,45,6,9
20230330,서울특별시,11,강북구,11305,서울특별시,11,마포구,11440,4,22,4,6,18,0,4,0,65,14,8
20230330,서울특별시,11,강북구,11305,서울특별시,11,양천구,11470,0,13,4,5,14,0,6,0,53,9,3
20230330,서울특별시,11,강북구,11305,서울특별시,11,강서구,11500,3,26,6,6,9,5,5,5,118,10,5
20230330,서울특별시,11,강북구,11305,서울특별시,11,구로구,11530,6,15,3,6,15,0,9,0,69,10,3
20230330,서울특별시,11,강북구,11305,서울특별시,11,금천구,11545,0,11,4,5,6,0,0,0,49,8,8
20230330,서울특별시,11,강북구,11305,서울특별시,11,영등포구,11560,3,23,6,6,19,0,3,3,47,8,6
20230330,서울특별시,11,강북구,11305,서울특별시,11,동작구,11590,4,13,0,0,10,0,3,0,71,9,10
20230330,서울특별시,11,강북구,11305,서울특별시,11,관악구,11620,4,13,7,5,8,0,5,0,81,9,11
20230330,서울특별시,11,강북구,11305,서울특별시,11,서초구,11650,0,15,6,6,44,0,0,4,36,9,7
20230330,서울특별시,11,강북구,11305,서울특별시,11,강남구,11680,4,30,3,14,94,0,9,5,85,10,12
20230330,서울특별시,11,강북구,11305,서울특별시,11,송파구,11710,0,18,7,11,24,0,6,5,92,20,12
20230330,서울특별시,11,강북구,11305,서울특별시,11,강동구,11740,0,12,0,4,18,0,4,4,67,13,9
20230330,서울특별시,11,은평구,11380,서울특별시,11,종로구,11110,0,7,0,0,13,0,24,0,18,10,9
20230330,서울특별시,11,은평구,11380,서울특별시,11,중구,11140,0,7,6,0,10,0,14,0,33,8,14
20230330,서울특별시,11,은평구,11380,서울특별시,11,용산구,11170,5,6,6,14,22,5,21,0,19,3,16
20230330,서울특별시,11,은평구,11380,서울특별시,11,성동구,11200,0,14,11,5,15,11,17,3,47,17,22
20230330,서울특별시,11,은평구,11380,서울특별시,11,광진구,11215,0,15,6,5,31,7,20,0,14,4,15
20230330,서울특별시,11,은평구,11380,서울특별시,11,동대문구,11230,0,8,8,3,23,8,19,3,30,6,26
20230330,서울특별시,11,은평구,11380,서울특별시,11,중랑구,11260,0,8,4,0,28,8,25,0,17,8,21
20230330,서울특별시,11,은평구,11380,서울특별시,11,성북구,11290,4,15,6,5,28,0,24,3,43,15,33
20230330,서울특별시,11,은평구,11380,서울특별시,11,강북구,11305,0,3,0,0,15,0,13,0,12,5,13
20230330,서울특별시,11,은평구,11380,서울특별시,11,도봉구,11320,0,9,0,0,19,5,16,3,10,3,25
20230330,서울특별시,11,은평구,11380,서울특별시,11,노원구,11350,0,9,4,3,35,13,40,6,20,5,32
20230330,서울특별시,11,은평구,11380,서울특별시,11,은평구,11380,3,11,13,3,48,10,49,4,29,19,37
20230330,서울특별시,11,은평구,11380,서울특별시,11,서대문구,11410,0,9,9,0,17,8,19,0,18,11,20
20230330,서울특별시,11,은평구,11380,서울특별시,11,마포구,11440,0,17,9,4,31,9,27,4,22,16,28
20230330,서울특별시,11,은평구,11380,서울특별시,11,양천구,11470,0,11,10,0,46,0,25,0,16,12,29
20230330,서울특별시,11,은평구,11380,서울특별시,11,강서구,11500,0,13,9,0,37,11,51,0,40,10,48
20230330,서울특별시,11,은평구,11380,서울특별시,11,구로구,11530,0,7,4,5,28,9,25,0,25,9,28
20230330,서울특별시,11,은평구,11380,서울특별시,11,금천구,11545,3,7,3,6,18,0,16,3,37,12,17
20230330,서울특별시,11,은평구,11380,서울특별시,11,영등포구,11560,0,18,4,8,32,8,29,4,18,9,19
20230330,서울특별시,11,은평구,11380,서울특별시,11,동작구,11590,3,10,4,0,23,6,26,0,12,5,23
20230330,서울특별시,11,강동구,11740,서울특별시,11,종로구,11110,7,11,5,5,24,3,28,0,24,10,7
20230330,서울특별시,11,강동구,11740,서울특별시,11,중구,11140,6,18,6,3,22,6,14,0,47,9,5
20230330,서울특별시,11,강동구,11740,서울특별시,11,용산구,11170,8,10,5,17,29,4,37,0,22,8,6
20230330,서울특별시,11,강동구,11740,서울특별시,11,성동구,11200,4,37,10,5,25,3,32,3,69,23,4
20230330,서울특별시,11,강동구,11740,서울특별시,11,광진구,11215,9,25,7,9,28,4,31,3,25,9,7
20230330,서울특별시,11,강동구,11740,서울특별시,11,동대문구,11230,13,23,5,11,33,0,35,0,42,20,4
20230330,서울특별시,11,강동구,11740,서울특별시,11,중랑구,11260,7,22,4,3,16,3,20,0,30,12,5
20230330,서울특별시,11,강동구,11740,서울특별시,11,성북구,11290,7,29,6,13,47,4,59,0,46,22,6
20230330,서울특별시,11,강동구,11740,서울특별시,11,강북구,11305,5,11,6,0,23,0,26,0,22,3,6
20230330,서울특별시,11,강동구,11740,서울특별시,11,도봉구,11320,4,9,5,7,20,0,23,5,19,5,5
20230330,서울특별시,11,강동구,11740,서울특별시,11,노원구,11350,8,14,13,10,32,6,44,3,30,10,9
20230330,서울특별시,11,강동구,11740,서울특별시,11,은평구,11380,7,16,3,5,27,0,38,0,17,14,14
20230330,서울특별시,11,강동구,11740,서울특별시,11,서대문구,11410,8,15,8,9,32,0,34,3,13,5,5
20230330,서울특별시,11,강동구,11740,서울특별시,11,마포구,11440,15,44,6,13,32,10,64,0,20,10,10
20230330,서울특별시,11,강동구,11740,서울특별시,11,양천구,11470,7,46,8,11,14,5,27,0,22,12,16
20230330,서울특별시,11,강동구,11740,서울특별시,11,강서구,11500,14,41,4,10,49,6,57,0,46,19,12
20230330,서울특별시,11,강동구,11740,서울특별시,11,구로구,11530,4,20,3,10,19,5,21,0,31,6,8
20230330,서울특별시,11,강동구,11740,서울특별시,11,금천구,11545,3,33,8,10,16,3,24,0,49,19,5
20230330,서울특별시,11,강동구,11740,서울특별시,11,영등포구,11560,8,33,11,10,23,0,44,0,22,19,7
20230330,서울특별시,11,강동구,11740,서울특별시,11,동작구,11590,8,28,6,11,27,0,45,3,22,7,7
20230330,서울특별시,11,강동구,11740,서울특별시,11,관악구,11620,11,24,5,7,26,0,39,0,27,32,4
20230330,서울특별시,11,강동구,11740,서울특별시,11,서초구,11650,17,36,16,14,37,8,77,5,24,16,10
20230330,서울특별시,11,강동구,11740,서울특별시,11,강남구,11680,16,67,17,18,80,8,97,0,54,21,12
20230330,서울특별시,11,강동구,11740,서울특별시,11,송파구,11710,13,55,10,14,52,10,80,4,64,21,0
20230330,서울특별시,11,강동구,11740,서울특별시,11,강동구,11740,6,41,16,14,21,8,44,0,28,24,9
20230330,서울특별시,11,은평구,11380,서울특별시,11,관악구,11620,0,7,5,0,21,5,36,0,16,16,37
20230330,서울특별시,11,은평구,11380,서울특별시,11,서초구,11650,7,5,5,4,29,9,30,0,26,6,41
20230330,서울특별시,11,은평구,11380,서울특별시,11,강남구,11680,0,41,12,3,40,13,46,0,30,19,45
20230330,서울특별시,11,은평구,11380,서울특별시,11,송파구,11710,3,13,15,0,38,8,40,0,38,13,48
20230330,서울특별시,11,은평구,11380,서울특별시,11,강동구,11740,0,13,9,0,35,9,37,0,10,17,35
20230330,서울특별시,11,강서구,11500,서울특별시,11,강동구,11740,9,47,37,40,42,8,72,12,106,54,68
20230330,서울특별시,11,강서구,11500,서울특별시,11,송파구,11710,12,70,42,44,92,20,133,18,138,82,116
20230330,서울특별시,11,강서구,11500,서울특별시,11,강남구,11680,14,106,57,81,122,20,143,13,168,88,105
20230330,서울특별시,11,강서구,11500,서울특별시,11,서초구,11650,12,69,35,42,58,28,109,14,96,62,89
20230330,서울특별시,11,강서구,11500,서울특별시,11,관악구,11620,5,49,21,35,66,13,78,9,136,60,54
20230330,서울특별시,11,강서구,11500,서울특별시,11,동작구,11590,7,39,20,30,52,20,69,10,98,97,62
20230330,서울특별시,11,강서구,11500,서울특별시,11,영등포구,11560,7,50,38,46,59,22,72,12,108,56,64
20230330,서울특별시,11,강서구,11500,서울특별시,11,금천구,11545,8,31,22,24,49,13,42,7,112,31,31
20230330,서울특별시,11,강서구,11500,서울특별시,11,구로구,11530,8,31,30,34,51,12,74,17,95,43,48
20230330,서울특별시,11,강서구,11500,서울특별시,11,강서구,11500,17,89,45,66,90,18,120,25,189,61,81
20230330,서울특별시,11,강서구,11500,서울특별시,11,양천구,11470,3,55,29,34,48,7,62,15,100,33,51
20230330,서울특별시,11,강서구,11500,서울특별시,11,마포구,11440,11,58,42,51,71,18,84,19,168,82,60
20230330,서울특별시,11,강서구,11500,서울특별시,11,서대문구,11410,7,38,21,36,35,16,56,11,95,47,57
20230330,서울특별시,11,강서구,11500,서울특별시,11,은평구,11380,10,37,22,46,43,10,79,14,109,42,43
20230330,서울특별시,11,강서구,11500,서울특별시,11,노원구,11350,4,33,20,35,54,16,79,6,100,61,65
20230330,서울특별시,11,강서구,11500,서울특별시,11,도봉구,11320,6,31,9,21,27,0,51,6,66,33,69
20230330,서울특별시,11,강서구,11500,서울특별시,11,강북구,11305,9,27,22,17,34,9,55,8,69,65,30
20230330,서울특별시,11,강서구,11500,서울특별시,11,성북구,11290,9,45,25,35,48,15,57,18,150,64,46
20230330,서울특별시,11,강서구,11500,서울특별시,11,중랑구,11260,10,49,17,24,46,8,56,9,88,46,43
20230330,서울특별시,11,강서구,11500,서울특별시,11,동대문구,11230,4,42,20,48,38,12,70,11,123,73,36
20230330,서울특별시,11,강서구,11500,서울특별시,11,광진구,11215,14,34,22,36,51,8,69,19,84,40,68
20230330,서울특별시,11,강서구,11500,서울특별시,11,성동구,11200,5,76,32,29,42,11,58,20,130,56,36
20230330,서울특별시,11,강서구,11500,서울특별시,11,용산구,11170,8,21,13,41,46,12,42,5,65,39,21
20230330,서울특별시,11,강서구,11500,서울특별시,11,중구,11140,8,39,15,20,27,3,27,14,80,66,24
20230330,서울특별시,11,강서구,11500,서울특별시,11,종로구,11110,8,35,20,20,36,8,29,12,72,31,36
20230330,서울특별시,11,광진구,11215,서울특별시,11,강동구,11740,10,18,6,18,36,4,11,3,72,36,6
20230330,서울특별시,11,광진구,11215,서울특별시,11,송파구,11710,8,37,11,31,42,6,12,6,93,52,10
20230330,서울특별시,11,광진구,11215,서울특별시,11,강남구,11680,10,59,27,28,39,5,24,10,114,45,10
20230330,서울특별시,11,광진구,11215,서울특별시,11,서초구,11650,8,26,12,28,40,5,24,0,95,29,13
20230330,서울특별시,11,광진구,11215,서울특별시,11,관악구,11620,9,16,14,23,34,8,9,3,85,48,5
20230330,서울특별시,11,광진구,11215,서울특별시,11,동작구,11590,9,10,6,14,17,0,4,3,70,30,4
20230330,서울특별시,11,광진구,11215,서울특별시,11,영등포구,11560,7,20,23,22,42,4,10,4,73,40,5
20230330,서울특별시,11,광진구,11215,서울특별시,11,금천구,11545,3,13,9,11,21,3,3,8,40,15,0
20230330,서울특별시,11,광진구,11215,서울특별시,11,구로구,11530,0,11,7,16,39,6,11,7,63,32,5
20230330,서울특별시,11,광진구,11215,서울특별시,11,강서구,11500,4,26,11,20,46,3,13,6,111,59,9
20230330,서울특별시,11,광진구,11215,서울특별시,11,양천구,11470,3,26,14,15,21,4,13,0,58,34,4
20230330,서울특별시,11,광진구,11215,서울특별시,11,마포구,11440,4,26,14,19,26,3,13,0,88,38,4
20230330,서울특별시,11,광진구,11215,서울특별시,11,서대문구,11410,4,22,6,9,18,3,4,3,65,44,0
20230330,서울특별시,11,광진구,11215,서울특별시,11,은평구,11380,5,18,4,12,29,9,8,5,54,42,6
20230330,서울특별시,11,광진구,11215,서울특별시,11,노원구,11350,3,20,8,7,28,9,7,5,76,33,5
20230330,서울특별시,11,광진구,11215,서울특별시,11,도봉구,11320,0,9,5,11,20,0,8,0,40,21,4
20230330,서울특별시,11,광진구,11215,서울특별시,11,강북구,11305,4,15,8,12,19,0,6,0,47,30,0
20230330,서울특별시,11,광진구,11215,서울특별시,11,성북구,11290,7,29,8,15,17,5,13,4,93,35,4
20230330,서울특별시,11,광진구,11215,서울특별시,11,중랑구,11260,9,19,11,11,26,3,10,0,51,26,5
20230330,서울특별시,11,광진구,11215,서울특별시,11,동대문구,11230,7,19,10,16,14,5,3,0,85,31,5
20230330,서울특별시,11,광진구,11215,서울특별시,11,광진구,11215,0,33,11,10,23,0,16,3,84,40,4
20230330,서울특별시,11,광진구,11215,서울특별시,11,성동구,11200,6,34,16,11,23,5,7,0,102,31,4
20230330,서울특별시,11,광진구,11215,서울특별시,11,용산구,11170,0,15,13,11,20,3,4,0,45,12,5
20230330,서울특별시,11,광진구,11215,서울특별시,11,중구,11140,0,34,9,13,12,0,6,0,51,20,5
20230330,서울특별시,11,광진구,11215,서울특별시,11,종로구,11110,4,10,11,9,13,3,7,0,43,20,0
20230330,서울특별시,11,종로구,11110,서울특별시,11,강동구,11740,0,38,9,8,24,0,15,5,88,48,13
20230330,서울특별시,11,종로구,11110,서울특별시,11,송파구,11710,10,45,24,24,48,0,22,9,164,88,9
20230330,서울특별시,11,종로구,11110,서울특별시,11,강남구,11680,18,86,97,21,43,5,35,12,203,72,8
20230330,서울특별시,11,종로구,11110,서울특별시,11,서초구,11650,14,52,41,8,36,0,25,5,94,52,10
20230330,서울특별시,11,종로구,11110,서울특별시,11,관악구,11620,11,33,13,12,37,0,21,5,130,35,12
20230330,서울특별시,11,종로구,11110,서울특별시,11,동작구,11590,6,22,14,12,26,3,10,3,94,36,9
20230330,서울특별시,11,종로구,11110,서울특별시,11,영등포구,11560,8,38,21,10,39,0,16,6,83,38,3
20230330,서울특별시,11,구로구,11530,서울특별시,11,종로구,11110,4,31,19,8,20,7,16,0,36,14,4
20230330,서울특별시,11,구로구,11530,서울특별시,11,중구,11140,0,31,20,35,23,0,7,0,50,4,5
20230330,서울특별시,11,구로구,11530,서울특별시,11,용산구,11170,11,32,21,34,22,6,6,0,49,10,12
20230330,서울특별시,11,구로구,11530,서울특별시,11,성동구,11200,3,67,29,26,20,5,8,4,101,26,12
20230330,서울특별시,11,구로구,11530,서울특별시,11,광진구,11215,11,48,26,27,22,3,10,0,84,17,18
20230330,서울특별시,11,구로구,11530,서울특별시,11,동대문구,11230,0,55,30,22,19,7,5,0,89,19,17
20230330,서울특별시,11,구로구,11530,서울특별시,11,중랑구,11260,10,45,23,16,21,7,9,0,73,22,14
20230330,서울특별시,11,구로구,11530,서울특별시,11,성북구,11290,9,51,30,24,21,10,8,0,99,26,18
20230330,서울특별시,11,구로구,11530,서울특별시,11,강북구,11305,3,27,13,16,22,4,10,0,46,25,15
20230330,서울특별시,11,구로구,11530,서울특별시,11,도봉구,11320,7,48,19,17,7,8,12,0,60,21,15
20230330,서울특별시,11,종로구,11110,서울특별시,11,금천구,11545,4,31,10,7,17,0,9,0,76,32,4
20230330,서울특별시,11,종로구,11110,서울특별시,11,구로구,11530,9,31,10,8,25,0,5,8,81,41,0
20230330,서울특별시,11,종로구,11110,서울특별시,11,강서구,11500,3,44,19,13,49,0,17,9,123,68,10
20230330,서울특별시,11,종로구,11110,서울특별시,11,양천구,11470,6,31,17,9,17,0,10,7,74,55,8
20230330,서울특별시,11,종로구,11110,서울특별시,11,마포구,11440,8,57,38,16,34,0,17,5,118,51,13
20230330,서울특별시,11,종로구,11110,서울특별시,11,서대문구,11410,4,25,17,8,25,0,13,3,95,48,5
20230330,서울특별시,11,종로구,11110,서울특별시,11,은평구,11380,9,28,17,9,24,0,15,4,95,39,12
20230330,서울특별시,11,종로구,11110,서울특별시,11,노원구,11350,6,34,17,15,27,5,20,7,113,47,6
20230330,서울특별시,11,종로구,11110,서울특별시,11,도봉구,11320,4,23,9,5,17,0,10,5,55,24,14
20230330,서울특별시,11,종로구,11110,서울특별시,11,강북구,11305,5,15,3,5,20,0,10,0,52,29,4
20230330,서울특별시,11,종로구,11110,서울특별시,11,성북구,11290,7,39,26,9,36,0,16,0,114,32,12
20230330,서울특별시,11,종로구,11110,서울특별시,11,중랑구,11260,5,27,9,8,12,0,14,6,80,34,6
20230330,서울특별시,11,종로구,11110,서울특별시,11,동대문구,11230,9,27,20,4,26,0,9,4,99,37,8
20230330,서울특별시,11,구로구,11530,서울특별시,11,노원구,11350,5,62,33,23,25,7,17,6,98,20,16
20230330,서울특별시,11,구로구,11530,서울특별시,11,은평구,11380,7,60,29,19,29,12,8,4,92,26,22
20230330,서울특별시,11,구로구,11530,서울특별시,11,서대문구,11410,13,42,22,25,21,0,10,0,73,12,13
20230330,서울특별시,11,구로구,11530,서울특별시,11,마포구,11440,11,65,38,28,37,5,12,8,116,23,16
20230330,서울특별시,11,구로구,11530,서울특별시,11,양천구,11470,6,50,23,25,27,10,17,6,98,24,30
20230330,서울특별시,11,구로구,11530,서울특별시,11,강서구,11500,4,66,46,45,55,11,24,4,149,34,18
20230330,서울특별시,11,구로구,11530,서울특별시,11,구로구,11530,3,66,36,41,34,7,16,3,108,23,17
20230330,서울특별시,11,구로구,11530,서울특별시,11,금천구,11545,11,62,31,24,29,8,4,0,83,26,20
20230330,서울특별시,11,구로구,11530,서울특별시,11,영등포구,11560,9,84,31,33,43,5,15,3,102,33,24
20230330,서울특별시,11,구로구,11530,서울특별시,11,동작구,11590,10,66,33,18,29,5,9,9,106,21,15
20230330,서울특별시,11,구로구,11530,서울특별시,11,관악구,11620,8,82,51,27,34,8,16,4,142,33,22
20230330,서울특별시,11,구로구,11530,서울특별시,11,서초구,11650,10,68,29,28,43,9,18,6,91,26,14
20230330,서울특별시,11,구로구,11530,서울특별시,11,강남구,11680,16,103,45,46,58,11,19,4,133,35,43
20230330,서울특별시,11,구로구,11530,서울특별시,11,송파구,11710,17,78,47,45,45,15,19,0,145,29,35
20230330,서울특별시,11,구로구,11530,서울특별시,11,강동구,11740,6,63,28,24,36,4,7,4,87,37,22
20230330,서울특별시,11,종로구,11110,서울특별시,11,광진구,11215,3,20,19,6,27,0,15,0,96,37,7
20230330,서울특별시,11,종로구,11110,서울특별시,11,성동구,11200,7,36,26,11,25,0,11,3,122,29,3
20230330,서울특별시,11,종로구,11110,서울특별시,11,용산구,11170,5,26,35,20,20,3,15,3,71,19,4
20230330,서울특별시,11,종로구,11110,서울특별시,11,중구,11140,0,29,39,6,19,3,17,0,62,25,5
20230330,서울특별시,11,종로구,11110,서울특별시,11,종로구,11110,12,33,167,8,17,0,28,0,44,27,21
20230330,서울특별시,11,영등포구,11560,서울특별시,11,강동구,11740,4,61,22,15,32,5,19,3,60,24,32
20230330,서울특별시,11,영등포구,11560,서울특별시,11,송파구,11710,0,70,56,26,61,3,31,4,70,31,25
20230330,서울특별시,11,영등포구,11560,서울특별시,11,강남구,11680,15,124,36,41,62,7,54,4,123,32,31
20230330,서울특별시,11,영등포구,11560,서울특별시,11,서초구,11650,5,69,31,29,43,6,40,0,75,21,11
20230330,서울특별시,11,영등포구,11560,서울특별시,11,관악구,11620,8,61,17,29,26,6,37,0,67,36,50
20230330,서울특별시,11,영등포구,11560,서울특별시,11,동작구,11590,9,47,21,10,23,5,15,0,49,29,21
20230330,서울특별시,11,영등포구,11560,서울특별시,11,영등포구,11560,10,96,50,26,51,4,57,3,63,39,19
20230330,서울특별시,11,영등포구,11560,서울특별시,11,금천구,11545,4,48,19,23,31,0,22,3,47,31,28
20230330,서울특별시,11,영등포구,11560,서울특별시,11,구로구,11530,3,59,24,28,44,3,30,0,50,36,39
20230330,서울특별시,11,영등포구,11560,서울특별시,11,강서구,11500,4,94,22,22,44,4,34,0,82,27,22
20230330,서울특별시,11,영등포구,11560,서울특별시,11,양천구,11470,5,57,18,15,37,0,22,0,47,31,22
20230330,서울특별시,11,영등포구,11560,서울특별시,11,마포구,11440,6,59,23,24,53,6,35,4,81,21,25
20230330,서울특별시,11,영등포구,11560,서울특별시,11,서대문구,11410,3,37,8,14,30,4,20,0,49,22,18
20230330,서울특별시,11,영등포구,11560,서울특별시,11,은평구,11380,6,52,4,15,29,0,27,0,47,29,21
20230330,서울특별시,11,영등포구,11560,서울특별시,11,노원구,11350,4,45,9,21,45,4,13,0,53,20,17
20230330,서울특별시,11,영등포구,11560,서울특별시,11,도봉구,11320,5,42,7,14,22,0,6,0,46,10,5
20230330,서울특별시,11,영등포구,11560,서울특별시,11,강북구,11305,3,26,8,8,16,0,9,0,40,20,16
20230330,서울특별시,11,영등포구,11560,서울특별시,11,성북구,11290,7,39,11,17,34,5,14,0,76,36,14
20230330,서울특별시,11,영등포구,11560,서울특별시,11,중랑구,11260,3,42,10,17,25,0,19,0,49,18,40
20230330,서울특별시,11,영등포구,11560,서울특별시,11,동대문구,11230,6,50,20,8,28,4,24,0,53,34,22
20230330,서울특별시,11,영등포구,11560,서울특별시,11,광진구,11215,0,34,17,24,24,0,20,3,54,28,24
20230330,서울특별시,11,영등포구,11560,서울특별시,11,성동구,11200,0,60,22,18,22,6,30,5,90,45,18
20230330,서울특별시,11,영등포구,11560,서울특별시,11,용산구,11170,4,40,9,36,17,0,21,0,44,11,17
20230330,서울특별시,11,영등포구,11560,서울특별시,11,중구,11140,0,68,9,13,29,0,28,4,63,13,14
20230330,서울특별시,11,영등포구,11560,서울특별시,11,종로구,11110,0,41,14,6,18,0,11,0,37,8,5
20230330,서울특별시,11,서초구,11650,서울특별시,11,종로구,11110,10,31,14,10,36,4,33,3,50,12,7
20230330,서울특별시,11,서초구,11650,서울특별시,11,중구,11140,4,65,102,13,28,7,55,3,58,7,12
20230330,서울특별시,11,서초구,11650,서울특별시,11,용산구,11170,8,34,17,27,43,6,56,6,49,10,15
20230330,서울특별시,11,서초구,11650,서울특별시,11,성동구,11200,10,65,43,4,47,5,36,7,98,18,15
20230330,서울특별시,11,서초구,11650,서울특별시,11,광진구,11215,5,41,16,17,58,5,39,4,63,11,12
20230330,서울특별시,11,서초구,11650,서울특별시,11,동대문구,11230,10,45,19,17,48,5,42,8,57,10,9
20230330,서울특별시,11,서초구,11650,서울특별시,11,중랑구,11260,7,34,14,14,44,3,37,6,37,13,14
20230330,서울특별시,11,서초구,11650,서울특별시,11,성북구,11290,12,45,20,12,51,0,30,6,77,23,12
20230330,서울특별시,11,서초구,11650,서울특별시,11,강북구,11305,3,23,9,8,21,3,23,0,26,8,11
20230330,서울특별시,11,서초구,11650,서울특별시,11,도봉구,11320,7,19,11,14,36,0,23,4,27,10,13
20230330,서울특별시,11,서초구,11650,서울특별시,11,노원구,11350,6,58,26,9,42,8,41,11,42,17,12
20230330,서울특별시,11,서초구,11650,서울특별시,11,은평구,11380,4,47,21,13,57,0,36,4,57,10,19
20230330,서울특별시,11,서초구,11650,서울특별시,11,서대문구,11410,5,35,19,7,44,7,38,6,46,10,11
20230330,서울특별시,11,서초구,11650,서울특별시,11,마포구,11440,6,48,28,18,65,6,52,8,79,26,17
20230330,서울특별시,11,서초구,11650,서울특별시,11,양천구,11470,4,49,23,12,45,4,60,9,40,16,23
20230330,서울특별시,11,서초구,11650,서울특별시,11,강서구,11500,16,62,33,20,82,6,64,5,89,23,21
20230330,서울특별시,11,서초구,11650,서울특별시,11,구로구,11530,3,28,19,19,45,0,42,3,44,16,19
20230330,서울특별시,11,서초구,11650,서울특별시,11,금천구,11545,0,32,10,13,29,5,26,0,54,24,17
20230330,서울특별시,11,서초구,11650,서울특별시,11,영등포구,11560,9,51,27,20,66,7,59,7,48,21,18
20230330,서울특별시,11,서초구,11650,서울특별시,11,동작구,11590,12,44,25,15,47,3,56,7,64,15,30
20230330,서울특별시,11,서초구,11650,서울특별시,11,관악구,11620,7,70,24,13,64,6,50,6,66,21,19
20230330,서울특별시,11,서초구,11650,서울특별시,11,서초구,11650,27,148,78,34,131,12,344,21,133,29,37
20230330,서울특별시,11,서초구,11650,서울특별시,11,강남구,11680,25,152,88,36,165,18,147,12,179,31,46
20230330,서울특별시,11,서초구,11650,서울특별시,11,송파구,11710,14,85,65,31,116,14,75,12,99,40,39
20230330,서울특별시,11,서초구,11650,서울특별시,11,강동구,11740,11,45,25,14,59,3,44,6,57,23,22
20230330,서울특별시,11,송파구,11710,서울특별시,11,종로구,11110,0,17,11,5,31,5,26,0,45,19,5
20230330,서울특별시,11,송파구,11710,서울특별시,11,중구,11140,4,38,15,9,30,7,24,0,80,19,4
20230330,서울특별시,11,송파구,11710,서울특별시,11,용산구,11170,0,23,17,19,26,5,24,0,54,15,10
20230330,서울특별시,11,송파구,11710,서울특별시,11,성동구,11200,0,46,47,10,27,9,33,6,117,40,8
20230330,서울특별시,11,송파구,11710,서울특별시,11,광진구,11215,5,30,19,11,27,8,48,3,84,27,8
20230330,서울특별시,11,송파구,11710,서울특별시,11,동대문구,11230,0,20,18,7,12,5,40,0,96,24,11
20230330,서울특별시,11,송파구,11710,서울특별시,11,중랑구,11260,0,21,22,4,24,7,35,0,83,23,8
20230330,서울특별시,11,송파구,11710,서울특별시,11,성북구,11290,0,37,19,6,29,9,41,4,93,31,10
20230330,서울특별시,11,송파구,11710,서울특별시,11,강북구,11305,6,19,16,8,9,3,28,4,49,15,3
20230330,서울특별시,11,송파구,11710,서울특별시,11,도봉구,11320,5,19,12,10,11,6,37,0,52,20,0
20230330,서울특별시,11,송파구,11710,서울특별시,11,노원구,11350,7,31,29,6,38,7,45,3,75,23,8
20230330,서울특별시,11,송파구,11710,서울특별시,11,은평구,11380,0,34,20,3,18,13,42,8,61,27,6
20230330,서울특별시,11,송파구,11710,서울특별시,11,서대문구,11410,4,26,22,8,24,4,36,4,58,28,6
20230330,서울특별시,11,송파구,11710,서울특별시,11,마포구,11440,5,45,29,15,55,13,51,0,96,30,10
20230330,서울특별시,11,송파구,11710,서울특별시,11,양천구,11470,7,25,20,9,38,9,48,7,77,16,10
20230330,서울특별시,11,송파구,11710,서울특별시,11,강서구,11500,5,59,38,19,44,14,47,5,127,31,13
20230330,서울특별시,11,송파구,11710,서울특별시,11,구로구,11530,0,35,51,11,63,12,35,3,85,19,8
20230330,서울특별시,11,송파구,11710,서울특별시,11,금천구,11545,0,22,17,14,25,4,11,0,97,36,6
20230330,서울특별시,11,송파구,11710,서울특별시,11,영등포구,11560,4,32,31,14,43,7,53,4,83,31,11
20230330,서울특별시,11,송파구,11710,서울특별시,11,동작구,11590,5,23,31,11,25,10,44,0,78,20,4
20230330,서울특별시,11,송파구,11710,서울특별시,11,관악구,11620,0,32,25,9,30,14,45,4,106,37,10
20230330,서울특별시,11,송파구,11710,서울특별시,11,서초구,11650,5,37,35,13,55,14,47,5,101,29,29
20230330,서울특별시,11,송파구,11710,서울특별시,11,강남구,11680,4,104,69,26,104,23,85,8,180,51,29
20230330,서울특별시,11,송파구,11710,서울특별시,11,송파구,11710,7,145,57,30,50,13,93,6,183,61,25
20230330,서울특별시,11,송파구,11710,서울특별시,11,강동구,11740,6,40,31,10,28,9,32,0,86,42,19
20230330,서울특별시,11,노원구,11350,서울특별시,11,종로구,11110,0,0,8,10,19,0,7,0,25,8,0
20230330,서울특별시,11,노원구,11350,서울특별시,11,중구,11140,4,11,5,4,7,10,19,0,28,9,6
20230330,서울특별시,11,노원구,11350,서울특별시,11,용산구,11170,0,7,11,12,23,5,13,0,18,5,0
20230330,서울특별시,11,노원구,11350,서울특별시,11,성동구,11200,3,22,13,6,14,9,21,3,50,20,10
20230330,서울특별시,11,노원구,11350,서울특별시,11,광진구,11215,0,9,7,9,21,0,22,4,27,9,5
20230330,서울특별시,11,노원구,11350,서울특별시,11,동대문구,11230,3,5,4,7,15,0,17,3,40,11,8
20230330,서울특별시,11,노원구,11350,서울특별시,11,중랑구,11260,0,17,5,9,25,3,20,4,38,7,12
20230330,서울특별시,11,노원구,11350,서울특별시,11,성북구,11290,3,11,7,14,25,4,14,6,57,13,15
20230330,서울특별시,11,노원구,11350,서울특별시,11,강북구,11305,4,7,5,15,21,3,19,0,21,0,5
20230330,서울특별시,11,노원구,11350,서울특별시,11,도봉구,11320,0,10,0,10,14,3,16,3,29,7,7
20230330,서울특별시,11,노원구,11350,서울특별시,11,노원구,11350,6,26,17,12,29,4,42,5,46,10,16
20230330,서울특별시,11,노원구,11350,서울특별시,11,은평구,11380,0,5,3,12,26,6,29,4,27,12,12
20230330,서울특별시,11,노원구,11350,서울특별시,11,서대문구,11410,3,9,4,6,10,5,20,0,33,6,8
20230330,서울특별시,11,노원구,11350,서울특별시,11,마포구,11440,6,9,7,23,23,4,12,5,23,6,8
20230330,서울특별시,11,노원구,11350,서울특별시,11,양천구,11470,0,12,5,8,24,6,24,0,23,9,11
20230330,서울특별시,11,노원구,11350,서울특별시,11,강서구,11500,0,13,5,20,40,7,20,14,43,18,13
20230330,서울특별시,11,노원구,11350,서울특별시,11,구로구,11530,0,6,14,15,23,0,30,6,45,8,6
20230330,서울특별시,11,노원구,11350,서울특별시,11,금천구,11545,3,12,6,13,21,3,13,0,40,12,10
20230330,서울특별시,11,노원구,11350,서울특별시,11,영등포구,11560,0,12,8,16,27,3,16,7,26,14,14
20230330,서울특별시,11,노원구,11350,서울특별시,11,동작구,11590,3,10,4,8,19,0,27,5,24,10,8
20230330,서울특별시,11,노원구,11350,서울특별시,11,관악구,11620,6,6,6,7,24,0,31,3,33,11,6
20230330,서울특별시,11,노원구,11350,서울특별시,11,서초구,11650,0,9,7,14,40,5,23,3,34,9,8
20230330,서울특별시,11,노원구,11350,서울특별시,11,강남구,11680,8,24,10,16,74,8,45,4,47,21,15
20230330,서울특별시,11,노원구,11350,서울특별시,11,송파구,11710,0,30,6,16,54,9,29,8,46,26,20
20230330,서울특별시,11,노원구,11350,서울특별시,11,강동구,11740,4,8,0,10,48,4,20,5,28,26,11
20230330,서울특별시,11,중구,11140,서울특별시,11,종로구,11110,15,44,8,8,66,0,17,0,77,18,4
20230330,서울특별시,11,중구,11140,서울특별시,11,중구,11140,4,75,12,8,89,3,33,4,159,30,23
20230330,서울특별시,11,중구,11140,서울특별시,11,용산구,11170,10,82,12,11,59,0,47,3,148,30,5
20230330,서울특별시,11,중구,11140,서울특별시,11,성동구,11200,11,64,19,5,86,6,28,0,246,61,11
20230330,서울특별시,11,중구,11140,서울특별시,11,광진구,11215,5,44,10,4,85,0,30,3,194,41,0
20230330,서울특별시,11,중구,11140,서울특별시,11,동대문구,11230,4,41,5,4,59,4,21,3,181,43,8
20230330,서울특별시,11,중구,11140,서울특별시,11,중랑구,11260,3,48,6,6,46,6,24,0,128,36,8
20230330,서울특별시,11,중구,11140,서울특별시,11,성북구,11290,8,51,8,7,72,0,33,6,221,55,11
20230330,서울특별시,11,중구,11140,서울특별시,11,강북구,11305,4,30,6,6,29,0,10,0,109,33,3
20230330,서울특별시,11,중구,11140,서울특별시,11,도봉구,11320,5,34,4,0,27,8,15,0,80,27,4
20230330,서울특별시,11,중구,11140,서울특별시,11,노원구,11350,6,54,7,3,90,11,33,5,184,52,8
20230330,서울특별시,11,중구,11140,서울특별시,11,은평구,11380,0,58,5,5,51,3,32,0,151,43,8
20230330,서울특별시,11,중구,11140,서울특별시,11,서대문구,11410,4,48,15,0,50,4,27,0,175,33,4
20230330,서울특별시,11,중구,11140,서울특별시,11,마포구,11440,13,94,12,15,100,5,42,6,238,50,17
20230330,서울특별시,11,중구,11140,서울특별시,11,양천구,11470,4,68,13,0,51,10,21,0,182,41,7
20230330,서울특별시,11,중구,11140,서울특별시,11,강서구,11500,14,73,92,16,116,7,37,4,310,71,14
20230330,서울특별시,11,중구,11140,서울특별시,11,구로구,11530,5,41,8,13,93,3,13,0,130,50,9
20230330,서울특별시,11,중구,11140,서울특별시,11,금천구,11545,6,42,10,4,61,0,13,3,100,31,7
20230330,서울특별시,11,중구,11140,서울특별시,11,영등포구,11560,9,47,16,22,97,0,28,0,222,52,10
20230330,서울특별시,11,중구,11140,서울특별시,11,동작구,11590,5,42,7,28,48,5,22,0,221,37,13
20230330,서울특별시,11,중구,11140,서울특별시,11,관악구,11620,10,47,12,4,56,6,25,0,244,56,8
20230330,서울특별시,11,중구,11140,서울특별시,11,서초구,11650,14,67,24,14,143,6,47,3,292,59,18
20230330,서울특별시,11,중구,11140,서울특별시,11,강남구,11680,31,120,31,24,233,19,67,3,412,90,12
20230330,서울특별시,11,중구,11140,서울특별시,11,송파구,11710,20,74,10,10,111,10,60,13,351,77,17
20230330,서울특별시,11,중구,11140,서울특별시,11,강동구,11740,6,37,9,8,57,6,32,4,187,61,10
20230330,서울특별시,11,성동구,11200,서울특별시,11,종로구,11110,6,39,32,14,26,0,32,6,84,33,65
20230330,서울특별시,11,성동구,11200,서울특별시,11,중구,11140,4,61,36,14,23,5,21,0,128,61,63
20230330,서울특별시,11,성동구,11200,서울특별시,11,용산구,11170,8,37,25,21,25,0,30,6,134,41,18
20230330,서울특별시,11,성동구,11200,서울특별시,11,성동구,11200,11,132,41,29,39,7,32,0,239,61,32
20230330,서울특별시,11,성동구,11200,서울특별시,11,광진구,11215,3,46,16,16,21,5,29,0,163,56,16
20230330,서울특별시,11,성동구,11200,서울특별시,11,동대문구,11230,9,55,23,17,31,4,28,7,148,45,128
20230330,서울특별시,11,성동구,11200,서울특별시,11,중랑구,11260,9,40,15,17,30,0,32,8,138,43,19
20230330,서울특별시,11,성동구,11200,서울특별시,11,성북구,11290,8,69,12,19,31,3,38,8,181,67,138
20230330,서울특별시,11,성동구,11200,서울특별시,11,강북구,11305,5,26,13,9,18,0,12,4,87,28,11
20230330,서울특별시,11,성동구,11200,서울특별시,11,도봉구,11320,5,18,12,13,14,0,16,0,79,24,11
20230330,서울특별시,11,성동구,11200,서울특별시,11,노원구,11350,10,38,18,16,21,6,27,6,144,37,15
20230330,서울특별시,11,성동구,11200,서울특별시,11,은평구,11380,6,35,11,17,24,0,25,6,126,53,18
20230330,서울특별시,11,성동구,11200,서울특별시,11,서대문구,11410,10,38,20,12,25,9,29,6,112,43,13
20230330,서울특별시,11,성동구,11200,서울특별시,11,마포구,11440,3,74,31,21,51,9,28,7,190,56,23
20230330,서울특별시,11,도봉구,11320,서울특별시,11,강동구,11740,3,12,0,26,16,4,8,0,61,24,0
20230330,서울특별시,11,도봉구,11320,서울특별시,11,송파구,11710,3,18,3,37,33,9,23,4,66,14,5
20230330,서울특별시,11,도봉구,11320,서울특별시,11,강남구,11680,7,21,7,33,60,10,14,3,91,27,9
20230330,서울특별시,11,도봉구,11320,서울특별시,11,서초구,11650,0,6,6,23,22,7,23,0,48,16,6
20230330,서울특별시,11,도봉구,11320,서울특별시,11,관악구,11620,7,11,4,20,13,4,4,0,77,20,0
20230330,서울특별시,11,도봉구,11320,서울특별시,11,동작구,11590,3,6,5,22,15,9,6,5,53,8,4
20230330,서울특별시,11,성동구,11200,서울특별시,11,양천구,11470,13,49,15,17,33,8,24,3,136,54,20
20230330,서울특별시,11,성동구,11200,서울특별시,11,강서구,11500,10,89,18,28,46,6,35,5,246,58,32
20230330,서울특별시,11,성동구,11200,서울특별시,11,구로구,11530,3,50,22,26,27,0,25,7,125,57,27
20230330,서울특별시,11,성동구,11200,서울특별시,11,금천구,11545,3,55,9,74,20,0,14,4,114,36,11
20230330,서울특별시,11,성동구,11200,서울특별시,11,영등포구,11560,13,69,10,17,44,13,32,29,163,61,33
20230330,서울특별시,11,성동구,11200,서울특별시,11,동작구,11590,3,58,14,12,20,6,26,9,154,56,18
20230330,서울특별시,11,성동구,11200,서울특별시,11,관악구,11620,10,48,14,27,33,5,28,3,223,71,28
20230330,서울특별시,11,성동구,11200,서울특별시,11,서초구,11650,7,73,34,25,47,14,36,11,201,68,22
20230330,서울특별시,11,성동구,11200,서울특별시,11,강남구,11680,13,127,55,17,85,17,77,17,354,114,69
20230330,서울특별시,11,성동구,11200,서울특별시,11,송파구,11710,18,77,22,23,58,7,37,12,252,103,39
20230330,서울특별시,11,성동구,11200,서울특별시,11,강동구,11740,6,73,18,16,26,7,31,9,147,56,23
20230330,서울특별시,11,도봉구,11320,서울특별시,11,영등포구,11560,0,13,5,22,17,4,3,0,46,15,7
20230330,서울특별시,11,도봉구,11320,서울특별시,11,금천구,11545,0,10,3,17,17,5,9,0,48,13,0
20230330,서울특별시,11,도봉구,11320,서울특별시,11,구로구,11530,7,9,0,14,20,6,8,3,57,17,4
20230330,서울특별시,11,도봉구,11320,서울특별시,11,강서구,11500,7,14,5,24,28,0,27,3,94,24,6
20230330,서울특별시,11,도봉구,11320,서울특별시,11,양천구,11470,3,11,6,18,14,4,10,0,45,14,0
20230330,서울특별시,11,도봉구,11320,서울특별시,11,마포구,11440,5,11,0,17,26,6,17,3,61,13,0
20230330,서울특별시,11,도봉구,11320,서울특별시,11,서대문구,11410,0,4,4,12,10,4,7,0,48,11,3
20230330,서울특별시,11,도봉구,11320,서울특별시,11,은평구,11380,4,5,0,18,23,7,12,0,47,15,5
20230330,서울특별시,11,도봉구,11320,서울특별시,11,노원구,11350,5,17,5,25,17,6,8,5,72,8,5
20230330,서울특별시,11,도봉구,11320,서울특별시,11,도봉구,11320,0,8,9,10,18,6,19,0,37,7,5
20230330,서울특별시,11,도봉구,11320,서울특별시,11,강북구,11305,3,3,0,23,11,0,16,4,39,6,3
20230330,서울특별시,11,도봉구,11320,서울특별시,11,성북구,11290,4,14,4,29,14,8,10,4,70,20,0
20230330,서울특별시,11,도봉구,11320,서울특별시,11,중랑구,11260,5,12,3,10,16,0,5,0,47,18,0
20230330,서울특별시,11,도봉구,11320,서울특별시,11,동대문구,11230,3,9,4,16,21,3,6,0,47,10,0
20230330,서울특별시,11,도봉구,11320,서울특별시,11,광진구,11215,3,12,0,13,18,6,6,5,49,10,4
20230330,서울특별시,11,도봉구,11320,서울특별시,11,성동구,11200,0,14,12,13,21,0,11,0,60,17,4
20230330,서울특별시,11,도봉구,11320,서울특별시,11,용산구,11170,3,3,0,21,13,0,9,0,31,4,3
20230330,서울특별시,11,도봉구,11320,서울특별시,11,중구,11140,0,14,0,11,14,0,8,0,37,12,4
20230330,서울특별시,11,도봉구,11320,서울특별시,11,종로구,11110,3,9,6,11,9,3,0,0,21,11,0
20230330,서울특별시,11,마포구,11440,서울특별시,11,종로구,11110,0,44,27,40,27,4,36,0,58,13,10
20230330,서울특별시,11,마포구,11440,서울특별시,11,중구,11140,5,56,55,34,50,7,35,3,118,27,28
20230330,서울특별시,11,마포구,11440,서울특별시,11,용산구,11170,7,48,39,68,57,10,31,8,86,40,19
20230330,서울특별시,11,마포구,11440,서울특별시,11,성동구,11200,12,57,43,52,44,10,36,6,172,56,23
20230330,서울특별시,11,마포구,11440,서울특별시,11,광진구,11215,12,59,38,54,60,6,40,12,125,41,33
20230330,서울특별시,11,마포구,11440,서울특별시,11,동대문구,11230,7,76,32,67,52,6,42,4,115,33,26
20230330,서울특별시,11,마포구,11440,서울특별시,11,중랑구,11260,6,42,27,56,52,7,32,7,94,27,29
20230330,서울특별시,11,마포구,11440,서울특별시,11,성북구,11290,10,67,42,62,62,18,60,4,163,50,34
20230330,서울특별시,11,마포구,11440,서울특별시,11,강북구,11305,8,25,24,32,38,6,34,5,60,27,24
20230330,서울특별시,11,마포구,11440,서울특별시,11,도봉구,11320,6,37,21,20,34,3,23,3,54,29,28
20230330,서울특별시,11,마포구,11440,서울특별시,11,노원구,11350,8,108,41,70,66,7,43,8,102,46,41
20230330,서울특별시,11,마포구,11440,서울특별시,11,은평구,11380,6,56,39,66,65,5,54,6,106,47,39
20230330,서울특별시,11,마포구,11440,서울특별시,11,서대문구,11410,12,61,31,60,40,6,44,7,94,45,38
20230330,서울특별시,11,마포구,11440,서울특별시,11,마포구,11440,16,116,61,79,74,8,57,9,164,73,37
20230330,서울특별시,11,마포구,11440,서울특별시,11,양천구,11470,7,108,47,57,51,5,31,8,87,35,32
20230330,서울특별시,11,마포구,11440,서울특별시,11,강서구,11500,19,128,62,84,121,3,41,18,126,66,77
20230330,서울특별시,11,마포구,11440,서울특별시,11,구로구,11530,5,65,38,65,55,7,42,6,78,33,45
20230330,서울특별시,11,마포구,11440,서울특별시,11,금천구,11545,10,46,24,41,41,5,27,9,77,26,17
20230330,서울특별시,11,마포구,11440,서울특별시,11,영등포구,11560,10,88,83,75,51,11,63,16,103,48,35
20230330,서울특별시,11,마포구,11440,서울특별시,11,동작구,11590,11,74,35,56,64,8,32,9,106,37,17
20230330,서울특별시,11,마포구,11440,서울특별시,11,관악구,11620,14,69,40,92,75,13,44,15,135,59,39
20230330,서울특별시,11,마포구,11440,서울특별시,11,서초구,11650,16,80,63,74,97,4,81,22,94,41,27
20230330,서울특별시,11,마포구,11440,서울특별시,11,강남구,11680,27,118,116,121,116,18,95,20,172,72,78
20230330,서울특별시,11,마포구,11440,서울특별시,11,송파구,11710,27,105,77,98,86,15,70,21,146,59,57
20230330,서울특별시,11,마포구,11440,서울특별시,11,강동구,11740,11,66,37,69,72,7,44,7,88,60,31
20230330,서울특별시,11,중랑구,11260,서울특별시,11,강동구,11740,7,22,7,14,24,8,35,5,55,35,14
20230330,서울특별시,11,중랑구,11260,서울특별시,11,송파구,11710,8,57,16,20,56,14,64,11,115,59,31
20230330,서울특별시,11,중랑구,11260,서울특별시,11,강남구,11680,12,47,13,17,49,11,49,10,128,43,33
20230330,서울특별시,11,중랑구,11260,서울특별시,11,서초구,11650,5,45,7,9,42,12,43,6,68,30,19
20230330,서울특별시,11,중랑구,11260,서울특별시,11,관악구,11620,16,37,9,8,38,4,45,4,101,34,15
20230330,서울특별시,11,중랑구,11260,서울특별시,11,동작구,11590,3,33,11,9,27,12,36,8,78,34,16
20230330,서울특별시,11,중랑구,11260,서울특별시,11,영등포구,11560,4,42,6,14,33,8,41,4,67,45,10
20230330,서울특별시,11,중랑구,11260,서울특별시,11,금천구,11545,3,22,4,10,13,5,13,3,66,27,12
20230330,서울특별시,11,중랑구,11260,서울특별시,11,구로구,11530,5,37,14,11,24,12,31,0,69,23,11
20230330,서울특별시,11,중랑구,11260,서울특별시,11,강서구,11500,6,59,6,14,35,15,31,8,118,37,19
20230330,서울특별시,11,중랑구,11260,서울특별시,11,양천구,11470,5,38,9,7,29,10,30,6,82,22,9
20230330,서울특별시,11,중랑구,11260,서울특별시,11,마포구,11440,12,37,12,12,37,10,26,7,80,31,8
20230330,서울특별시,11,중랑구,11260,서울특별시,11,서대문구,11410,6,27,11,9,32,5,35,5,77,28,13
20230330,서울특별시,11,중랑구,11260,서울특별시,11,은평구,11380,6,26,5,14,30,3,27,7,83,24,18
20230330,서울특별시,11,중랑구,11260,서울특별시,11,노원구,11350,7,30,7,13,24,8,40,3,78,28,21
20230330,서울특별시,11,중랑구,11260,서울특별시,11,도봉구,11320,3,25,4,6,17,7,25,4,37,14,10
20230330,서울특별시,11,중랑구,11260,서울특별시,11,강북구,11305,4,15,5,4,11,7,20,4,42,24,14
20230330,서울특별시,11,중랑구,11260,서울특별시,11,성북구,11290,3,35,12,13,31,4,29,5,98,35,10
20230330,서울특별시,11,중랑구,11260,서울특별시,11,중랑구,11260,0,24,18,8,25,7,46,3,79,37,12
20230330,서울특별시,11,중랑구,11260,서울특별시,11,동대문구,11230,6,41,13,11,41,3,29,5,100,25,14
20230330,서울특별시,11,중랑구,11260,서울특별시,11,광진구,11215,7,40,8,6,23,9,28,8,83,28,15
20230330,서울특별시,11,중랑구,11260,서울특별시,11,성동구,11200,5,37,15,11,31,7,22,14,78,30,16
20230330,서울특별시,11,중랑구,11260,서울특별시,11,용산구,11170,5,17,6,13,15,5,15,3,41,22,16
20230330,서울특별시,11,중랑구,11260,서울특별시,11,중구,11140,0,85,11,15,20,0,22,10,46,21,12
20230330,서울특별시,11,중랑구,11260,서울특별시,11,종로구,11110,0,11,7,4,19,3,14,6,41,10,12
20230330,서울특별시,11,성북구,11290,서울특별시,11,강동구,11740,7,46,12,17,11,8,47,11,241,78,8
20230330,서울특별시,11,성북구,11290,서울특별시,11,송파구,11710,10,86,11,34,40,13,81,19,358,104,14
20230330,서울특별시,11,성북구,11290,서울특별시,11,강남구,11680,12,115,22,26,64,19,101,21,372,122,28
20230330,서울특별시,11,성북구,11290,서울특별시,11,서초구,11650,10,48,14,17,34,10,94,15,253,81,13
20230330,서울특별시,11,성북구,11290,서울특별시,11,관악구,11620,5,51,13,20,29,6,53,6,294,75,11
20230330,서울특별시,11,성북구,11290,서울특별시,11,동작구,11590,5,38,10,7,14,9,44,5,226,75,12
20230330,서울특별시,11,성북구,11290,서울특별시,11,영등포구,11560,5,54,13,22,24,7,33,9,227,67,5
20230330,서울특별시,11,성북구,11290,서울특별시,11,금천구,11545,0,25,0,13,26,9,29,6,156,52,5
20230330,서울특별시,11,성북구,11290,서울특별시,11,구로구,11530,4,37,8,16,22,7,36,26,225,70,6
20230330,서울특별시,11,성북구,11290,서울특별시,11,강서구,11500,0,66,6,29,29,15,62,16,343,112,17
20230330,서울특별시,11,성북구,11290,서울특별시,11,양천구,11470,12,41,6,13,27,10,41,21,202,76,5
20230330,서울특별시,11,성북구,11290,서울특별시,11,종로구,11110,0,24,11,8,12,3,23,4,92,30,0
20230330,서울특별시,11,성북구,11290,서울특별시,11,중구,11140,7,32,16,11,17,6,30,5,140,40,3
20230330,서울특별시,11,성북구,11290,서울특별시,11,용산구,11170,3,50,7,18,12,5,26,6,130,38,6
20230330,서울특별시,11,성북구,11290,서울특별시,11,성동구,11200,5,61,26,11,18,7,34,11,251,76,7
20230330,서울특별시,11,성북구,11290,서울특별시,11,광진구,11215,3,44,9,11,20,6,38,9,221,67,6
20230330,서울특별시,11,성북구,11290,서울특별시,11,동대문구,11230,4,39,15,8,21,9,36,17,255,61,7
20230330,서울특별시,11,성북구,11290,서울특별시,11,중랑구,11260,0,34,3,20,19,8,33,16,203,58,5
20230330,서울특별시,11,성북구,11290,서울특별시,11,성북구,11290,0,67,22,23,27,5,62,15,295,61,13
20230330,서울특별시,11,성북구,11290,서울특별시,11,강북구,11305,3,38,7,7,22,6,28,8,140,34,0
20230330,서울특별시,11,성북구,11290,서울특별시,11,도봉구,11320,6,35,8,8,13,3,28,11,151,49,3
20230330,서울특별시,11,성북구,11290,서울특별시,11,노원구,11350,6,58,11,8,17,4,55,12,259,67,5
20230330,서울특별시,11,성북구,11290,서울특별시,11,은평구,11380,3,49,15,13,31,7,43,10,230,75,8
20230330,서울특별시,11,성북구,11290,서울특별시,11,서대문구,11410,4,46,4,11,16,5,34,7,166,53,7
20230330,서울특별시,11,성북구,11290,서울특별시,11,마포구,11440,5,57,16,9,30,19,60,10,246,61,6
20230330,서울특별시,11,양천구,11470,서울특별시,11,종로구,11110,0,18,0,10,14,8,6,0,13,32,10
20230330,서울특별시,11,양천구,11470,서울특별시,11,중구,11140,5,26,0,14,16,5,4,0,32,55,7
20230330,서울특별시,11,양천구,11470,서울특별시,11,용산구,11170,0,11,8,11,24,15,10,0,21,24,11
20230330,서울특별시,11,양천구,11470,서울특별시,11,성동구,11200,4,30,16,13,28,13,11,0,67,70,19
20230330,서울특별시,11,양천구,11470,서울특별시,11,광진구,11215,0,14,9,14,17,6,4,0,30,25,21
20230330,서울특별시,11,양천구,11470,서울특별시,11,동대문구,11230,4,12,3,16,18,20,13,0,44,52,19
20230330,서울특별시,11,양천구,11470,서울특별시,11,중랑구,11260,0,11,8,16,17,0,4,3,20,14,10
20230330,서울특별시,11,양천구,11470,서울특별시,11,성북구,11290,3,22,0,14,29,0,5,3,49,18,14
20230330,서울특별시,11,양천구,11470,서울특별시,11,강북구,11305,0,6,6,16,20,0,9,0,11,9,8
20230330,서울특별시,11,양천구,11470,서울특별시,11,도봉구,11320,0,6,6,5,16,0,6,0,15,7,11
20230330,서울특별시,11,양천구,11470,서울특별시,11,노원구,11350,0,6,3,15,29,4,10,0,21,19,27
20230330,서울특별시,11,양천구,11470,서울특별시,11,은평구,11380,0,12,6,16,27,3,12,0,26,23,34
20230330,서울특별시,11,양천구,11470,서울특별시,11,서대문구,11410,0,11,3,13,23,11,5,0,13,24,14
20230330,서울특별시,11,양천구,11470,서울특별시,11,마포구,11440,4,17,9,21,37,9,12,0,28,24,16
20230330,서울특별시,11,양천구,11470,서울특별시,11,양천구,11470,0,18,12,15,25,0,26,0,29,16,23
20230330,서울특별시,11,양천구,11470,서울특별시,11,강서구,11500,4,18,11,27,29,7,24,0,66,31,24
20230330,서울특별시,11,양천구,11470,서울특별시,11,구로구,11530,3,18,13,8,29,3,17,0,42,17,17
20230330,서울특별시,11,양천구,11470,서울특별시,11,금천구,11545,0,12,0,15,23,37,11,0,51,20,7
20230330,서울특별시,11,양천구,11470,서울특별시,11,영등포구,11560,0,16,7,21,24,3,27,0,29,81,18
20230330,서울특별시,11,양천구,11470,서울특별시,11,동작구,11590,4,9,14,14,26,0,4,0,24,16,13
20230330,서울특별시,11,양천구,11470,서울특별시,11,관악구,11620,6,21,11,12,32,9,12,0,30,20,22
20230330,서울특별시,11,양천구,11470,서울특별시,11,서초구,11650,4,9,7,17,29,3,12,0,28,17,33
20230330,서울특별시,11,양천구,11470,서울특별시,11,강남구,11680,6,51,20,40,67,4,12,5,40,30,42
20230330,서울특별시,11,양천구,11470,서울특별시,11,송파구,11710,5,28,5,22,72,14,12,8,39,26,33
20230330,서울특별시,11,양천구,11470,서울특별시,11,강동구,11740,0,13,9,9,33,4,8,0,21,24,20
20230330,서울특별시,11,관악구,11620,서울특별시,11,강동구,11740,0,14,13,3,20,0,5,4,37,17,5
20230330,서울특별시,11,관악구,11620,서울특별시,11,송파구,11710,5,21,21,13,38,7,16,4,51,21,13
20230330,서울특별시,11,관악구,11620,서울특별시,11,강남구,11680,6,36,31,14,62,4,26,5,47,30,27
20230330,서울특별시,11,관악구,11620,서울특별시,11,서초구,11650,3,18,23,9,26,0,14,3,33,17,7
20230330,서울특별시,11,관악구,11620,서울특별시,11,관악구,11620,0,36,33,16,31,3,34,3,65,23,118
20230330,서울특별시,11,관악구,11620,서울특별시,11,동작구,11590,0,21,23,6,31,0,15,3,33,12,101
20230330,서울특별시,11,관악구,11620,서울특별시,11,영등포구,11560,3,17,31,16,27,0,11,0,39,10,10
20230330,서울특별시,11,관악구,11620,서울특별시,11,금천구,11545,0,13,7,14,14,0,9,0,44,18,58
20230330,서울특별시,11,관악구,11620,서울특별시,11,구로구,11530,0,18,12,9,23,0,6,0,47,10,5
20230330,서울특별시,11,관악구,11620,서울특별시,11,강서구,11500,0,29,18,9,34,3,13,4,63,27,5
20230330,서울특별시,11,관악구,11620,서울특별시,11,양천구,11470,0,16,15,0,28,8,13,0,28,28,3
20230330,서울특별시,11,관악구,11620,서울특별시,11,마포구,11440,0,15,18,7,18,0,11,3,34,12,3
20230330,서울특별시,11,관악구,11620,서울특별시,11,서대문구,11410,4,18,28,5,14,0,10,0,20,10,7
20230330,서울특별시,11,관악구,11620,서울특별시,11,은평구,11380,0,11,7,5,26,3,7,0,42,17,3
20230330,서울특별시,11,관악구,11620,서울특별시,11,노원구,11350,3,16,13,5,27,0,5,0,40,18,8
20230330,서울특별시,11,관악구,11620,서울특별시,11,도봉구,11320,0,10,9,9,7,3,7,0,20,12,3
20230330,서울특별시,11,관악구,11620,서울특별시,11,강북구,11305,0,10,6,3,10,3,5,0,28,15,4
20230330,서울특별시,11,관악구,11620,서울특별시,11,성북구,11290,0,20,18,9,28,7,5,0,59,29,7
20230330,서울특별시,11,관악구,11620,서울특별시,11,중랑구,11260,0,16,7,4,12,0,4,3,43,22,3
20230330,서울특별시,11,관악구,11620,서울특별시,11,동대문구,11230,0,10,24,3,14,3,10,0,46,19,3
20230330,서울특별시,11,관악구,11620,서울특별시,11,광진구,11215,0,11,9,4,21,4,7,0,42,19,6
20230330,서울특별시,11,관악구,11620,서울특별시,11,성동구,11200,0,24,21,4,13,0,12,0,73,35,3
20230330,서울특별시,11,관악구,11620,서울특별시,11,용산구,11170,0,5,6,18,13,0,9,0,32,10,0
20230330,서울특별시,11,관악구,11620,서울특별시,11,중구,11140,9,16,9,11,9,0,10,0,39,15,3
20230330,서울특별시,11,관악구,11620,서울특별시,11,종로구,11110,5,14,18,12,9,0,6,3,30,10,0
20230330,서울특별시,11,동대문구,11230,서울특별시,11,강동구,11740,3,26,20,15,39,9,40,32,132,29,13
20230330,서울특별시,11,동대문구,11230,서울특별시,11,송파구,11710,7,51,27,15,53,11,76,42,214,29,20
20230330,서울특별시,11,동대문구,11230,서울특별시,11,강남구,11680,18,71,22,19,61,6,89,20,178,45,26
20230330,서울특별시,11,동대문구,11230,서울특별시,11,서초구,11650,4,27,21,18,51,5,57,18,110,29,19
20230330,서울특별시,11,동대문구,11230,서울특별시,11,관악구,11620,7,51,11,10,42,6,46,25,145,30,21
20230330,서울특별시,11,동대문구,11230,서울특별시,11,동작구,11590,10,29,11,10,39,3,49,26,135,27,14
20230330,서울특별시,11,동대문구,11230,서울특별시,11,영등포구,11560,5,40,20,7,30,6,59,37,128,28,12
20230330,서울특별시,11,동대문구,11230,서울특별시,11,금천구,11545,4,30,8,6,30,3,21,16,82,21,10
20230330,서울특별시,11,동대문구,11230,서울특별시,11,구로구,11530,11,28,5,10,22,5,55,37,116,24,11
20230330,서울특별시,11,동대문구,11230,서울특별시,11,강서구,11500,4,55,24,13,64,7,56,63,209,53,17
20230330,서울특별시,11,동대문구,11230,서울특별시,11,양천구,11470,3,25,20,9,40,7,37,33,120,19,6
20230330,서울특별시,11,동대문구,11230,서울특별시,11,마포구,11440,9,26,24,14,53,0,39,21,149,34,14
20230330,서울특별시,11,동대문구,11230,서울특별시,11,서대문구,11410,11,18,12,4,24,0,45,29,89,19,15
20230330,서울특별시,11,동대문구,11230,서울특별시,11,은평구,11380,5,26,15,7,33,0,44,25,128,20,9
20230330,서울특별시,11,동대문구,11230,서울특별시,11,노원구,11350,8,25,20,7,44,4,46,42,117,26,9
20230330,서울특별시,11,동대문구,11230,서울특별시,11,도봉구,11320,0,11,16,5,28,5,33,20,77,24,10
20230330,서울특별시,11,동대문구,11230,서울특별시,11,강북구,11305,4,21,15,4,15,0,39,28,72,16,5
20230330,서울특별시,11,동대문구,11230,서울특별시,11,성북구,11290,6,48,17,8,41,3,43,30,170,21,12
20230330,서울특별시,11,동대문구,11230,서울특별시,11,중랑구,11260,3,29,24,8,36,0,48,57,125,18,10
20230330,서울특별시,11,동대문구,11230,서울특별시,11,동대문구,11230,3,34,17,9,33,4,51,22,113,22,8
20230330,서울특별시,11,동대문구,11230,서울특별시,11,광진구,11215,0,31,4,6,26,4,32,16,116,31,12
20230330,서울특별시,11,동대문구,11230,서울특별시,11,성동구,11200,5,31,28,15,34,4,31,27,149,41,5
20230330,서울특별시,11,동대문구,11230,서울특별시,11,용산구,11170,5,19,5,10,27,0,36,15,73,19,7
20230330,서울특별시,11,동대문구,11230,서울특별시,11,중구,11140,0,25,10,8,29,0,36,9,83,17,7
20230330,서울특별시,11,동대문구,11230,서울특별시,11,종로구,11110,0,9,7,7,13,4,38,7,48,8,5
20230330,서울특별시,11,동작구,11590,서울특별시,11,종로구,11110,0,3,18,5,26,0,10,0,23,9,9
20230330,서울특별시,11,동작구,11590,서울특별시,11,중구,11140,4,12,21,0,7,0,11,0,44,13,7
20230330,서울특별시,11,동작구,11590,서울특별시,11,용산구,11170,0,6,16,11,15,0,9,0,33,5,8
20230330,서울특별시,11,동작구,11590,서울특별시,11,성동구,11200,3,27,17,8,20,0,16,4,60,25,15
20230330,서울특별시,11,동작구,11590,서울특별시,11,광진구,11215,4,9,16,4,18,6,21,3,39,14,21
20230330,서울특별시,11,동작구,11590,서울특별시,11,동대문구,11230,0,9,19,9,21,3,20,0,43,5,14
20230330,서울특별시,11,동작구,11590,서울특별시,11,중랑구,11260,4,10,7,8,27,4,20,4,36,14,16
20230330,서울특별시,11,동작구,11590,서울특별시,11,성북구,11290,4,23,6,13,29,3,12,0,56,22,16
20230330,서울특별시,11,동작구,11590,서울특별시,11,강북구,11305,4,6,9,0,7,0,13,3,27,3,8
20230330,서울특별시,11,동작구,11590,서울특별시,11,도봉구,11320,0,6,9,0,15,0,13,3,26,5,12
20230330,서울특별시,11,동작구,11590,서울특별시,11,노원구,11350,0,8,16,7,26,6,28,3,43,8,14
20230330,서울특별시,11,동작구,11590,서울특별시,11,은평구,11380,7,15,12,7,15,7,17,3,32,8,13
20230330,서울특별시,11,동작구,11590,서울특별시,11,서대문구,11410,7,11,13,6,15,0,30,0,37,4,11
20230330,서울특별시,11,동작구,11590,서울특별시,11,마포구,11440,6,9,20,7,18,8,29,0,40,15,13
20230330,서울특별시,11,동작구,11590,서울특별시,11,양천구,11470,3,17,13,3,29,4,28,3,28,16,16
20230330,서울특별시,11,동작구,11590,서울특별시,11,강서구,11500,8,21,19,12,45,6,42,5,64,15,24
20230330,서울특별시,11,동작구,11590,서울특별시,11,구로구,11530,0,29,12,12,44,0,25,7,43,12,28
20230330,서울특별시,11,동작구,11590,서울특별시,11,금천구,11545,0,12,8,10,27,3,10,4,43,13,8
20230330,서울특별시,11,동작구,11590,서울특별시,11,영등포구,11560,10,21,25,12,32,7,20,0,53,8,17
20230330,서울특별시,11,동작구,11590,서울특별시,11,동작구,11590,4,9,22,14,28,0,37,0,37,11,12
20230330,서울특별시,11,동작구,11590,서울특별시,11,관악구,11620,4,17,28,8,34,7,27,6,57,10,26
20230330,서울특별시,11,동작구,11590,서울특별시,11,서초구,11650,4,13,26,22,35,10,29,3,49,7,14
20230330,서울특별시,11,동작구,11590,서울특별시,11,강남구,11680,6,33,37,15,46,3,58,5,48,14,36
20230330,서울특별시,11,동작구,11590,서울특별시,11,송파구,11710,9,25,19,12,42,4,33,5,56,12,34
20230330,서울특별시,11,동작구,11590,서울특별시,11,강동구,11740,6,6,15,10,24,3,19,4,29,12,20
20230330,서울특별시,11,강남구,11680,서울특별시,11,강동구,11740,9,97,34,17,41,14,139,12,291,69,46
20230330,서울특별시,11,강남구,11680,서울특별시,11,송파구,11710,24,163,73,58,129,16,261,15,476,96,204
20230330,서울특별시,11,강남구,11680,서울특별시,11,강남구,11680,34,310,126,62,199,31,316,15,548,140,235
20230330,서울특별시,11,강남구,11680,서울특별시,11,서초구,11650,14,169,73,42,119,12,163,13,375,78,173
20230330,서울특별시,11,강남구,11680,서울특별시,11,관악구,11620,8,114,20,18,45,9,116,14,418,58,51
20230330,서울특별시,11,강남구,11680,서울특별시,11,동작구,11590,11,84,26,18,50,14,111,4,286,51,41
20230330,서울특별시,11,강남구,11680,서울특별시,11,영등포구,11560,21,110,33,26,71,19,136,15,264,68,44
20230330,서울특별시,11,강남구,11680,서울특별시,11,금천구,11545,11,68,19,18,46,6,56,5,223,55,22
20230330,서울특별시,11,강남구,11680,서울특별시,11,구로구,11530,12,75,17,27,49,10,110,12,274,45,30
20230330,서울특별시,11,강남구,11680,서울특별시,11,강서구,11500,12,122,35,32,68,6,159,21,406,84,70
20230330,서울특별시,11,강남구,11680,서울특별시,11,양천구,11470,13,83,32,17,50,11,123,6,270,53,36
20230330,서울특별시,11,강남구,11680,서울특별시,11,마포구,11440,40,118,43,43,117,13,142,11,288,62,61
20230330,서울특별시,11,강남구,11680,서울특별시,11,서대문구,11410,8,91,24,19,46,4,81,8,218,50,36
20230330,서울특별시,11,강남구,11680,서울특별시,11,은평구,11380,12,66,30,11,47,12,93,7,276,46,43
20230330,서울특별시,11,강남구,11680,서울특별시,11,도봉구,11320,4,36,17,13,35,9,55,7,237,27,20
20230331,서울특별시,11,강동구,11740,서울특별시,11,도봉구,11320,3,9,4,5,12,3,18,4,12,7,4
20230331,서울특별시,11,강동구,11740,서울특별시,11,강북구,11305,3,9,3,4,13,0,18,0,21,8,0
20230331,서울특별시,11,강동구,11740,서울특별시,11,성북구,11290,7,28,0,11,18,6,25,4,48,20,0
20230331,서울특별시,11,강동구,11740,서울특별시,11,중랑구,11260,5,15,0,4,17,0,18,4,12,6,5
20230331,서울특별시,11,강동구,11740,서울특별시,11,동대문구,11230,7,23,9,6,21,0,24,0,30,7,5
20230331,서울특별시,11,강동구,11740,서울특별시,11,광진구,11215,6,20,7,9,19,4,22,4,21,14,3
20230331,서울특별시,11,은평구,11380,서울특별시,11,종로구,11110,0,4,4,0,12,7,12,0,22,6,9
20230331,서울특별시,11,은평구,11380,서울특별시,11,중구,11140,0,9,9,3,11,5,18,0,15,5,13
20230331,서울특별시,11,은평구,11380,서울특별시,11,용산구,11170,3,5,3,7,14,6,13,0,17,6,15
20230331,서울특별시,11,은평구,11380,서울특별시,11,성동구,11200,3,22,18,5,15,3,15,0,61,21,28
20230331,서울특별시,11,은평구,11380,서울특별시,11,광진구,11215,0,7,4,3,24,7,15,0,12,10,19
20230331,서울특별시,11,은평구,11380,서울특별시,11,동대문구,11230,0,3,4,4,19,5,22,0,20,8,22
20230331,서울특별시,11,은평구,11380,서울특별시,11,중랑구,11260,0,9,3,0,14,4,12,0,13,8,18
20230331,서울특별시,11,은평구,11380,서울특별시,11,성북구,11290,0,9,3,0,23,8,19,3,34,12,24
20230331,서울특별시,11,은평구,11380,서울특별시,11,강북구,11305,0,0,0,3,9,0,9,0,17,0,11
20230331,서울특별시,11,은평구,11380,서울특별시,11,도봉구,11320,0,0,0,0,19,5,15,0,14,6,12
20230331,서울특별시,11,은평구,11380,서울특별시,11,노원구,11350,0,5,0,3,28,8,31,0,10,5,28
20230331,서울특별시,11,은평구,11380,서울특별시,11,은평구,11380,4,4,12,5,35,5,35,0,23,8,24
20230331,서울특별시,11,은평구,11380,서울특별시,11,서대문구,11410,0,3,9,0,16,0,22,0,22,11,20
20230331,서울특별시,11,은평구,11380,서울특별시,11,마포구,11440,0,11,6,4,25,6,34,4,20,10,46
20230331,서울특별시,11,은평구,11380,서울특별시,11,양천구,11470,0,11,3,5,18,6,17,0,24,10,28
20230331,서울특별시,11,은평구,11380,서울특별시,11,강서구,11500,0,8,9,5,29,11,30,4,41,19,31
20230331,서울특별시,11,은평구,11380,서울특별시,11,구로구,11530,3,3,6,4,16,5,35,0,31,20,28
20230331,서울특별시,11,은평구,11380,서울특별시,11,금천구,11545,0,10,3,8,11,6,8,0,30,18,11
20230331,서울특별시,11,은평구,11380,서울특별시,11,영등포구,11560,0,9,6,0,23,14,30,0,14,13,23
20230331,서울특별시,11,은평구,11380,서울특별시,11,동작구,11590,0,5,7,0,10,5,28,0,17,11,28
20230331,서울특별시,11,은평구,11380,서울특별시,11,관악구,11620,0,5,3,3,25,8,29,0,18,10,34
20230331,서울특별시,11,은평구,11380,서울특별시,11,서초구,11650,0,9,7,3,35,9,29,0,15,7,24
20230331,서울특별시,11,은평구,11380,서울특별시,11,강남구,11680,5,23,7,6,34,17,22,0,28,18,47
20230331,서울특별시,11,은평구,11380,서울특별시,11,송파구,11710,0,10,7,0,38,16,46,0,25,15,40
20230331,서울특별시,11,서대문구,11410,서울특별시,11,금천구,11545,5,15,0,11,17,4,3,0,50,22,9
20230331,서울특별시,11,서대문구,11410,서울특별시,11,영등포구,11560,7,16,4,22,22,6,8,5,42,18,13
20230331,서울특별시,11,서대문구,11410,서울특별시,11,동작구,11590,5,8,6,25,23,9,10,0,48,15,13
20230331,서울특별시,11,서대문구,11410,서울특별시,11,관악구,11620,5,19,8,33,40,13,12,4,58,30,19
20230331,서울특별시,11,서대문구,11410,서울특별시,11,서초구,11650,3,19,9,21,26,6,15,6,30,22,24
20230331,서울특별시,11,서대문구,11410,서울특별시,11,강남구,11680,7,54,22,34,53,15,19,7,59,29,31
20230331,서울특별시,11,서대문구,11410,서울특별시,11,송파구,11710,0,23,9,20,47,10,15,10,70,39,33
20230331,서울특별시,11,서대문구,11410,서울특별시,11,강동구,11740,5,15,6,17,33,4,3,16,48,21,15
20230331,서울특별시,11,강동구,11740,서울특별시,11,강남구,11680,10,73,13,10,56,9,58,4,49,22,23
20230331,서울특별시,11,강동구,11740,서울특별시,11,송파구,11710,11,47,12,15,46,5,48,5,45,21,22
20230331,서울특별시,11,강동구,11740,서울특별시,11,강동구,11740,3,25,29,7,38,6,54,3,26,27,10
20230331,서울특별시,11,구로구,11530,서울특별시,11,종로구,11110,5,29,10,10,28,5,8,0,58,13,10
20230331,서울특별시,11,구로구,11530,서울특별시,11,중구,11140,7,43,16,21,24,5,10,0,46,8,12
20230331,서울특별시,11,구로구,11530,서울특별시,11,용산구,11170,4,48,12,29,21,0,10,3,61,9,12
20230331,서울특별시,11,구로구,11530,서울특별시,11,성동구,11200,3,50,24,17,36,6,10,4,91,14,23
20230331,서울특별시,11,구로구,11530,서울특별시,11,광진구,11215,8,44,16,20,22,9,13,3,74,21,14
20230331,서울특별시,11,구로구,11530,서울특별시,11,동대문구,11230,9,63,9,25,23,9,9,9,88,16,29
20230331,서울특별시,11,구로구,11530,서울특별시,11,중랑구,11260,3,51,13,12,22,8,11,3,58,11,21
20230331,서울특별시,11,구로구,11530,서울특별시,11,성북구,11290,7,78,14,14,27,9,16,0,106,21,30
20230331,서울특별시,11,구로구,11530,서울특별시,11,강북구,11305,3,40,3,11,9,6,8,0,56,15,18
20230331,서울특별시,11,구로구,11530,서울특별시,11,도봉구,11320,8,40,6,5,18,6,8,0,64,11,18
20230331,서울특별시,11,구로구,11530,서울특별시,11,노원구,11350,9,55,13,24,28,7,19,4,76,19,26
20230331,서울특별시,11,구로구,11530,서울특별시,11,은평구,11380,7,70,14,19,31,0,13,7,86,16,18
20230331,서울특별시,11,구로구,11530,서울특별시,11,서대문구,11410,6,35,9,11,22,3,12,0,59,11,16
20230331,서울특별시,11,구로구,11530,서울특별시,11,마포구,11440,11,65,18,35,38,7,9,0,88,16,31
20230331,서울특별시,11,강동구,11740,서울특별시,11,성동구,11200,11,34,12,7,26,8,28,0,61,27,7
20230331,서울특별시,11,강동구,11740,서울특별시,11,용산구,11170,7,17,6,17,16,4,38,0,14,4,11
20230331,서울특별시,11,강동구,11740,서울특별시,11,중구,11140,11,23,0,0,11,0,20,0,27,7,5
20230331,서울특별시,11,강동구,11740,서울특별시,11,종로구,11110,3,15,0,4,22,5,26,0,26,6,3
20230331,서울특별시,11,종로구,11110,서울특별시,11,강동구,11740,5,30,25,8,28,4,22,11,83,46,7
20230331,서울특별시,11,종로구,11110,서울특별시,11,송파구,11710,18,56,20,25,47,0,29,9,143,75,8
20230331,서울특별시,11,종로구,11110,서울특별시,11,강남구,11680,10,75,35,25,57,5,25,3,186,88,6
20230331,서울특별시,11,종로구,11110,서울특별시,11,서초구,11650,16,26,20,9,38,4,26,0,102,46,13
20230331,서울특별시,11,종로구,11110,서울특별시,11,관악구,11620,0,24,17,12,30,0,16,3,114,39,8
20230331,서울특별시,11,종로구,11110,서울특별시,11,동작구,11590,3,18,20,9,15,0,19,3,89,37,8
20230331,서울특별시,11,종로구,11110,서울특별시,11,영등포구,11560,6,52,16,11,27,0,11,6,103,32,7
20230331,서울특별시,11,종로구,11110,서울특별시,11,금천구,11545,3,17,7,9,19,0,7,6,64,26,0
20230331,서울특별시,11,종로구,11110,서울특별시,11,구로구,11530,6,33,16,14,12,4,12,4,81,20,8
20230331,서울특별시,11,종로구,11110,서울특별시,11,강서구,11500,5,34,22,22,41,3,27,13,126,58,7
20230331,서울특별시,11,종로구,11110,서울특별시,11,양천구,11470,4,25,10,9,28,0,12,3,82,40,3
20230331,서울특별시,11,종로구,11110,서울특별시,11,마포구,11440,12,60,25,13,33,0,14,0,106,48,5
20230331,서울특별시,11,종로구,11110,서울특별시,11,서대문구,11410,4,26,20,11,25,6,9,5,73,26,8
20230331,서울특별시,11,종로구,11110,서울특별시,11,은평구,11380,7,35,26,12,29,0,17,6,95,81,6
20230331,서울특별시,11,종로구,11110,서울특별시,11,노원구,11350,3,37,15,13,19,0,13,6,80,42,12
20230331,서울특별시,11,종로구,11110,서울특별시,11,도봉구,11320,4,25,8,8,12,0,8,3,53,15,4
20230331,서울특별시,11,종로구,11110,서울특별시,11,강북구,11305,0,16,7,3,18,3,8,0,55,28,5
20230331,서울특별시,11,종로구,11110,서울특별시,11,성북구,11290,7,36,25,13,26,0,12,3,105,39,5
20230331,서울특별시,11,종로구,11110,서울특별시,11,중랑구,11260,3,20,12,6,9,4,7,3,90,85,6
20230331,서울특별시,11,종로구,11110,서울특별시,11,동대문구,11230,4,31,17,3,29,0,15,0,85,32,6
20230331,서울특별시,11,종로구,11110,서울특별시,11,광진구,11215,4,13,18,4,26,0,13,0,103,32,5
20230331,서울특별시,11,은평구,11380,서울특별시,11,강동구,11740,4,10,4,0,13,4,24,0,19,15,25
20230331,서울특별시,11,마포구,11440,서울특별시,11,종로구,11110,5,60,20,35,47,6,34,3,62,20,15
20230331,서울특별시,11,마포구,11440,서울특별시,11,중구,11140,4,66,22,23,48,7,12,5,78,21,20
20230331,서울특별시,11,마포구,11440,서울특별시,11,용산구,11170,3,52,20,62,46,3,38,3,71,25,21
20230331,서울특별시,11,마포구,11440,서울특별시,11,성동구,11200,13,92,31,47,57,6,30,4,184,56,29
20230331,서울특별시,11,마포구,11440,서울특별시,11,광진구,11215,7,65,16,49,55,5,37,3,98,40,32
20230331,서울특별시,11,마포구,11440,서울특별시,11,동대문구,11230,3,54,14,46,39,3,35,6,101,29,30
20230331,서울특별시,11,마포구,11440,서울특별시,11,중랑구,11260,7,39,16,37,41,5,30,4,95,28,29
20230331,서울특별시,11,마포구,11440,서울특별시,11,성북구,11290,7,109,16,40,66,0,49,7,144,37,36
20230331,서울특별시,11,마포구,11440,서울특별시,11,강북구,11305,6,92,5,42,32,0,22,4,52,23,20
20230331,서울특별시,11,마포구,11440,서울특별시,11,도봉구,11320,0,33,13,33,36,0,35,0,64,27,22
20230331,서울특별시,11,마포구,11440,서울특별시,11,노원구,11350,12,62,33,64,50,7,34,6,120,38,37
20230331,서울특별시,11,마포구,11440,서울특별시,11,은평구,11380,9,82,25,69,48,0,41,6,93,38,30
20230331,서울특별시,11,마포구,11440,서울특별시,11,서대문구,11410,6,84,24,56,60,4,34,4,102,29,20
20230331,서울특별시,11,마포구,11440,서울특별시,11,마포구,11440,14,144,62,83,77,0,84,5,182,55,36
20230331,서울특별시,11,마포구,11440,서울특별시,11,양천구,11470,10,87,21,55,46,13,34,8,104,35,28
20230331,서울특별시,11,마포구,11440,서울특별시,11,강서구,11500,5,108,39,98,83,12,76,13,140,48,40
20230331,서울특별시,11,마포구,11440,서울특별시,11,구로구,11530,10,74,23,57,64,4,37,7,89,33,24
20230331,서울특별시,11,마포구,11440,서울특별시,11,금천구,11545,4,46,19,50,37,5,26,7,60,35,20
20230331,서울특별시,11,마포구,11440,서울특별시,11,영등포구,11560,13,117,33,60,92,5,40,3,105,32,38
20230331,서울특별시,11,마포구,11440,서울특별시,11,동작구,11590,11,56,20,60,49,3,39,6,113,31,30
20230331,서울특별시,11,마포구,11440,서울특별시,11,관악구,11620,17,73,34,90,50,5,44,4,133,45,34
20230331,서울특별시,11,마포구,11440,서울특별시,11,서초구,11650,8,89,35,74,70,6,52,5,108,35,43
20230331,서울특별시,11,마포구,11440,서울특별시,11,강남구,11680,19,136,51,107,122,11,74,9,138,54,65
20230331,서울특별시,11,마포구,11440,서울특별시,11,송파구,11710,11,99,38,101,94,12,56,8,140,44,49
20230331,서울특별시,11,마포구,11440,서울특별시,11,강동구,11740,13,47,23,63,39,5,30,7,88,38,35
20230331,서울특별시,11,양천구,11470,서울특별시,11,종로구,11110,0,10,23,14,8,7,5,0,25,40,6
20230331,서울특별시,11,양천구,11470,서울특별시,11,중구,11140,0,23,13,7,10,6,5,0,29,48,6
20230331,서울특별시,11,양천구,11470,서울특별시,11,용산구,11170,0,13,8,18,18,8,9,0,16,25,10
20230331,서울특별시,11,양천구,11470,서울특별시,11,성동구,11200,0,20,12,22,16,5,15,0,51,60,11
20230331,서울특별시,11,양천구,11470,서울특별시,11,광진구,11215,0,19,4,22,20,5,10,0,29,23,16
20230331,서울특별시,11,양천구,11470,서울특별시,11,동대문구,11230,0,15,6,13,19,17,7,0,27,35,17
20230331,서울특별시,11,양천구,11470,서울특별시,11,중랑구,11260,0,12,5,15,15,3,13,0,21,11,10
20230331,서울특별시,11,양천구,11470,서울특별시,11,성북구,11290,3,26,13,14,19,0,19,0,44,14,14
20230331,서울특별시,11,양천구,11470,서울특별시,11,강북구,11305,0,10,4,15,12,0,8,0,15,12,9
20230331,서울특별시,11,양천구,11470,서울특별시,11,도봉구,11320,0,6,5,15,15,3,8,0,13,5,15
20230331,서울특별시,11,양천구,11470,서울특별시,11,노원구,11350,0,12,9,23,24,6,22,0,19,8,12
20230331,서울특별시,11,양천구,11470,서울특별시,11,은평구,11380,0,18,11,16,18,6,12,0,17,12,22
20230331,서울특별시,11,양천구,11470,서울특별시,11,서대문구,11410,0,27,5,26,9,6,12,0,18,14,5
20230331,서울특별시,11,양천구,11470,서울특별시,11,마포구,11440,0,22,17,28,23,7,17,0,14,22,21
20230331,서울특별시,11,양천구,11470,서울특별시,11,양천구,11470,0,24,24,28,17,0,34,0,33,16,12
20230331,서울특별시,11,양천구,11470,서울특별시,11,강서구,11500,4,40,17,26,39,7,29,0,60,30,28
20230331,서울특별시,11,양천구,11470,서울특별시,11,구로구,11530,0,10,17,23,24,0,19,0,30,16,16
20230331,서울특별시,11,양천구,11470,서울특별시,11,금천구,11545,0,15,7,17,12,43,10,0,34,20,8
20230331,서울특별시,11,종로구,11110,서울특별시,11,성동구,11200,4,32,26,9,23,5,29,0,119,42,5
20230331,서울특별시,11,종로구,11110,서울특별시,11,용산구,11170,7,26,20,9,20,0,13,3,68,22,3
20230331,서울특별시,11,종로구,11110,서울특별시,11,중구,11140,3,47,19,4,15,0,11,3,58,139,3
20230331,서울특별시,11,종로구,11110,서울특별시,11,종로구,11110,3,22,20,6,11,0,27,0,52,41,7
20230331,서울특별시,11,중랑구,11260,서울특별시,11,종로구,11110,3,21,8,7,20,10,11,0,52,17,8
20230331,서울특별시,11,중랑구,11260,서울특별시,11,중구,11140,4,20,12,11,21,0,8,3,48,20,14
20230331,서울특별시,11,중랑구,11260,서울특별시,11,용산구,11170,3,13,4,13,25,6,17,3,50,13,11
20230331,서울특별시,11,중랑구,11260,서울특별시,11,성동구,11200,5,51,7,12,28,4,22,4,100,36,17
20230331,서울특별시,11,중랑구,11260,서울특별시,11,광진구,11215,9,31,13,13,26,7,22,3,80,24,14
20230331,서울특별시,11,중랑구,11260,서울특별시,11,동대문구,11230,3,34,15,10,24,3,34,8,86,27,13
20230331,서울특별시,11,용산구,11170,서울특별시,11,종로구,11110,0,18,5,68,10,0,7,5,39,8,7
20230331,서울특별시,11,용산구,11170,서울특별시,11,중구,11140,5,35,5,106,13,0,7,3,55,17,3
20230331,서울특별시,11,용산구,11170,서울특별시,11,용산구,11170,3,54,12,215,27,4,20,0,68,18,5
20230331,서울특별시,11,용산구,11170,서울특별시,11,성동구,11200,0,43,15,134,21,0,8,0,81,28,4
20230331,서울특별시,11,용산구,11170,서울특별시,11,광진구,11215,0,22,10,119,14,7,16,0,64,24,3
20230331,서울특별시,11,용산구,11170,서울특별시,11,동대문구,11230,5,24,7,117,15,3,7,0,64,13,5
20230331,서울특별시,11,용산구,11170,서울특별시,11,중랑구,11260,0,25,6,129,11,3,11,0,71,15,5
20230331,서울특별시,11,용산구,11170,서울특별시,11,성북구,11290,0,36,7,117,21,4,14,4,81,18,9
20230331,서울특별시,11,용산구,11170,서울특별시,11,강북구,11305,0,13,3,79,14,0,7,0,39,10,3
20230331,서울특별시,11,용산구,11170,서울특별시,11,도봉구,11320,0,21,5,100,14,0,8,0,34,17,0
20230331,서울특별시,11,용산구,11170,서울특별시,11,노원구,11350,4,33,7,134,25,5,20,0,72,18,10
20230331,서울특별시,11,용산구,11170,서울특별시,11,은평구,11380,4,34,6,98,9,0,11,3,66,23,5
20230331,서울특별시,11,용산구,11170,서울특별시,11,서대문구,11410,0,20,11,111,23,4,8,0,62,18,8
20230331,서울특별시,11,용산구,11170,서울특별시,11,마포구,11440,5,50,16,197,36,5,19,3,96,31,6
20230331,서울특별시,11,용산구,11170,서울특별시,11,양천구,11470,6,34,5,113,16,0,13,3,66,20,9
20230331,서울특별시,11,양천구,11470,서울특별시,11,영등포구,11560,0,43,33,22,20,6,9,0,19,66,16
20230331,서울특별시,11,양천구,11470,서울특별시,11,동작구,11590,0,8,12,19,28,3,8,0,15,17,12
20230331,서울특별시,11,양천구,11470,서울특별시,11,관악구,11620,0,14,5,24,25,3,14,0,27,16,20
20230331,서울특별시,11,양천구,11470,서울특별시,11,서초구,11650,0,15,16,35,27,10,10,0,27,22,21
20230331,서울특별시,11,양천구,11470,서울특별시,11,강남구,11680,4,36,32,35,50,3,17,3,45,24,24
20230331,서울특별시,11,양천구,11470,서울특별시,11,송파구,11710,4,23,21,37,33,11,19,3,31,16,21
20230331,서울특별시,11,양천구,11470,서울특별시,11,강동구,11740,0,13,14,15,22,4,19,0,18,21,15
20230331,서울특별시,11,용산구,11170,서울특별시,11,강서구,11500,4,67,7,231,35,3,18,4,119,31,8
20230331,서울특별시,11,용산구,11170,서울특별시,11,구로구,11530,4,30,9,155,22,6,13,0,71,27,8
20230331,서울특별시,11,용산구,11170,서울특별시,11,금천구,11545,3,33,4,187,19,3,12,0,40,21,4
20230331,서울특별시,11,중랑구,11260,서울특별시,11,중랑구,11260,0,29,7,6,20,8,49,3,84,16,11
20230331,서울특별시,11,중랑구,11260,서울특별시,11,성북구,11290,4,38,7,13,24,5,32,6,105,31,20
20230331,서울특별시,11,중랑구,11260,서울특별시,11,강북구,11305,0,10,4,6,16,4,24,0,52,15,11
20230331,서울특별시,11,중랑구,11260,서울특별시,11,도봉구,11320,3,16,4,7,20,7,20,0,61,31,16
20230331,서울특별시,11,중랑구,11260,서울특별시,11,노원구,11350,11,29,12,18,38,5,34,3,83,28,16
20230331,서울특별시,11,중랑구,11260,서울특별시,11,은평구,11380,7,35,5,12,23,8,25,4,92,27,16
20230331,서울특별시,11,중랑구,11260,서울특별시,11,서대문구,11410,5,18,7,7,26,6,20,5,65,30,11
20230331,서울특별시,11,중랑구,11260,서울특별시,11,마포구,11440,7,41,16,7,41,9,38,7,87,37,17
20230331,서울특별시,11,중랑구,11260,서울특별시,11,양천구,11470,3,27,13,7,53,11,22,4,83,40,12
20230331,서울특별시,11,중랑구,11260,서울특별시,11,강서구,11500,16,37,5,12,52,17,37,8,113,48,12
20230331,서울특별시,11,중랑구,11260,서울특별시,11,구로구,11530,4,33,4,11,45,7,37,7,81,35,13
20230331,서울특별시,11,중랑구,11260,서울특별시,11,금천구,11545,4,13,6,10,21,3,14,0,73,20,11
20230331,서울특별시,11,중랑구,11260,서울특별시,11,영등포구,11560,8,28,11,12,46,7,50,4,62,24,20
20230331,서울특별시,11,중랑구,11260,서울특별시,11,동작구,11590,6,29,8,10,30,7,23,0,67,25,16
20230331,서울특별시,11,중랑구,11260,서울특별시,11,관악구,11620,12,40,6,9,32,16,38,4,115,36,20
20230331,서울특별시,11,중랑구,11260,서울특별시,11,서초구,11650,12,45,7,10,39,7,34,7,92,30,19
20230331,서울특별시,11,중랑구,11260,서울특별시,11,강남구,11680,17,70,13,25,62,11,52,6,147,53,40
20230331,서울특별시,11,중랑구,11260,서울특별시,11,송파구,11710,7,42,13,9,61,8,55,7,113,64,37
20230331,서울특별시,11,중랑구,11260,서울특별시,11,강동구,11740,5,23,4,12,41,10,26,6,77,40,19
20230331,서울특별시,11,용산구,11170,서울특별시,11,영등포구,11560,3,55,14,197,26,0,18,3,74,20,12
20230331,서울특별시,11,용산구,11170,서울특별시,11,동작구,11590,0,36,8,119,24,4,12,5,57,15,4
20230331,서울특별시,11,구로구,11530,서울특별시,11,양천구,11470,8,66,24,17,34,4,15,3,75,21,31
20230331,서울특별시,11,구로구,11530,서울특별시,11,강서구,11500,16,99,26,42,45,12,16,0,125,24,37
20230331,서울특별시,11,구로구,11530,서울특별시,11,구로구,11530,8,86,16,31,56,0,26,6,109,18,25
20230331,서울특별시,11,구로구,11530,서울특별시,11,금천구,11545,8,49,12,28,20,9,11,0,68,17,15
20230331,서울특별시,11,구로구,11530,서울특별시,11,영등포구,11560,12,69,16,26,50,11,23,3,86,29,31
20230331,서울특별시,11,구로구,11530,서울특별시,11,동작구,11590,8,59,10,18,32,4,9,8,74,24,30
20230331,서울특별시,11,구로구,11530,서울특별시,11,관악구,11620,17,92,12,25,30,6,18,0,89,17,22
20230331,서울특별시,11,구로구,11530,서울특별시,11,서초구,11650,7,68,16,43,46,11,21,10,80,17,36
20230331,서울특별시,11,구로구,11530,서울특별시,11,강남구,11680,15,111,26,42,57,12,24,5,101,25,52
20230331,서울특별시,11,구로구,11530,서울특별시,11,송파구,11710,12,80,25,38,55,18,28,8,147,17,45
20230331,서울특별시,11,구로구,11530,서울특별시,11,강동구,11740,7,75,21,16,22,6,9,3,88,25,25
20230331,서울특별시,11,강북구,11305,서울특별시,11,종로구,11110,0,5,0,0,0,0,0,0,23,5,0
20230331,서울특별시,11,강북구,11305,서울특별시,11,중구,11140,0,12,0,3,7,0,0,0,33,7,3
20230331,서울특별시,11,강북구,11305,서울특별시,11,용산구,11170,0,6,6,8,3,0,0,0,24,3,6
20230331,서울특별시,11,강북구,11305,서울특별시,11,성동구,11200,0,26,7,9,8,0,0,0,57,13,3
20230331,서울특별시,11,강북구,11305,서울특별시,11,광진구,11215,3,14,6,0,10,0,0,0,43,11,5
20230331,서울특별시,11,강북구,11305,서울특별시,11,동대문구,11230,0,18,4,4,6,0,3,0,68,9,4
20230331,서울특별시,11,강북구,11305,서울특별시,11,중랑구,11260,0,13,0,0,6,0,6,0,55,13,3
20230331,서울특별시,11,강북구,11305,서울특별시,11,성북구,11290,0,17,5,4,3,0,9,0,73,11,5
20230331,서울특별시,11,강북구,11305,서울특별시,11,강북구,11305,0,15,0,4,118,0,10,0,57,8,0
20230331,서울특별시,11,강북구,11305,서울특별시,11,도봉구,11320,0,14,4,6,3,0,0,3,47,5,3
20230331,서울특별시,11,강북구,11305,서울특별시,11,노원구,11350,3,23,12,0,12,0,0,0,68,6,8
20230331,서울특별시,11,강북구,11305,서울특별시,11,은평구,11380,0,9,3,0,8,0,3,0,48,9,0
20230331,서울특별시,11,강북구,11305,서울특별시,11,서대문구,11410,0,10,0,5,3,3,5,3,45,10,8
20230331,서울특별시,11,강북구,11305,서울특별시,11,마포구,11440,0,8,3,3,5,0,5,0,53,8,8
20230331,서울특별시,11,용산구,11170,서울특별시,11,관악구,11620,0,37,10,214,29,0,20,8,78,30,13
20230331,서울특별시,11,강남구,11680,서울특별시,11,강동구,11740,12,78,25,16,46,9,74,15,243,67,42
20230331,서울특별시,11,강남구,11680,서울특별시,11,송파구,11710,17,195,69,28,118,17,125,22,450,127,264
20230331,서울특별시,11,강남구,11680,서울특별시,11,강남구,11680,23,324,99,58,212,28,215,12,549,151,233
20230331,서울특별시,11,강남구,11680,서울특별시,11,서초구,11650,22,158,80,22,106,15,98,8,310,94,175
20230331,서울특별시,11,강남구,11680,서울특별시,11,관악구,11620,10,117,29,15,43,15,56,9,355,56,43
20230331,서울특별시,11,강남구,11680,서울특별시,11,동작구,11590,3,70,25,18,48,5,51,3,241,57,46
20230331,서울특별시,11,강남구,11680,서울특별시,11,영등포구,11560,13,99,38,27,66,17,73,7,229,73,37
20230331,서울특별시,11,강남구,11680,서울특별시,11,금천구,11545,0,55,18,16,44,6,35,12,190,67,21
20230331,서울특별시,11,강남구,11680,서울특별시,11,구로구,11530,9,75,23,25,46,4,65,10,226,48,37
20230331,서울특별시,11,강남구,11680,서울특별시,11,강서구,11500,15,134,33,43,79,18,100,14,355,79,65
20230331,서울특별시,11,강남구,11680,서울특별시,11,양천구,11470,12,77,24,17,49,9,46,4,243,51,42
20230331,서울특별시,11,강남구,11680,서울특별시,11,마포구,11440,16,107,35,27,60,10,76,3,270,69,47
20230331,서울특별시,11,강남구,11680,서울특별시,11,서대문구,11410,8,71,26,20,73,5,46,6,211,51,46
20230331,서울특별시,11,강남구,11680,서울특별시,11,은평구,11380,9,64,14,15,44,10,47,10,270,62,46
20230331,서울특별시,11,강남구,11680,서울특별시,11,노원구,11350,6,67,19,12,47,10,58,8,258,67,45
20230331,서울특별시,11,강남구,11680,서울특별시,11,도봉구,11320,3,47,12,10,30,5,38,3,176,36,20
20230331,서울특별시,11,강남구,11680,서울특별시,11,강북구,11305,0,60,17,8,30,4,51,0,157,53,24
20230331,서울특별시,11,강남구,11680,서울특별시,11,성북구,11290,8,76,21,19,55,3,64,13,315,75,50
20230331,서울특별시,11,용산구,11170,서울특별시,11,서초구,11650,4,47,13,274,27,7,22,4,96,21,9
20230331,서울특별시,11,용산구,11170,서울특별시,11,강남구,11680,17,79,20,402,48,0,24,5,138,35,17
20230331,서울특별시,11,용산구,11170,서울특별시,11,송파구,11710,0,71,12,261,36,8,20,5,118,33,17
20230331,서울특별시,11,용산구,11170,서울특별시,11,강동구,11740,5,42,14,155,26,3,11,5,79,22,3
20230331,서울특별시,11,동대문구,11230,서울특별시,11,종로구,11110,5,18,4,10,33,0,25,6,59,12,5
20230331,서울특별시,11,동대문구,11230,서울특별시,11,중구,11140,6,29,5,0,19,0,31,7,62,10,4
20230331,서울특별시,11,동대문구,11230,서울특별시,11,용산구,11170,4,25,17,10,13,0,25,8,76,21,6
20230331,서울특별시,11,동대문구,11230,서울특별시,11,성동구,11200,4,34,12,11,39,0,35,13,132,39,9
20230331,서울특별시,11,동대문구,11230,서울특별시,11,광진구,11215,5,31,9,8,22,0,26,15,124,32,15
20230331,서울특별시,11,동대문구,11230,서울특별시,11,동대문구,11230,5,31,10,7,31,3,44,21,127,19,16
20230331,서울특별시,11,동대문구,11230,서울특별시,11,중랑구,11260,0,31,6,7,25,0,35,25,105,14,14
20230331,서울특별시,11,동대문구,11230,서울특별시,11,성북구,11290,4,44,7,9,25,0,45,31,158,33,14
20230331,서울특별시,11,동대문구,11230,서울특별시,11,강북구,11305,3,27,4,6,22,0,34,23,74,7,8
20230331,서울특별시,11,동대문구,11230,서울특별시,11,도봉구,11320,0,27,0,0,22,3,31,10,61,14,6
20230331,서울특별시,11,동대문구,11230,서울특별시,11,노원구,11350,4,31,3,6,30,0,57,24,114,19,17
20230331,서울특별시,11,동대문구,11230,서울특별시,11,은평구,11380,3,33,4,5,32,0,53,17,104,15,12
20230331,서울특별시,11,강남구,11680,서울특별시,11,중랑구,11260,8,66,19,16,26,9,55,8,205,49,38
20230331,서울특별시,11,강남구,11680,서울특별시,11,동대문구,11230,5,79,22,12,38,11,49,6,247,52,53
20230331,서울특별시,11,강남구,11680,서울특별시,11,광진구,11215,14,78,23,28,34,8,64,11,253,52,53
20230331,서울특별시,11,강남구,11680,서울특별시,11,성동구,11200,8,108,48,19,48,10,72,4,295,94,44
20230331,서울특별시,11,강남구,11680,서울특별시,11,용산구,11170,10,57,29,47,38,5,48,8,188,40,48
20230331,서울특별시,11,강남구,11680,서울특별시,11,중구,11140,10,89,26,19,50,10,47,3,147,47,21
20230331,서울특별시,11,강남구,11680,서울특별시,11,종로구,11110,11,59,23,13,27,8,38,0,121,31,17
20230331,서울특별시,11,동대문구,11230,서울특별시,11,서대문구,11410,5,26,8,10,30,0,23,7,98,20,8
20230331,서울특별시,11,동대문구,11230,서울특별시,11,마포구,11440,5,35,8,7,60,7,33,15,139,26,22
20230331,서울특별시,11,동대문구,11230,서울특별시,11,양천구,11470,3,38,0,3,28,3,38,19,122,28,10
20230331,서울특별시,11,동대문구,11230,서울특별시,11,강서구,11500,4,56,9,14,45,4,49,28,184,22,17
20230331,서울특별시,11,동대문구,11230,서울특별시,11,구로구,11530,4,40,19,8,28,4,38,27,110,15,17
20230331,서울특별시,11,동대문구,11230,서울특별시,11,금천구,11545,0,17,5,6,17,5,36,10,85,18,10
20230331,서울특별시,11,동대문구,11230,서울특별시,11,영등포구,11560,0,42,8,14,42,4,44,18,130,15,12
20230331,서울특별시,11,동대문구,11230,서울특별시,11,동작구,11590,6,28,15,10,36,4,38,23,118,19,15
20230331,서울특별시,11,동대문구,11230,서울특별시,11,관악구,11620,12,39,19,5,27,6,59,20,175,34,22
20230331,서울특별시,11,동대문구,11230,서울특별시,11,서초구,11650,9,42,13,11,29,3,52,15,111,24,18
20230331,서울특별시,11,동대문구,11230,서울특별시,11,강남구,11680,10,80,12,14,71,6,65,19,166,29,18
20230331,서울특별시,11,동대문구,11230,서울특별시,11,송파구,11710,9,57,9,12,47,10,74,42,206,32,21
20230331,서울특별시,11,동대문구,11230,서울특별시,11,강동구,11740,6,43,3,3,38,3,41,32,135,22,10
20230331,서울특별시,11,성북구,11290,서울특별시,11,종로구,11110,0,23,13,4,13,0,11,7,108,34,5
20230331,서울특별시,11,성북구,11290,서울특별시,11,중구,11140,0,37,6,9,16,5,19,7,149,48,0
20230331,서울특별시,11,성북구,11290,서울특별시,11,용산구,11170,7,43,10,14,21,0,17,3,121,43,4
20230331,서울특별시,11,성북구,11290,서울특별시,11,성동구,11200,5,53,23,8,26,6,31,17,262,84,4
20230331,서울특별시,11,성북구,11290,서울특별시,11,광진구,11215,6,34,0,14,30,3,35,13,225,78,9
20230331,서울특별시,11,성북구,11290,서울특별시,11,동대문구,11230,9,36,9,10,33,4,23,17,246,54,4
20230331,서울특별시,11,성북구,11290,서울특별시,11,중랑구,11260,6,41,8,6,20,7,48,17,221,72,3
20230331,서울특별시,11,성북구,11290,서울특별시,11,성북구,11290,7,50,20,29,25,0,55,10,302,87,9
20230331,서울특별시,11,성북구,11290,서울특별시,11,강북구,11305,3,25,7,8,19,4,28,8,151,48,4
20230331,서울특별시,11,성북구,11290,서울특별시,11,도봉구,11320,3,22,9,18,14,0,28,4,149,53,0
20230331,서울특별시,11,성북구,11290,서울특별시,11,노원구,11350,10,36,7,13,18,0,31,20,273,79,5
20230331,서울특별시,11,성북구,11290,서울특별시,11,은평구,11380,8,34,5,20,20,10,32,13,232,105,7
20230331,서울특별시,11,성북구,11290,서울특별시,11,서대문구,11410,3,17,6,16,20,5,30,14,204,80,0
20230331,서울특별시,11,성북구,11290,서울특별시,11,마포구,11440,8,42,10,21,31,5,37,17,252,95,9
20230331,서울특별시,11,성북구,11290,서울특별시,11,양천구,11470,7,48,6,17,23,6,27,16,223,76,6
20230331,서울특별시,11,성북구,11290,서울특별시,11,강서구,11500,9,63,13,22,36,12,43,19,378,123,12
20230331,서울특별시,11,성북구,11290,서울특별시,11,구로구,11530,5,30,8,19,20,7,33,19,225,84,6
20230331,서울특별시,11,성북구,11290,서울특별시,11,금천구,11545,4,22,5,7,16,4,21,15,148,61,5
20230331,서울특별시,11,성북구,11290,서울특별시,11,영등포구,11560,5,48,10,15,23,3,30,10,243,88,4
20230331,서울특별시,11,성북구,11290,서울특별시,11,동작구,11590,6,34,11,15,21,6,26,20,221,75,6
20230331,서울특별시,11,성북구,11290,서울특별시,11,관악구,11620,8,59,11,17,26,5,55,18,323,120,16
20230331,서울특별시,11,성북구,11290,서울특별시,11,서초구,11650,6,44,10,15,27,6,34,10,246,74,9
20230331,서울특별시,11,성북구,11290,서울특별시,11,강남구,11680,9,109,15,23,39,8,85,15,404,139,14
20230331,서울특별시,11,성북구,11290,서울특별시,11,송파구,11710,9,70,16,22,40,8,60,23,395,125,11
20230331,서울특별시,11,성북구,11290,서울특별시,11,강동구,11740,3,44,7,15,21,9,48,16,240,78,5
20230331,서울특별시,11,관악구,11620,서울특별시,11,강동구,11740,4,14,11,6,19,0,12,0,28,17,4
20230331,서울특별시,11,관악구,11620,서울특별시,11,송파구,11710,0,19,21,12,60,0,15,0,44,18,10
20230331,서울특별시,11,관악구,11620,서울특별시,11,강남구,11680,4,53,26,12,38,0,16,3,39,26,19
20230331,서울특별시,11,관악구,11620,서울특별시,11,서초구,11650,3,14,25,7,21,5,16,0,27,20,7
20230331,서울특별시,11,관악구,11620,서울특별시,11,관악구,11620,4,50,37,15,29,0,43,0,46,9,122
20230331,서울특별시,11,관악구,11620,서울특별시,11,동작구,11590,0,22,28,7,28,0,11,0,30,18,96
20230331,서울특별시,11,관악구,11620,서울특별시,11,영등포구,11560,0,16,13,5,17,0,9,0,27,9,8
20230331,서울특별시,11,관악구,11620,서울특별시,11,금천구,11545,0,21,11,6,21,0,10,5,50,15,68
20230331,서울특별시,11,관악구,11620,서울특별시,11,구로구,11530,3,16,15,0,14,3,4,0,33,18,8
20230331,서울특별시,11,관악구,11620,서울특별시,11,강서구,11500,3,15,15,12,25,4,14,0,56,18,8
20230331,서울특별시,11,관악구,11620,서울특별시,11,양천구,11470,0,16,16,7,24,7,9,0,36,18,5
20230331,서울특별시,11,관악구,11620,서울특별시,11,마포구,11440,0,10,18,6,17,0,19,0,28,22,3
20230331,서울특별시,11,관악구,11620,서울특별시,11,서대문구,11410,0,9,14,3,15,0,8,3,17,8,4
20230331,서울특별시,11,관악구,11620,서울특별시,11,은평구,11380,0,16,11,5,20,0,12,0,39,17,9
20230331,서울특별시,11,관악구,11620,서울특별시,11,노원구,11350,0,10,11,6,25,3,14,0,30,19,7
20230331,서울특별시,11,관악구,11620,서울특별시,11,도봉구,11320,3,9,4,4,13,0,7,0,20,7,0
20230331,서울특별시,11,관악구,11620,서울특별시,11,강북구,11305,3,7,11,3,15,3,4,0,20,8,0
20230331,서울특별시,11,관악구,11620,서울특별시,11,성북구,11290,0,24,18,5,14,0,7,0,56,22,3
20230331,서울특별시,11,관악구,11620,서울특별시,11,중랑구,11260,0,15,8,4,13,0,0,0,34,12,7
20230331,서울특별시,11,관악구,11620,서울특별시,11,동대문구,11230,0,12,24,0,20,0,7,3,37,17,6
20230331,서울특별시,11,관악구,11620,서울특별시,11,광진구,11215,0,13,11,11,14,0,5,0,30,17,5
20230331,서울특별시,11,관악구,11620,서울특별시,11,성동구,11200,0,29,30,4,14,0,11,3,65,20,6
20230331,서울특별시,11,관악구,11620,서울특별시,11,용산구,11170,0,9,4,13,18,0,9,0,30,12,5
20230331,서울특별시,11,관악구,11620,서울특별시,11,중구,11140,10,18,8,0,9,0,6,0,29,12,0
20230331,서울특별시,11,관악구,11620,서울특별시,11,종로구,11110,0,0,20,3,17,0,11,0,22,9,4
20230331,서울특별시,11,금천구,11545,서울특별시,11,강동구,11740,10,22,4,36,51,21,27,9,118,56,68
20230331,서울특별시,11,금천구,11545,서울특별시,11,송파구,11710,20,48,17,68,85,41,44,27,202,109,100
20230331,서울특별시,11,금천구,11545,서울특별시,11,강남구,11680,22,64,15,64,121,63,58,19,227,93,161
20230331,서울특별시,11,금천구,11545,서울특별시,11,서초구,11650,16,44,14,62,60,34,37,16,157,70,87
20230331,서울특별시,11,금천구,11545,서울특별시,11,관악구,11620,10,37,4,60,42,17,35,14,140,55,68
20230331,서울특별시,11,금천구,11545,서울특별시,11,동작구,11590,11,26,13,42,23,12,20,7,115,52,66
20230331,서울특별시,11,금천구,11545,서울특별시,11,영등포구,11560,12,35,10,48,53,25,29,15,109,49,86
20230331,서울특별시,11,금천구,11545,서울특별시,11,금천구,11545,14,23,10,30,41,12,23,13,70,39,38
20230331,서울특별시,11,금천구,11545,서울특별시,11,구로구,11530,19,42,13,45,45,18,31,13,97,58,75
20230331,서울특별시,11,금천구,11545,서울특별시,11,강서구,11500,15,38,27,53,68,39,44,14,174,80,87
20230331,서울특별시,11,금천구,11545,서울특별시,11,양천구,11470,13,29,9,47,47,22,27,4,115,62,69
20230331,서울특별시,11,금천구,11545,서울특별시,11,마포구,11440,19,33,15,43,42,34,34,23,118,56,72
20230331,서울특별시,11,금천구,11545,서울특별시,11,서대문구,11410,13,25,8,30,42,10,27,11,103,46,68
20230331,서울특별시,11,금천구,11545,서울특별시,11,은평구,11380,9,25,11,60,35,12,39,14,110,62,72
20230331,서울특별시,11,금천구,11545,서울특별시,11,노원구,11350,10,31,8,23,51,28,35,14,118,63,78
20230331,서울특별시,11,금천구,11545,서울특별시,11,도봉구,11320,5,23,10,25,27,11,24,4,66,31,40
20230331,서울특별시,11,금천구,11545,서울특별시,11,강북구,11305,9,13,7,21,19,5,21,3,76,31,36
20230331,서울특별시,11,금천구,11545,서울특별시,11,성북구,11290,10,27,12,36,38,24,45,17,134,49,81
20230331,서울특별시,11,금천구,11545,서울특별시,11,중랑구,11260,7,24,8,28,38,19,23,12,84,33,60
20230331,서울특별시,11,금천구,11545,서울특별시,11,동대문구,11230,12,17,8,39,43,17,23,11,103,47,51
20230331,서울특별시,11,금천구,11545,서울특별시,11,광진구,11215,11,19,12,23,39,22,36,9,104,57,59
20230331,서울특별시,11,금천구,11545,서울특별시,11,성동구,11200,8,39,21,22,27,31,28,17,126,62,45
20230331,서울특별시,11,금천구,11545,서울특별시,11,용산구,11170,9,30,7,36,28,23,25,5,88,27,47
20230331,서울특별시,11,금천구,11545,서울특별시,11,중구,11140,9,41,10,23,31,17,24,5,65,31,40
20230331,서울특별시,11,금천구,11545,서울특별시,11,종로구,11110,7,28,10,20,20,12,26,3,64,17,29
20230331,서울특별시,11,동작구,11590,서울특별시,11,종로구,11110,3,9,14,0,14,3,11,0,32,3,5
20230331,서울특별시,11,동작구,11590,서울특별시,11,중구,11140,0,17,15,0,8,0,15,0,35,10,8
20230331,서울특별시,11,동작구,11590,서울특별시,11,용산구,11170,5,3,15,11,11,4,7,0,41,3,7
20230331,서울특별시,11,동작구,11590,서울특별시,11,성동구,11200,3,28,25,0,21,0,9,0,62,21,5
20230331,서울특별시,11,동작구,11590,서울특별시,11,광진구,11215,5,13,5,6,23,3,19,0,26,11,11
20230331,서울특별시,11,동작구,11590,서울특별시,11,동대문구,11230,4,11,20,3,18,0,22,0,45,5,13
20230331,서울특별시,11,동작구,11590,서울특별시,11,중랑구,11260,0,6,9,3,19,0,8,0,42,5,9
20230331,서울특별시,11,동작구,11590,서울특별시,11,성북구,11290,5,9,18,9,18,0,19,5,58,8,10
20230331,서울특별시,11,동작구,11590,서울특별시,11,강북구,11305,0,5,10,5,12,0,14,4,33,4,4
20230331,서울특별시,11,동작구,11590,서울특별시,11,도봉구,11320,0,7,9,5,14,0,16,3,24,6,7
20230331,서울특별시,11,동작구,11590,서울특별시,11,노원구,11350,0,9,11,6,32,4,20,4,35,10,12
20230331,서울특별시,11,동작구,11590,서울특별시,11,은평구,11380,0,8,14,3,20,3,16,4,29,10,8
20230331,서울특별시,11,동작구,11590,서울특별시,11,서대문구,11410,3,0,8,9,26,6,17,4,37,7,11
20230331,서울특별시,11,동작구,11590,서울특별시,11,마포구,11440,0,14,15,14,35,0,19,7,32,18,12
20230331,서울특별시,11,동작구,11590,서울특별시,11,양천구,11470,4,16,12,5,20,3,20,0,35,12,14
20230331,서울특별시,11,동작구,11590,서울특별시,11,강서구,11500,5,19,20,5,39,7,24,7,68,11,15
20230331,서울특별시,11,동작구,11590,서울특별시,11,구로구,11530,4,8,10,11,28,3,13,5,36,13,11
20230331,서울특별시,11,동작구,11590,서울특별시,11,금천구,11545,5,12,9,9,20,0,15,3,41,17,6
20230331,서울특별시,11,동작구,11590,서울특별시,11,영등포구,11560,0,20,26,13,43,5,23,4,38,10,15
20230331,서울특별시,11,동작구,11590,서울특별시,11,동작구,11590,0,9,26,4,23,5,37,4,44,14,12
20230331,서울특별시,11,동작구,11590,서울특별시,11,관악구,11620,4,23,25,6,30,8,18,0,43,9,10
20230331,서울특별시,11,동작구,11590,서울특별시,11,서초구,11650,5,19,26,9,33,4,26,7,50,15,20
20230331,서울특별시,11,동작구,11590,서울특별시,11,강남구,11680,9,36,37,13,34,5,31,6,58,13,31
20230331,서울특별시,11,동작구,11590,서울특별시,11,송파구,11710,5,19,27,14,36,0,20,4,62,18,25
20230331,서울특별시,11,동작구,11590,서울특별시,11,강동구,11740,8,14,11,11,19,7,16,8,33,13,10
20230331,서울특별시,11,중구,11140,서울특별시,11,종로구,11110,5,69,16,3,51,0,20,5,117,22,6
20230331,서울특별시,11,중구,11140,서울특별시,11,중구,11140,8,88,21,4,78,3,24,0,150,26,12
20230331,서울특별시,11,중구,11140,서울특별시,11,용산구,11170,6,72,12,10,60,4,22,5,170,30,14
20230331,서울특별시,11,중구,11140,서울특별시,11,성동구,11200,11,54,17,8,75,0,11,4,254,45,7
20230331,서울특별시,11,중구,11140,서울특별시,11,광진구,11215,6,43,10,0,29,7,22,4,223,44,8
20230331,서울특별시,11,중구,11140,서울특별시,11,동대문구,11230,6,45,11,6,33,5,8,0,206,36,11
20230331,서울특별시,11,서초구,11650,서울특별시,11,강동구,11740,5,50,23,12,45,3,38,6,45,18,20
20230331,서울특별시,11,서초구,11650,서울특별시,11,송파구,11710,22,92,45,24,82,10,73,3,93,34,25
20230331,서울특별시,11,서초구,11650,서울특별시,11,강남구,11680,38,171,71,34,127,8,132,10,126,36,55
20230331,서울특별시,11,서초구,11650,서울특별시,11,서초구,11650,40,149,51,35,126,7,310,8,111,34,36
20230331,서울특별시,11,서초구,11650,서울특별시,11,관악구,11620,9,61,21,9,74,0,47,0,56,28,23
20230331,서울특별시,11,서초구,11650,서울특별시,11,동작구,11590,12,41,24,15,53,7,62,5,36,14,11
20230331,서울특별시,11,서초구,11650,서울특별시,11,영등포구,11560,9,64,27,9,49,4,54,0,41,24,24
20230331,서울특별시,11,서초구,11650,서울특별시,11,금천구,11545,5,39,15,13,39,5,9,0,63,16,14
20230331,서울특별시,11,서초구,11650,서울특별시,11,구로구,11530,6,48,23,15,44,0,22,3,35,19,14
20230331,서울특별시,11,서초구,11650,서울특별시,11,강서구,11500,9,57,33,21,74,6,63,6,64,18,30
20230331,서울특별시,11,서초구,11650,서울특별시,11,양천구,11470,0,51,29,7,44,3,38,3,43,14,13
20230331,서울특별시,11,서초구,11650,서울특별시,11,마포구,11440,8,64,29,13,63,6,41,7,44,17,23
20230331,서울특별시,11,서초구,11650,서울특별시,11,서대문구,11410,12,41,17,9,42,0,32,3,46,15,13
20230331,서울특별시,11,서초구,11650,서울특별시,11,은평구,11380,3,43,22,8,75,4,32,4,36,11,20
20230331,서울특별시,11,서초구,11650,서울특별시,11,노원구,11350,6,35,18,5,54,3,35,3,36,8,19
20230331,서울특별시,11,서초구,11650,서울특별시,11,도봉구,11320,3,23,10,8,38,0,29,0,22,7,9
20230331,서울특별시,11,서초구,11650,서울특별시,11,강북구,11305,4,17,13,3,28,0,16,0,27,7,8
20230331,서울특별시,11,서초구,11650,서울특별시,11,성북구,11290,5,46,21,12,55,0,48,0,51,16,15
20230331,서울특별시,11,서초구,11650,서울특별시,11,중랑구,11260,3,27,15,6,33,0,23,0,31,16,12
20230331,서울특별시,11,서초구,11650,서울특별시,11,동대문구,11230,7,38,20,7,38,0,30,0,40,12,11
20230331,서울특별시,11,서초구,11650,서울특별시,11,광진구,11215,4,42,18,12,47,4,37,3,37,14,13
20230331,서울특별시,11,서초구,11650,서울특별시,11,성동구,11200,12,45,36,15,42,6,31,3,102,31,24
20230331,서울특별시,11,서초구,11650,서울특별시,11,용산구,11170,12,47,20,16,39,4,41,3,55,16,15
20230331,서울특별시,11,서초구,11650,서울특별시,11,중구,11140,0,44,20,13,41,0,27,3,47,16,12
20230331,서울특별시,11,서초구,11650,서울특별시,11,종로구,11110,3,22,17,6,23,0,25,0,27,9,9
20230331,서울특별시,11,중구,11140,서울특별시,11,중랑구,11260,7,24,9,3,28,8,21,4,153,27,7
20230331,서울특별시,11,중구,11140,서울특별시,11,성북구,11290,9,56,13,5,44,5,21,4,232,37,11
20230331,서울특별시,11,강북구,11305,서울특별시,11,양천구,11470,0,13,5,6,0,0,3,0,67,17,3
20230331,서울특별시,11,강북구,11305,서울특별시,11,강서구,11500,0,16,0,5,12,0,0,5,96,10,6
20230331,서울특별시,11,강북구,11305,서울특별시,11,구로구,11530,0,9,0,0,13,0,4,0,59,13,7
20230331,서울특별시,11,강북구,11305,서울특별시,11,금천구,11545,3,7,4,3,6,0,0,0,61,10,3
20230331,서울특별시,11,강북구,11305,서울특별시,11,영등포구,11560,0,9,0,0,5,0,3,0,44,9,6
20230331,서울특별시,11,강북구,11305,서울특별시,11,동작구,11590,0,4,0,0,7,0,3,0,65,11,4
20230331,서울특별시,11,강북구,11305,서울특별시,11,관악구,11620,3,13,5,3,13,3,4,0,82,11,7
20230331,서울특별시,11,강북구,11305,서울특별시,11,서초구,11650,0,10,7,3,11,0,3,0,55,7,5
20230331,서울특별시,11,강북구,11305,서울특별시,11,강남구,11680,0,23,10,9,20,3,12,0,68,12,8
20230331,서울특별시,11,강북구,11305,서울특별시,11,송파구,11710,0,16,4,10,11,0,8,6,78,13,11
20230331,서울특별시,11,강북구,11305,서울특별시,11,강동구,11740,0,28,0,5,7,0,4,0,59,11,4
20230331,서울특별시,11,강서구,11500,서울특별시,11,종로구,11110,10,41,3,17,26,12,27,8,86,53,33
20230331,서울특별시,11,강서구,11500,서울특별시,11,중구,11140,9,35,13,34,40,8,30,5,85,62,27
20230331,서울특별시,11,강서구,11500,서울특별시,11,용산구,11170,9,28,9,36,39,10,38,7,63,21,45
20230331,서울특별시,11,강서구,11500,서울특별시,11,성동구,11200,12,53,28,19,50,50,102,8,131,54,52
20230331,서울특별시,11,강서구,11500,서울특별시,11,광진구,11215,11,39,11,32,48,9,57,14,106,49,30
20230331,서울특별시,11,광진구,11215,서울특별시,11,강동구,11740,0,25,16,15,35,0,9,7,85,44,6
20230331,서울특별시,11,광진구,11215,서울특별시,11,송파구,11710,6,46,16,14,72,10,25,7,124,47,10
20230331,서울특별시,11,광진구,11215,서울특별시,11,강남구,11680,9,75,20,27,46,3,18,4,125,56,13
20230331,서울특별시,11,광진구,11215,서울특별시,11,서초구,11650,3,29,18,22,34,5,12,0,91,25,7
20230331,서울특별시,11,광진구,11215,서울특별시,11,관악구,11620,10,43,12,17,31,5,22,0,107,43,0
20230331,서울특별시,11,광진구,11215,서울특별시,11,동작구,11590,6,22,15,9,26,0,5,3,85,35,4
20230331,서울특별시,11,광진구,11215,서울특별시,11,영등포구,11560,6,37,8,12,24,3,15,3,75,26,0
20230331,서울특별시,11,광진구,11215,서울특별시,11,금천구,11545,8,20,6,15,15,0,5,3,67,29,0
20230331,서울특별시,11,광진구,11215,서울특별시,11,구로구,11530,7,33,12,14,34,3,13,3,81,23,3
20230331,서울특별시,11,광진구,11215,서울특별시,11,강서구,11500,9,40,19,17,54,4,22,4,131,60,9
20230331,서울특별시,11,광진구,11215,서울특별시,11,양천구,11470,4,26,11,9,23,0,7,0,73,47,5
20230331,서울특별시,11,광진구,11215,서울특별시,11,마포구,11440,8,22,12,15,23,3,7,7,94,41,0
20230331,서울특별시,11,광진구,11215,서울특별시,11,서대문구,11410,11,18,6,10,29,3,6,4,69,31,4
20230331,서울특별시,11,광진구,11215,서울특별시,11,은평구,11380,5,17,9,14,30,3,13,0,62,34,6
20230331,서울특별시,11,광진구,11215,서울특별시,11,노원구,11350,6,27,11,15,38,5,5,7,77,35,6
20230331,서울특별시,11,광진구,11215,서울특별시,11,도봉구,11320,4,13,5,8,18,0,13,0,59,19,0
20230331,서울특별시,11,광진구,11215,서울특별시,11,강북구,11305,3,18,0,5,24,0,4,0,45,25,4
20230331,서울특별시,11,광진구,11215,서울특별시,11,성북구,11290,6,36,16,14,33,5,12,8,123,33,3
20230331,서울특별시,11,광진구,11215,서울특별시,11,중랑구,11260,9,24,4,8,30,5,9,0,63,38,4
20230331,서울특별시,11,광진구,11215,서울특별시,11,동대문구,11230,6,28,12,8,19,4,10,0,85,25,7
20230331,서울특별시,11,광진구,11215,서울특별시,11,광진구,11215,4,29,15,18,32,3,29,0,81,36,7
20230331,서울특별시,11,광진구,11215,서울특별시,11,성동구,11200,9,37,25,16,24,0,8,5,99,43,4
20230331,서울특별시,11,광진구,11215,서울특별시,11,용산구,11170,5,19,6,15,17,0,7,0,48,23,3
20230331,서울특별시,11,광진구,11215,서울특별시,11,중구,11140,4,18,12,5,11,0,6,0,54,20,4
20230331,서울특별시,11,광진구,11215,서울특별시,11,종로구,11110,0,23,13,7,14,3,9,0,36,18,4
20230331,서울특별시,11,강서구,11500,서울특별시,11,도봉구,11320,5,20,6,19,25,12,39,3,68,28,40
20230331,서울특별시,11,강서구,11500,서울특별시,11,강북구,11305,4,21,11,21,40,3,42,6,62,40,21
20230331,서울특별시,11,강서구,11500,서울특별시,11,성북구,11290,6,67,22,28,44,14,65,13,170,57,39
20230331,서울특별시,11,강서구,11500,서울특별시,11,중랑구,11260,7,43,19,26,40,8,47,5,97,35,52
20230331,서울특별시,11,강서구,11500,서울특별시,11,동대문구,11230,4,41,18,24,48,16,54,8,88,56,31
20230331,서울특별시,11,강서구,11500,서울특별시,11,강동구,11740,14,33,21,35,47,13,68,17,87,42,97
20230331,서울특별시,11,강서구,11500,서울특별시,11,송파구,11710,19,68,27,61,104,26,114,32,161,71,81
20230331,서울특별시,11,강서구,11500,서울특별시,11,강남구,11680,11,101,44,76,121,23,115,22,137,73,141
20230331,서울특별시,11,강서구,11500,서울특별시,11,서초구,11650,13,60,27,36,85,12,67,18,122,42,77
20230331,서울특별시,11,중구,11140,서울특별시,11,강북구,11305,0,32,7,3,21,3,7,0,125,22,8
20230331,서울특별시,11,중구,11140,서울특별시,11,도봉구,11320,5,34,9,0,23,0,14,0,121,12,3
20230331,서울특별시,11,중구,11140,서울특별시,11,노원구,11350,7,40,9,0,45,8,24,5,221,32,12
20230331,서울특별시,11,중구,11140,서울특별시,11,은평구,11380,3,47,7,5,41,3,23,5,195,35,12
20230331,서울특별시,11,중구,11140,서울특별시,11,서대문구,11410,9,41,16,7,41,5,11,0,178,32,9
20230331,서울특별시,11,중구,11140,서울특별시,11,마포구,11440,10,77,21,12,111,5,28,0,297,54,6
20230331,서울특별시,11,중구,11140,서울특별시,11,양천구,11470,7,43,11,7,39,3,14,0,191,29,7
20230331,서울특별시,11,중구,11140,서울특별시,11,강서구,11500,10,51,22,8,76,0,29,3,298,59,14
20230331,서울특별시,11,중구,11140,서울특별시,11,구로구,11530,7,32,14,0,59,4,13,0,155,31,11
20230331,서울특별시,11,중구,11140,서울특별시,11,금천구,11545,8,36,10,3,67,0,9,4,117,30,6
20230331,서울특별시,11,중구,11140,서울특별시,11,영등포구,11560,8,67,30,29,85,5,21,4,233,31,11
20230331,서울특별시,11,중구,11140,서울특별시,11,동작구,11590,3,41,15,6,44,3,13,3,210,40,7
20230331,서울특별시,11,중구,11140,서울특별시,11,관악구,11620,5,50,13,11,34,3,14,0,246,39,6
20230331,서울특별시,11,중구,11140,서울특별시,11,서초구,11650,12,66,26,12,102,0,30,4,276,59,13
20230331,서울특별시,11,중구,11140,서울특별시,11,강남구,11680,22,103,47,17,218,7,33,6,367,62,23
20230331,서울특별시,11,중구,11140,서울특별시,11,송파구,11710,14,73,36,13,88,6,35,7,354,55,23
20230331,서울특별시,11,중구,11140,서울특별시,11,강동구,11740,11,40,8,6,42,4,15,5,204,39,12
20230331,서울특별시,11,서대문구,11410,서울특별시,11,종로구,11110,0,7,7,14,10,6,6,0,27,20,3
20230331,서울특별시,11,강서구,11500,서울특별시,11,관악구,11620,11,47,30,44,59,10,80,19,114,44,81
20230331,서울특별시,11,강서구,11500,서울특별시,11,동작구,11590,4,31,17,32,38,12,69,12,109,38,52
20230331,서울특별시,11,강서구,11500,서울특별시,11,영등포구,11560,14,60,24,37,64,14,72,21,90,41,66
20230331,서울특별시,11,강서구,11500,서울특별시,11,금천구,11545,9,37,22,23,33,12,21,5,88,41,20
20230331,서울특별시,11,강서구,11500,서울특별시,11,구로구,11530,7,37,31,43,40,19,43,15,102,29,42
20230331,서울특별시,11,강서구,11500,서울특별시,11,강서구,11500,14,80,55,56,106,17,112,30,185,67,83
20230331,서울특별시,11,강서구,11500,서울특별시,11,양천구,11470,12,50,23,37,55,17,68,10,99,33,63
20230331,서울특별시,11,강서구,11500,서울특별시,11,마포구,11440,14,48,29,41,58,16,70,13,126,131,63
20230331,서울특별시,11,강서구,11500,서울특별시,11,서대문구,11410,6,32,17,30,40,7,53,12,98,45,39
20230331,서울특별시,11,강서구,11500,서울특별시,11,은평구,11380,6,27,15,32,52,12,53,15,109,37,53
20230331,서울특별시,11,강서구,11500,서울특별시,11,노원구,11350,5,47,26,25,60,16,50,12,101,33,63
20230331,서울특별시,11,서대문구,11410,서울특별시,11,중구,11140,0,12,5,15,11,4,3,0,52,15,6
20230331,서울특별시,11,서대문구,11410,서울특별시,11,용산구,11170,4,15,4,16,12,10,5,3,25,10,7
20230331,서울특별시,11,서대문구,11410,서울특별시,11,성동구,11200,0,21,17,18,22,9,11,3,69,27,9
20230331,서울특별시,11,서대문구,11410,서울특별시,11,광진구,11215,3,16,0,19,23,9,0,6,49,16,23
20230331,서울특별시,11,서대문구,11410,서울특별시,11,동대문구,11230,0,20,6,13,14,3,5,4,58,17,14
20230331,서울특별시,11,서대문구,11410,서울특별시,11,중랑구,11260,0,15,0,8,17,8,0,6,39,12,19
20230331,서울특별시,11,서대문구,11410,서울특별시,11,성북구,11290,0,25,6,13,25,10,12,8,68,28,14
20230331,서울특별시,11,서대문구,11410,서울특별시,11,강북구,11305,0,6,0,17,14,4,3,10,22,19,7
20230331,서울특별시,11,서대문구,11410,서울특별시,11,도봉구,11320,0,10,3,13,14,3,4,6,40,13,11
20230331,서울특별시,11,서대문구,11410,서울특별시,11,노원구,11350,0,11,10,16,32,8,12,9,37,21,12
20230331,서울특별시,11,서대문구,11410,서울특별시,11,은평구,11380,0,15,8,11,21,8,4,9,52,17,16
20230331,서울특별시,11,서대문구,11410,서울특별시,11,서대문구,11410,0,10,10,12,25,5,20,4,48,17,63
20230331,서울특별시,11,서대문구,11410,서울특별시,11,마포구,11440,0,27,13,23,29,10,7,6,75,26,16
20230331,서울특별시,11,영등포구,11560,서울특별시,11,강동구,11740,3,44,21,22,18,4,10,9,39,138,22
20230331,서울특별시,11,영등포구,11560,서울특별시,11,송파구,11710,8,85,38,30,40,9,33,5,92,186,35
20230331,서울특별시,11,영등포구,11560,서울특별시,11,강남구,11680,13,107,25,33,48,5,56,0,88,200,34
20230331,서울특별시,11,영등포구,11560,서울특별시,11,서초구,11650,8,80,23,22,29,3,56,6,58,133,25
20230331,서울특별시,11,영등포구,11560,서울특별시,11,관악구,11620,4,47,20,17,22,0,20,4,58,218,34
20230331,서울특별시,11,영등포구,11560,서울특별시,11,동작구,11590,5,35,26,10,25,3,6,3,55,158,16
20230331,서울특별시,11,영등포구,11560,서울특별시,11,영등포구,11560,5,79,275,19,23,5,49,7,47,156,21
20230331,서울특별시,11,영등포구,11560,서울특별시,11,금천구,11545,5,40,12,18,19,4,11,3,65,105,20
20230331,서울특별시,11,영등포구,11560,서울특별시,11,구로구,11530,6,32,24,20,31,5,24,8,43,130,18
20230331,서울특별시,11,영등포구,11560,서울특별시,11,강서구,11500,9,67,35,30,33,7,29,10,77,220,27
20230331,서울특별시,11,영등포구,11560,서울특별시,11,양천구,11470,6,35,28,7,27,3,22,10,32,134,19
20230331,서울특별시,11,영등포구,11560,서울특별시,11,마포구,11440,10,58,38,22,46,3,55,7,61,217,28
20230331,서울특별시,11,영등포구,11560,서울특별시,11,서대문구,11410,4,33,24,15,21,4,34,4,47,131,19
20230331,서울특별시,11,영등포구,11560,서울특별시,11,은평구,11380,7,43,29,10,36,0,27,7,41,162,14
20230331,서울특별시,11,영등포구,11560,서울특별시,11,노원구,11350,7,40,15,14,37,7,27,4,36,124,18
20230331,서울특별시,11,영등포구,11560,서울특별시,11,도봉구,11320,3,29,5,10,12,0,11,6,30,90,25
20230331,서울특별시,11,영등포구,11560,서울특별시,11,강북구,11305,3,33,8,11,11,0,7,0,22,90,8
20230331,서울특별시,11,영등포구,11560,서울특별시,11,성북구,11290,3,60,12,11,36,6,13,4,65,138,27
20230331,서울특별시,11,영등포구,11560,서울특별시,11,중랑구,11260,3,56,7,7,20,3,28,3,33,92,19
20230331,서울특별시,11,영등포구,11560,서울특별시,11,동대문구,11230,0,61,20,20,27,0,16,5,56,131,21
20230331,서울특별시,11,영등포구,11560,서울특별시,11,광진구,11215,5,40,24,14,31,0,29,6,36,138,15
20230331,서울특별시,11,영등포구,11560,서울특별시,11,성동구,11200,0,53,27,14,42,6,35,4,94,102,19
20230331,서울특별시,11,영등포구,11560,서울특별시,11,용산구,11170,0,37,13,20,37,0,45,3,33,83,19
20230331,서울특별시,11,영등포구,11560,서울특별시,11,중구,11140,5,50,26,11,23,11,45,0,52,57,22
20230331,서울특별시,11,영등포구,11560,서울특별시,11,종로구,11110,0,32,12,12,25,0,26,4,34,73,15
20230331,서울특별시,11,도봉구,11320,서울특별시,11,강동구,11740,0,17,5,16,24,5,12,3,67,23,4
20230331,서울특별시,11,도봉구,11320,서울특별시,11,송파구,11710,6,23,5,26,27,4,15,0,73,26,5
20230331,서울특별시,11,도봉구,11320,서울특별시,11,강남구,11680,5,22,7,19,44,11,19,0,70,29,18
20230331,서울특별시,11,도봉구,11320,서울특별시,11,서초구,11650,4,12,0,17,30,8,19,0,45,21,0
20230331,서울특별시,11,도봉구,11320,서울특별시,11,관악구,11620,6,11,0,31,29,7,7,3,74,15,0
20230331,서울특별시,11,도봉구,11320,서울특별시,11,동작구,11590,0,6,0,13,15,7,8,0,67,11,3
20230331,서울특별시,11,도봉구,11320,서울특별시,11,영등포구,11560,3,7,0,26,20,0,15,0,53,13,0
20230331,서울특별시,11,도봉구,11320,서울특별시,11,금천구,11545,0,9,3,10,10,0,4,0,39,17,0
20230331,서울특별시,11,도봉구,11320,서울특별시,11,구로구,11530,5,12,5,22,16,4,9,6,66,19,4
20230331,서울특별시,11,도봉구,11320,서울특별시,11,강서구,11500,7,16,7,25,24,8,21,3,86,14,6
20230331,서울특별시,11,도봉구,11320,서울특별시,11,양천구,11470,0,9,6,16,19,3,10,0,59,16,0
20230331,서울특별시,11,도봉구,11320,서울특별시,11,마포구,11440,0,9,4,22,23,3,12,0,57,10,4
20230331,서울특별시,11,도봉구,11320,서울특별시,11,서대문구,11410,0,5,3,12,18,6,4,0,55,6,0
20230331,서울특별시,11,도봉구,11320,서울특별시,11,은평구,11380,0,11,3,16,19,7,15,0,54,12,0
20230331,서울특별시,11,도봉구,11320,서울특별시,11,노원구,11350,11,9,7,19,23,5,17,0,72,17,5
20230331,서울특별시,11,도봉구,11320,서울특별시,11,도봉구,11320,8,9,22,11,7,0,19,3,46,11,0
20230331,서울특별시,11,도봉구,11320,서울특별시,11,강북구,11305,0,10,0,9,12,3,3,0,41,9,3
20230331,서울특별시,11,도봉구,11320,서울특별시,11,성북구,11290,0,12,0,22,22,3,8,0,83,9,0
20230331,서울특별시,11,도봉구,11320,서울특별시,11,중랑구,11260,6,11,3,14,11,4,10,0,58,13,0
20230331,서울특별시,11,도봉구,11320,서울특별시,11,동대문구,11230,5,10,3,13,18,0,10,3,64,12,0
20230331,서울특별시,11,도봉구,11320,서울특별시,11,광진구,11215,7,6,0,16,7,5,6,0,48,10,0
20230331,서울특별시,11,도봉구,11320,서울특별시,11,성동구,11200,0,14,10,9,12,0,8,0,60,7,4
20230331,서울특별시,11,도봉구,11320,서울특별시,11,용산구,11170,4,0,0,9,19,4,13,0,30,5,0
20230331,서울특별시,11,도봉구,11320,서울특별시,11,중구,11140,4,7,3,9,13,0,8,0,32,5,3
20230331,서울특별시,11,도봉구,11320,서울특별시,11,종로구,11110,0,8,0,12,6,0,8,3,28,0,0
20230331,서울특별시,11,송파구,11710,서울특별시,11,종로구,11110,6,26,12,12,10,5,15,0,37,20,9
20230331,서울특별시,11,송파구,11710,서울특별시,11,중구,11140,4,38,6,0,20,4,11,0,63,17,8
20230331,서울특별시,11,송파구,11710,서울특별시,11,용산구,11170,7,23,9,20,12,11,13,4,43,25,7
20230331,서울특별시,11,송파구,11710,서울특별시,11,성동구,11200,6,45,37,8,18,8,15,4,117,49,11
20230331,서울특별시,11,송파구,11710,서울특별시,11,광진구,11215,4,37,12,12,32,9,19,0,67,27,16
20230331,서울특별시,11,송파구,11710,서울특별시,11,동대문구,11230,0,38,11,6,25,0,43,4,87,23,13
20230331,서울특별시,11,송파구,11710,서울특별시,11,중랑구,11260,5,32,10,12,21,4,23,0,63,25,12
20230331,서울특별시,11,송파구,11710,서울특별시,11,성북구,11290,0,42,9,10,34,7,31,5,116,35,18
20230331,서울특별시,11,송파구,11710,서울특별시,11,강북구,11305,0,18,6,8,27,5,28,0,45,12,10
20230331,서울특별시,11,송파구,11710,서울특별시,11,도봉구,11320,5,21,7,5,10,5,14,4,39,13,6
20230331,서울특별시,11,송파구,11710,서울특별시,11,노원구,11350,4,41,20,11,20,7,33,7,70,23,15
20230331,서울특별시,11,송파구,11710,서울특별시,11,은평구,11380,4,25,5,9,26,7,24,3,72,23,12
20230331,서울특별시,11,송파구,11710,서울특별시,11,서대문구,11410,6,22,7,9,23,8,25,4,59,27,10
20230331,서울특별시,11,송파구,11710,서울특별시,11,마포구,11440,7,32,16,12,49,14,17,4,95,40,13
20230331,서울특별시,11,송파구,11710,서울특별시,11,양천구,11470,0,29,14,12,21,12,32,4,69,28,10
20230331,서울특별시,11,송파구,11710,서울특별시,11,강서구,11500,7,35,21,16,39,18,36,9,133,34,13
20230331,서울특별시,11,송파구,11710,서울특별시,11,구로구,11530,3,31,9,22,30,4,26,10,90,22,13
20230331,서울특별시,11,송파구,11710,서울특별시,11,금천구,11545,0,29,11,15,13,4,22,4,80,28,15
20230331,서울특별시,11,송파구,11710,서울특별시,11,영등포구,11560,3,38,24,13,34,11,25,0,80,25,14
20230331,서울특별시,11,송파구,11710,서울특별시,11,동작구,11590,0,36,9,7,19,8,23,0,74,24,10
20230331,서울특별시,11,송파구,11710,서울특별시,11,관악구,11620,7,34,13,16,41,18,41,3,98,21,12
20230331,서울특별시,11,송파구,11710,서울특별시,11,서초구,11650,7,41,27,10,35,13,22,0,81,29,15
20230331,서울특별시,11,송파구,11710,서울특별시,11,강남구,11680,9,83,40,26,58,16,57,3,174,52,32
20230331,서울특별시,11,송파구,11710,서울특별시,11,송파구,11710,5,82,40,25,66,11,86,7,151,43,34
20230331,서울특별시,11,송파구,11710,서울특별시,11,강동구,11740,3,38,18,15,22,11,41,3,97,32,14
20230331,서울특별시,11,성동구,11200,서울특별시,11,종로구,11110,8,31,9,12,17,4,14,6,67,31,50
20230331,서울특별시,11,성동구,11200,서울특별시,11,중구,11140,4,62,13,7,37,0,30,3,111,43,65
20230331,서울특별시,11,성동구,11200,서울특별시,11,용산구,11170,6,50,5,19,18,7,22,3,110,41,19
20230331,서울특별시,11,성동구,11200,서울특별시,11,성동구,11200,10,136,37,13,47,0,30,7,206,76,30
20230331,서울특별시,11,성동구,11200,서울특별시,11,광진구,11215,12,46,16,15,31,3,38,0,157,57,16
20230331,서울특별시,11,성동구,11200,서울특별시,11,동대문구,11230,8,55,12,13,34,4,11,5,144,36,124
20230331,서울특별시,11,성동구,11200,서울특별시,11,중랑구,11260,4,34,12,11,23,4,14,0,129,30,17
20230331,서울특별시,11,성동구,11200,서울특별시,11,성북구,11290,9,50,12,20,32,0,36,3,167,50,121
20230331,서울특별시,11,성동구,11200,서울특별시,11,강북구,11305,5,30,6,11,17,4,16,0,87,28,9
20230331,서울특별시,11,성동구,11200,서울특별시,11,도봉구,11320,16,22,9,14,19,0,13,3,89,19,7
20230331,서울특별시,11,성동구,11200,서울특별시,11,노원구,11350,9,37,6,18,30,5,29,0,110,45,28
20230331,서울특별시,11,성동구,11200,서울특별시,11,은평구,11380,6,42,12,15,23,11,24,7,125,51,20
20230331,서울특별시,11,노원구,11350,서울특별시,11,서초구,11650,0,22,6,8,34,0,27,4,24,6,8
20230331,서울특별시,11,노원구,11350,서울특별시,11,관악구,11620,6,9,0,18,36,3,16,0,29,17,12
20230331,서울특별시,11,노원구,11350,서울특별시,11,동작구,11590,3,4,6,13,26,0,16,4,31,4,4
20230331,서울특별시,11,노원구,11350,서울특별시,11,영등포구,11560,0,13,6,17,22,3,13,5,36,11,3
20230331,서울특별시,11,노원구,11350,서울특별시,11,금천구,11545,0,11,4,11,18,0,13,4,53,18,7
20230331,서울특별시,11,노원구,11350,서울특별시,11,구로구,11530,3,6,8,21,26,4,20,3,24,13,6
20230331,서울특별시,11,노원구,11350,서울특별시,11,강서구,11500,4,15,4,16,36,5,34,6,59,13,14
20230331,서울특별시,11,노원구,11350,서울특별시,11,양천구,11470,0,13,4,9,15,0,12,4,26,17,6
20230331,서울특별시,11,노원구,11350,서울특별시,11,마포구,11440,4,14,0,10,21,4,16,3,39,6,6
20230331,서울특별시,11,노원구,11350,서울특별시,11,서대문구,11410,0,6,8,11,19,0,14,0,18,8,4
20230331,서울특별시,11,노원구,11350,서울특별시,11,은평구,11380,4,7,3,14,17,0,35,3,26,9,4
20230331,서울특별시,11,노원구,11350,서울특별시,11,노원구,11350,6,35,10,11,23,5,37,3,52,11,6
20230331,서울특별시,11,노원구,11350,서울특별시,11,도봉구,11320,0,7,0,8,21,0,13,0,23,10,5
20230331,서울특별시,11,노원구,11350,서울특별시,11,강북구,11305,0,5,6,6,12,3,14,3,25,4,7
20230331,서울특별시,11,노원구,11350,서울특별시,11,성북구,11290,4,27,9,9,18,8,21,4,71,13,5
20230331,서울특별시,11,노원구,11350,서울특별시,11,중랑구,11260,4,14,7,10,19,6,16,5,36,18,7
20230331,서울특별시,11,노원구,11350,서울특별시,11,동대문구,11230,5,15,4,11,14,0,16,4,34,10,3
20230331,서울특별시,11,노원구,11350,서울특별시,11,광진구,11215,0,17,5,10,17,3,10,0,28,6,5
20230331,서울특별시,11,노원구,11350,서울특별시,11,성동구,11200,0,18,13,8,23,0,21,5,50,13,5
20230331,서울특별시,11,노원구,11350,서울특별시,11,용산구,11170,3,10,5,8,9,4,6,3,21,7,4
20230331,서울특별시,11,노원구,11350,서울특별시,11,중구,11140,0,12,4,5,9,3,13,0,34,8,6
20230331,서울특별시,11,노원구,11350,서울특별시,11,종로구,11110,0,4,4,8,10,0,10,0,17,4,0
20230331,서울특별시,11,서대문구,11410,서울특별시,11,양천구,11470,0,14,9,18,24,11,3,6,42,16,13
20230331,서울특별시,11,서대문구,11410,서울특별시,11,강서구,11500,0,22,8,26,49,4,11,14,69,27,30
20230331,서울특별시,11,서대문구,11410,서울특별시,11,구로구,11530,0,14,8,15,36,3,5,12,44,19,17
20230331,서울특별시,11,성동구,11200,서울특별시,11,서대문구,11410,11,29,10,12,27,0,19,4,115,47,20
20230331,서울특별시,11,성동구,11200,서울특별시,11,마포구,11440,10,88,28,24,34,6,39,5,183,49,13
20230331,서울특별시,11,성동구,11200,서울특별시,11,양천구,11470,12,56,22,10,20,4,19,6,137,56,13
20230331,서울특별시,11,성동구,11200,서울특별시,11,강서구,11500,13,82,48,32,39,6,42,8,215,65,33
20230331,서울특별시,11,성동구,11200,서울특별시,11,구로구,11530,10,44,12,21,30,5,25,0,121,39,24
20230331,서울특별시,11,성동구,11200,서울특별시,11,금천구,11545,3,43,8,34,29,3,16,0,82,25,8
20230331,서울특별시,11,성동구,11200,서울특별시,11,영등포구,11560,9,57,21,20,41,4,21,5,140,52,25
20230331,서울특별시,11,성동구,11200,서울특별시,11,동작구,11590,4,43,12,15,43,3,26,5,135,38,14
20230331,서울특별시,11,성동구,11200,서울특별시,11,관악구,11620,12,49,8,22,25,6,34,4,207,65,17
20230331,서울특별시,11,성동구,11200,서울특별시,11,서초구,11650,13,59,21,26,41,6,32,3,212,76,33
20230331,서울특별시,11,성동구,11200,서울특별시,11,강남구,11680,25,128,39,37,122,10,71,15,322,120,49
20230331,서울특별시,11,성동구,11200,서울특별시,11,송파구,11710,17,85,27,28,41,10,51,13,303,89,34
20230331,서울특별시,11,성동구,11200,서울특별시,11,강동구,11740,7,38,20,35,27,0,38,11,121,59,18
20230331,서울특별시,11,노원구,11350,서울특별시,11,강남구,11680,0,57,13,21,49,8,37,3,47,19,10
20230331,서울특별시,11,노원구,11350,서울특별시,11,송파구,11710,8,18,12,21,31,7,26,6,55,16,18
20230331,서울특별시,11,노원구,11350,서울특별시,11,강동구,11740,3,7,3,14,24,3,15,6,39,18,3
20230331,서울특별시,11,강동구,11740,서울특별시,11,서초구,11650,11,31,9,13,36,3,42,0,35,19,10
20230331,서울특별시,11,강동구,11740,서울특별시,11,관악구,11620,6,11,4,11,34,0,40,0,36,17,11
20230331,서울특별시,11,강동구,11740,서울특별시,11,동작구,11590,17,18,4,8,13,0,24,0,15,8,7
20230331,서울특별시,11,강동구,11740,서울특별시,11,영등포구,11560,4,31,4,5,27,7,33,3,14,15,10
20230331,서울특별시,11,강동구,11740,서울특별시,11,금천구,11545,5,16,0,10,21,8,22,0,34,17,7
20230331,서울특별시,11,강동구,11740,서울특별시,11,구로구,11530,4,15,5,6,19,0,31,0,15,16,10
20230331,서울특별시,11,강동구,11740,서울특별시,11,강서구,11500,13,39,5,7,34,10,53,0,42,19,10
20230331,서울특별시,11,강동구,11740,서울특별시,11,양천구,11470,6,33,7,14,14,4,26,3,26,10,8
20230331,서울특별시,11,강동구,11740,서울특별시,11,마포구,11440,8,37,11,15,19,5,42,0,23,14,12
20230331,서울특별시,11,강동구,11740,서울특별시,11,서대문구,11410,7,16,0,6,22,0,29,0,15,8,9
20230331,서울특별시,11,강동구,11740,서울특별시,11,은평구,11380,11,14,4,5,15,5,36,0,13,10,10
20230331,서울특별시,11,강동구,11740,서울특별시,11,노원구,11350,8,27,7,9,25,4,18,0,24,16,7
